"studyYear","studyDbId","studyName","studyDesign","locationDbId","locationName","germplasmDbId","germplasmName","germplasmSynonyms","observationLevel","observationUnitDbId","observationUnitName","replicate","blockNumber","plotNumber","Number of plants planted per NET plot|CO_331:0000678","Number of plants established per NET plot|CO_331:0000192","Virus symptoms estimating 1-9|month 1|after planting|COMP:0000023","Virus symptoms estimating 1-9|month 1|before harvest|COMP:0000024","Vine vigor estimating 1-9|CO_331:0000197","Alternaria symptoms estimating 1-9|month 1|before harvest|COMP:0000022","Alternaria symptoms estimating 1-9|month 1|after planting|COMP:0000026","Number of plants harvested per NET plot|CO_331:0000679","Number of commercial storage roots per NET plot|CO_331:0000214","Number of non-commercial storage roots per NET plot|CO_331:0000217","Weight of commercial storage roots per NET plot in kg|CO_331:0000220","Weight of non-commercial storage roots per NET plot in kg|CO_331:0000223","Weight of vines per NET plot in kg|CO_331:0000227","Storage root skin predominant color estimating 1-9 CIP|CO_331:0000175","Reaction to sweet potato weevil estimating 1-9|CO_331:0000207","Sprouting ability estimating 1-9|CO_331:0000277","Storage root appearance estimating 1-9 CIP|CO_331:0000202","Storage root size estimating 1-9|CO_331:0000184","Content of beta-carotene in fresh weight basis in raw storage roots estimating from RHS color chart in mg per 100g|CO_331:0001023","Total storage root weight per NET plot in kg|CO_331:0000237","Biomass yield in kg per plot|CO_331:0000683","Number of storage roots after harvest per NET plot|CO_331:0000233","Average commercial storage root weight computation kg|CO_331:0000680","Average non-commercial storage root weight computation kg|CO_331:0002039","Average total storage root weight computation kg|CO_331:0002040","Number of storage roots-after harvest per plant harvested|CO_331:0000230","Number of storage roots-after harvest per plant planted|CO_331:0000994","Number of commercial storage roots per plant harvested|CO_331:2000036","Number of commercial storage roots per plant planted|CO_331:0000993","Storage roots yield in kg per plant harvested|CO_331:0000681","Storage roots yield in kg per plant planted|CO_331:0000989","Vine weight in kg per plant harvested|CO_331:0000990","Vine weight in kg per plant planted|CO_331:0000991","Percentage of commercial storage root|CO_331:0000682","Harvest index computing percent|CO_331:0000302","Survival index computing percent|CO_331:0000301","Commercial storage root yield tons per ha|CO_331:0000809","Total storage roots yield computation tons per ha|CO_331:0000296","Total foliage yield in tons per ha|CO_331:0000684","Biomass yield in tons per ha|CO_331:0001003","Commercial storage root yield adjusted tons per ha|CO_331:0000998","Total storage roots yield adjusted tons per ha|CO_331:0000999","Total foliage yield adjusted in tons per ha|CO_331:0001002","Biomass yield adjusted in tons per ha|CO_331:0001004"
"","","UGP2014NAM-OT03","","","","","","","","","UGP2014NAM-OT03-00001","","","","3","3","1","2","8","1","4","1","1","2","0.6","0.01","10","8","1","1","5","3","0","0.61","10.61","3","0.6","0.005","0.203333333","3","1","1","0.333333333","0.61","0.203333333","10","3.333333333","33.33333333","5.74929312","33.33333333","6.666666667","6.777777778","111.1111111","117.8888889","20","20.33333333","333.3333333","353.6666667"
"","","UGP2014NAM-OT03","","","","","","","","","UGP2014NAM-OT03-00002","","","","3","2","1","3","7","1","2","2","11","15","1","0.28","1","8","1","1","3","7","14.37","1.28","2.28","26","0.090909091","0.018666667","0.049230769","13","8.666666667","5.5","3.666666667","0.64","0.426666667","0.5","0.333333333","42.30769231","56.14035088","66.66666667","11.11111111","14.22222222","11.11111111","25.33333333","16.66666667","21.33333333","16.66666667","38"
"","","UGP2014NAM-OT03","","","","","","","","","UGP2014NAM-OT03-00003","","","","3","3","1","2","9","1","2","3","5","0","2","0","7.5","2","1","1","1","5","0.12","2","9.5","5","0.4","","0.4","1.666666667","1.666666667","1.666666667","1.666666667","0.666666667","0.666666667","2.5","2.5","100","21.05263158","100","22.22222222","22.22222222","83.33333333","105.5555556","22.22222222","22.22222222","83.33333333","105.5555556"
"","","UGP2014NAM-OT03","","","","","","","","","UGP2014NAM-OT03-00004","","","","3","3","2","3","6","2","5","3","0","3","0","0.08","2.5","2","1","1","3","9","0.15","0.08","2.58","3","","0.026666667","0.026666667","1","1","0","0","0.026666667","0.026666667","0.833333333","0.833333333","0","3.100775194","100","0","0.888888889","27.77777778","28.66666667","0","0.888888889","27.77777778","28.66666667"
"","","UGP2014NAM-OT03","","","","","","","","","UGP2014NAM-OT03-00005","","","","3","3","2","2","6","2","5","3","1","1","","0.08","5","2","1","1","3","9","0","","","2","","0.08","","0.666666667","0.666666667","0.333333333","0.333333333","","","1.666666667","1.666666667","50","","100","","","55.55555556","","","","55.55555556",""
"","","UGP2014NAM-OT03","","","","","","","","","UGP2014NAM-OT03-00006","","","","3","3","2","3","5","2","4","2","4","3","0.32","0.08","1.5","8","1","1","9","7","0.15","0.4","1.9","7","0.08","0.026666667","0.057142857","3.5","2.333333333","2","1.333333333","0.2","0.133333333","0.75","0.5","57.14285714","21.05263158","66.66666667","3.555555556","4.444444444","16.66666667","21.11111111","5.333333333","6.666666667","25","31.66666667"
"","","UGP2014NAM-OT03","","","","","","","","","UGP2014NAM-OT03-00007","","","","3","3","3","6","8","1","3","2","0","2","0","0.04","5","2","1","1","9","9","0","0.04","5.04","2","","0.02","0.02","1","0.666666667","0","0","0.02","0.013333333","2.5","1.666666667","0","0.793650794","66.66666667","0","0.444444444","55.55555556","56","0","0.666666667","83.33333333","84"
"","","UGP2014NAM-OT03","","","","","","","","","UGP2014NAM-OT03-00008","","","","3","3","2","3","6","1","2","2","0","5","0","0.1","1","2","1","1","8","9","0","0.1","1.1","5","","0.02","0.02","2.5","1.666666667","0","0","0.05","0.033333333","0.5","0.333333333","0","9.090909091","66.66666667","0","1.111111111","11.11111111","12.22222222","0","1.666666667","16.66666667","18.33333333"
"","","UGP2014NAM-OT03","","","","","","","","","UGP2014NAM-OT03-00009","","","","3","3","2","5","5","3","6","3","2","3","0.16","0.08","1","2","1","1","3","7","1.38","0.24","1.24","5","0.08","0.026666667","0.048","1.666666667","1.666666667","0.666666667","0.666666667","0.08","0.08","0.333333333","0.333333333","40","19.35483871","100","1.777777778","2.666666667","11.11111111","13.77777778","1.777777778","2.666666667","11.11111111","13.77777778"
"","","UGP2014NAM-OT03","","","","","","","","","UGP2014NAM-OT03-00010","","","","3","3","1","2","5","1","3","3","0","1","0","0.02","4.5","8","1","1","9","9","0.12","0.02","4.52","1","","0.02","0.02","0.333333333","0.333333333","0","0","0.006666667","0.006666667","1.5","1.5","0","0.442477876","100","0","0.222222222","50","50.22222222","0","0.222222222","50","50.22222222"
"","","UGP2014NAM-OT03","","","","","","","","","UGP2014NAM-OT03-00011","","","","3","3","1","3","6","1","2","1","3","2","0.32","0.04","4","2","2","2","9","7","0.15","0.36","4.36","5","0.106666667","0.02","0.072","5","1.666666667","3","1","0.36","0.12","4","1.333333333","60","8.256880734","33.33333333","3.555555556","4","44.44444444","48.44444444","10.66666667","12","133.3333333","145.3333333"
"","","UGP2014NAM-OT03","","","","","","","","","UGP2014NAM-OT03-00012","","","","3","3","1","3","7","2","3","3","6","6","0.48","0.1","1","2","1","1","8","7","0.12","0.58","1.58","12","0.08","0.016666667","0.048333333","4","4","2","2","0.193333333","0.193333333","0.333333333","0.333333333","50","36.70886076","100","5.333333333","6.444444444","11.11111111","17.55555556","5.333333333","6.444444444","11.11111111","17.55555556"
"","","UGP2014NAM-OT03","","","","","","","","","UGP2014NAM-OT03-00013","","","","3","3","2","5","8","1","3","2","4","5","0.8","0.16","2","2","2","1","1","5","0.12","0.96","2.96","9","0.2","0.032","0.106666667","4.5","3","2","1.333333333","0.48","0.32","1","0.666666667","44.44444444","32.43243243","66.66666667","8.888888889","10.66666667","22.22222222","32.88888889","13.33333333","16","33.33333333","49.33333333"
"","","UGP2014NAM-OT03","","","","","","","","","UGP2014NAM-OT03-00014","","","","3","3","1","6","8","1","3","2","2","4","0.64","0.1","2.5","5","2","2","1","3","0.12","0.74","3.24","6","0.32","0.025","0.123333333","3","2","1","0.666666667","0.37","0.246666667","1.25","0.833333333","33.33333333","22.83950617","66.66666667","7.111111111","8.222222222","27.77777778","36","10.66666667","12.33333333","41.66666667","54"
"","","UGP2014NAM-OT03","","","","","","","","","UGP2014NAM-OT03-00015","","","","3","3","1","3","5","1","3","2","0","3","0","0.06","6.32","2","1","1","8","9","0.15","0.06","6.38","3","","0.02","0.02","1.5","1","0","0","0.03","0.02","3.16","2.106666667","0","0.940438871","66.66666667","0","0.666666667","70.22222222","70.88888889","0","1","105.3333333","106.3333333"
"","","UGP2014NAM-OT03","","","","","","","","","UGP2014NAM-OT03-00016","","","","3","2","1","2","6","1","3","2","10","2","2","0.08","4.5","8","2","2","1","3","0","2.08","6.58","12","0.2","0.04","0.173333333","6","4","5","3.333333333","1.04","0.693333333","2.25","1.5","83.33333333","31.61094225","66.66666667","22.22222222","23.11111111","50","73.11111111","33.33333333","34.66666667","75","109.6666667"
"","","UGP2014NAM-OT03","","","","","","","","","UGP2014NAM-OT03-00017","","","","3","3","1","3","7","3","6","3","7","3","2.2","0.08","10.1","2","1","3","8","5","0","2.28","12.38","10","0.314285714","0.026666667","0.228","3.333333333","3.333333333","2.333333333","2.333333333","0.76","0.76","3.366666667","3.366666667","70","18.41680129","100","24.44444444","25.33333333","112.2222222","137.5555556","24.44444444","25.33333333","112.2222222","137.5555556"
"","","UGP2014NAM-OT03","","","","","","","","","UGP2014NAM-OT03-00018","","","","3","2","1","6","8","1","2","1","0","2","0","0.08","3","6","1","1","8","9","1.76","0.08","3.08","2","","0.04","0.04","2","0.666666667","0","0","0.08","0.026666667","3","1","0","2.597402597","33.33333333","0","0.888888889","33.33333333","34.22222222","0","2.666666667","100","102.6666667"
"","","UGP2014NAM-OT03","","","","","","","","","UGP2014NAM-OT03-00019","","","","3","2","2","3","7","1","2","1","4","4","0.64","0.16","1.1","6","2","2","2","5","0","0.8","1.9","8","0.16","0.04","0.1","8","2.666666667","4","1.333333333","0.8","0.266666667","1.1","0.366666667","50","42.10526316","33.33333333","7.111111111","8.888888889","12.22222222","21.11111111","21.33333333","26.66666667","36.66666667","63.33333333"
"","","UGP2014NAM-OT03","","","","","","","","","UGP2014NAM-OT03-00020","","","","3","3","1","3","7","3","5","2","0","1","0","0.04","5","2","1","1","3","9","0","0.04","5.04","1","","0.04","0.04","0.5","0.333333333","0","0","0.02","0.013333333","2.5","1.666666667","0","0.793650794","66.66666667","0","0.444444444","55.55555556","56","0","0.666666667","83.33333333","84"
"","","UGP2014NAM-OT03","","","","","","","","","UGP2014NAM-OT03-00021","","","","3","2","1","3","6","3","5","2","2","0","1.2","0","4","9","1","1","1","1","0.12","1.2","5.2","2","0.6","","0.6","1","0.666666667","1","0.666666667","0.6","0.4","2","1.333333333","100","23.07692308","66.66666667","13.33333333","13.33333333","44.44444444","57.77777778","20","20","66.66666667","86.66666667"
"","","UGP2014NAM-OT03","","","","","","","","","UGP2014NAM-OT03-00022","","","","3","2","2","4","6","1","2","2","3","1","0.28","0.02","6.5","9","1","1","2","7","0.12","0.3","6.8","4","0.093333333","0.02","0.075","2","1.333333333","1.5","1","0.15","0.1","3.25","2.166666667","75","4.411764706","66.66666667","3.111111111","3.333333333","72.22222222","75.55555556","4.666666667","5","108.3333333","113.3333333"
"","","UGP2014NAM-OT03","","","","","","","","","UGP2014NAM-OT03-00023","","","","3","2","2","7","7","2","4","2","1","1","0.44","0.02","2","2","1","1","4","3","0.12","0.46","2.46","2","0.44","0.02","0.23","1","0.666666667","0.5","0.333333333","0.23","0.153333333","1","0.666666667","50","18.69918699","66.66666667","4.888888889","5.111111111","22.22222222","27.33333333","7.333333333","7.666666667","33.33333333","41"
"","","UGP2014NAM-OT03","","","","","","","","","UGP2014NAM-OT03-00024","","","","3","2","1","3","4","1","2","2","0","0","0","0","3.5","","","","","","","0","3.5","0","","","","0","0","0","0","0","0","1.75","1.166666667","","0","66.66666667","0","0","38.88888889","38.88888889","0","0","58.33333333","58.33333333"
"","","UGP2014NAM-OT03","","","","","","","","","UGP2014NAM-OT03-00025","","","","3","3","2","6","6","2","4","3","0","0","0","0","5.5","","","","","","","0","5.5","0","","","","0","0","0","0","0","0","1.833333333","1.833333333","","0","100","0","0","61.11111111","61.11111111","0","0","61.11111111","61.11111111"
"","","UGP2014NAM-OT03","","","","","","","","","UGP2014NAM-OT03-00026","","","","3","3","2","4","5","1","2","3","3","0","0.4","0","1","8","1","1","1","5","0","0.4","1.4","3","0.133333333","","0.133333333","1","1","1","1","0.133333333","0.133333333","0.333333333","0.333333333","100","28.57142857","100","4.444444444","4.444444444","11.11111111","15.55555556","4.444444444","4.444444444","11.11111111","15.55555556"
"","","UGP2014NAM-OT03","","","","","","","","","UGP2014NAM-OT03-00027","","","","3","3","1","3","7","1","2","3","0","1","0","0.01","3.5","8","1","1","3","9","14.37","0.01","3.51","1","","0.01","0.01","0.333333333","0.333333333","0","0","0.003333333","0.003333333","1.166666667","1.166666667","0","0.284900285","100","0","0.111111111","38.88888889","39","0","0.111111111","38.88888889","39"
"","","UGP2014NAM-OT03","","","","","","","","","UGP2014NAM-OT03-00028","","","","3","2","2","2","7","1","3","2","0","1","0","0.04","7","9","1","1","3","9","0","0.04","7.04","1","","0.04","0.04","0.5","0.333333333","0","0","0.02","0.013333333","3.5","2.333333333","0","0.568181818","66.66666667","0","0.444444444","77.77777778","78.22222222","0","0.666666667","116.6666667","117.3333333"
"","","UGP2014NAM-OT03","","","","","","","","","UGP2014NAM-OT03-00030","","","","3","2","1","5","6","3","6","2","2","3","0.92","0.1","0.5","2","4","4","4","3","0.12","1.02","1.52","5","0.46","0.033333333","0.204","2.5","1.666666667","1","0.666666667","0.51","0.34","0.25","0.166666667","40","67.10526316","66.66666667","10.22222222","11.33333333","5.555555556","16.88888889","15.33333333","17","8.333333333","25.33333333"
"","","UGP2014NAM-OT03","","","","","","","","","UGP2014NAM-OT03-00031","","","","3","3","1","2","6","3","5","3","6","6","0.6","0.2","0.4","6","1","1","8","5","12.39","0.8","1.2","12","0.1","0.033333333","0.066666667","4","4","2","2","0.266666667","0.266666667","0.133333333","0.133333333","50","66.66666667","100","6.666666667","8.888888889","4.444444444","13.33333333","6.666666667","8.888888889","4.444444444","13.33333333"
"","","UGP2014NAM-OT03","","","","","","","","","UGP2014NAM-OT03-00032","","","","3","2","4","6","6","1","2","2","5","1","0.56","0.04","2.5","2","2","2","6","5","0.12","0.6","3.1","6","0.112","0.04","0.1","3","2","2.5","1.666666667","0.3","0.2","1.25","0.833333333","83.33333333","19.35483871","66.66666667","6.222222222","6.666666667","27.77777778","34.44444444","9.333333333","10","41.66666667","51.66666667"
"","","UGP2014NAM-OT03","","","","","","","","","UGP2014NAM-OT03-00033","","","","3","3","1","2","7","1","3","3","2","2","0.6","0.04","3","2","1","1","2","3","0","0.64","3.64","4","0.3","0.02","0.16","1.333333333","1.333333333","0.666666667","0.666666667","0.213333333","0.213333333","1","1","50","17.58241758","100","6.666666667","7.111111111","33.33333333","40.44444444","6.666666667","7.111111111","33.33333333","40.44444444"
"","","UGP2014NAM-OT03","","","","","","","","","UGP2014NAM-OT03-00034","","","","3","3","2","7","8","1","3","3","3","0","0.32","0","5.5","6","1","1","5","7","3.96","0.32","5.82","3","0.106666667","","0.106666667","1","1","1","1","0.106666667","0.106666667","1.833333333","1.833333333","100","5.498281787","100","3.555555556","3.555555556","61.11111111","64.66666667","3.555555556","3.555555556","61.11111111","64.66666667"
"","","UGP2014NAM-OT03","","","","","","","","","UGP2014NAM-OT03-00035","","","","3","2","1","3","5","1","3","2","0","2","0","0.05","0.2","2","1","1","9","9","0.15","0.05","0.25","2","","0.025","0.025","1","0.666666667","0","0","0.025","0.016666667","0.1","0.066666667","0","20","66.66666667","0","0.555555556","2.222222222","2.777777778","0","0.833333333","3.333333333","4.166666667"
"","","UGP2014NAM-OT03","","","","","","","","","UGP2014NAM-OT03-00036","","","","3","3","2","6","6","2","4","3","2","3","0.56","0.08","3.2","9","1","1","5","3","0","0.64","3.84","5","0.28","0.026666667","0.128","1.666666667","1.666666667","0.666666667","0.666666667","0.213333333","0.213333333","1.066666667","1.066666667","40","16.66666667","100","6.222222222","7.111111111","35.55555556","42.66666667","6.222222222","7.111111111","35.55555556","42.66666667"
"","","UGP2014NAM-OT03","","","","","","","","","UGP2014NAM-OT03-00037","","","","3","2","1","4","6","1","2","2","1","0","0.16","0","3","2","1","1","4","7","1.04","0.16","3.16","1","0.16","","0.16","0.5","0.333333333","0.5","0.333333333","0.08","0.053333333","1.5","1","100","5.063291139","66.66666667","1.777777778","1.777777778","33.33333333","35.11111111","2.666666667","2.666666667","50","52.66666667"
"","","UGP2014NAM-OT03","","","","","","","","","UGP2014NAM-OT03-00038","","","","3","3","2","5","6","1","3","3","3","0","0.28","0","1.3","9","1","1","3","3","1.38","0.28","1.58","3","0.093333333","","0.093333333","1","1","1","1","0.093333333","0.093333333","0.433333333","0.433333333","100","17.72151899","100","3.111111111","3.111111111","14.44444444","17.55555556","3.111111111","3.111111111","14.44444444","17.55555556"
"","","UGP2014NAM-OT03","","","","","","","","","UGP2014NAM-OT03-00039","","","","3","2","1","4","7","1","2","2","2","6","0.56","0.11","0.32","8","1","1","8","3","0.12","0.67","0.99","8","0.28","0.018333333","0.08375","4","2.666666667","1","0.666666667","0.335","0.223333333","0.16","0.106666667","25","67.67676768","66.66666667","6.222222222","7.444444444","3.555555556","11","9.333333333","11.16666667","5.333333333","16.5"
"","","UGP2014NAM-OT03","","","","","","","","","UGP2014NAM-OT03-00040","","","","3","2","4","6","7","1","3","2","2","3","0.2","0.04","7","2","1","1","3","7","0.12","0.24","7.24","5","0.1","0.013333333","0.048","2.5","1.666666667","1","0.666666667","0.12","0.08","3.5","2.333333333","40","3.314917127","66.66666667","2.222222222","2.666666667","77.77777778","80.44444444","3.333333333","4","116.6666667","120.6666667"
"","","UGP2014NAM-OT03","","","","","","","","","UGP2014NAM-OT03-00041","","","","3","3","2","4","6","1","3","3","8","23","0.8","0.12","3.5","6","1","1","4","5","1.5","0.92","4.42","31","0.1","0.005217391","0.029677419","10.33333333","10.33333333","2.666666667","2.666666667","0.306666667","0.306666667","1.166666667","1.166666667","25.80645161","20.81447964","100","8.888888889","10.22222222","38.88888889","49.11111111","8.888888889","10.22222222","38.88888889","49.11111111"
"","","UGP2014NAM-OT03","","","","","","","","","UGP2014NAM-OT03-00042","","","","3","3","3","5","5","1","2","3","4","5","1","0.1","1.5","2","1","1","2","5","0.15","1.1","2.6","9","0.25","0.02","0.122222222","3","3","1.333333333","1.333333333","0.366666667","0.366666667","0.5","0.5","44.44444444","42.30769231","100","11.11111111","12.22222222","16.66666667","28.88888889","11.11111111","12.22222222","16.66666667","28.88888889"
"","","UGP2014NAM-OT03","","","","","","","","","UGP2014NAM-OT03-00043","","","","3","2","1","1","5","1","2","2","0","0","0","0","0.4","","","","","","","0","0.4","0","","","","0","0","0","0","0","0","0.2","0.133333333","","0","66.66666667","0","0","4.444444444","4.444444444","0","0","6.666666667","6.666666667"
"","","UGP2014NAM-OT03","","","","","","","","","UGP2014NAM-OT03-00044","","","","3","2","2","4","5","2","3","2","3","1","0.28","0.02","1","9","1","1","3","7","14.37","0.3","1.3","4","0.093333333","0.02","0.075","2","1.333333333","1.5","1","0.15","0.1","0.5","0.333333333","75","23.07692308","66.66666667","3.111111111","3.333333333","11.11111111","14.44444444","4.666666667","5","16.66666667","21.66666667"
"","","UGP2014NAM-OT03","","","","","","","","","UGP2014NAM-OT03-00045","","","","3","3","1","2","8","1","2","3","8","6","2.5","0.3","10","2","1","1","2","3","0.15","2.8","12.8","14","0.3125","0.05","0.2","4.666666667","4.666666667","2.666666667","2.666666667","0.933333333","0.933333333","3.333333333","3.333333333","57.14285714","21.875","100","27.77777778","31.11111111","111.1111111","142.2222222","27.77777778","31.11111111","111.1111111","142.2222222"
"","","UGP2014NAM-OT03","","","","","","","","","UGP2014NAM-OT03-00046","","","","3","2","1","2","5","3","5","2","6","2","0.68","0.09","6.2","6","2","2","2","5","0","0.77","6.97","8","0.113333333","0.045","0.09625","4","2.666666667","3","2","0.385","0.256666667","3.1","2.066666667","75","11.04734577","66.66666667","7.555555556","8.555555556","68.88888889","77.44444444","11.33333333","12.83333333","103.3333333","116.1666667"
"","","UGP2014NAM-OT03","","","","","","","","","UGP2014NAM-OT03-00047","","","","3","3","1","3","6","2","4","3","4","1","1.5","0.09","1.5","2","2","2","8","3","0","1.59","3.09","5","0.375","0.09","0.318","1.666666667","1.666666667","1.333333333","1.333333333","0.53","0.53","0.5","0.5","80","51.45631068","100","16.66666667","17.66666667","16.66666667","34.33333333","16.66666667","17.66666667","16.66666667","34.33333333"
"","","UGP2014NAM-OT03","","","","","","","","","UGP2014NAM-OT03-00048","","","","3","0","","","","","","0","0","0","0","0","0","","","","","","","0","0","0","","","","","0","","0","","0","","0","","","0","0","0","0","0","","","",""
"","","UGP2014NAM-OT03","","","","","","","","","UGP2014NAM-OT03-00049","","","","3","3","1","3","8","1","3","3","7","6","0.8","0.2","6","9","1","1","7","5","0.12","1","7","13","0.114285714","0.033333333","0.076923077","4.333333333","4.333333333","2.333333333","2.333333333","0.333333333","0.333333333","2","2","53.84615385","14.28571429","100","8.888888889","11.11111111","66.66666667","77.77777778","8.888888889","11.11111111","66.66666667","77.77777778"
"","","UGP2014NAM-OT03","","","","","","","","","UGP2014NAM-OT03-00050","","","","3","3","2","6","5","2","4","3","4","5","0.52","1.16","1","2","1","4","2","5","0.12","1.68","2.68","9","0.13","0.232","0.186666667","3","3","1.333333333","1.333333333","0.56","0.56","0.333333333","0.333333333","44.44444444","62.68656716","100","5.777777778","18.66666667","11.11111111","29.77777778","5.777777778","18.66666667","11.11111111","29.77777778"
"","","UGP2014NAM-OT03","","","","","","","","","UGP2014NAM-OT03-00051","","","","3","3","2","3","6","1","2","3","0","0","0","0","1.5","","","","","","","0","1.5","0","","","","0","0","0","0","0","0","0.5","0.5","","0","100","0","0","16.66666667","16.66666667","0","0","16.66666667","16.66666667"
"","","UGP2014NAM-OT03","","","","","","","","","UGP2014NAM-OT03-00052","","","","3","2","1","3","8","1","2","2","0","0","0","0","1","","","","","","","0","1","0","","","","0","0","0","0","0","0","0.5","0.333333333","","0","66.66666667","0","0","11.11111111","11.11111111","0","0","16.66666667","16.66666667"
"","","UGP2014NAM-OT03","","","","","","","","","UGP2014NAM-OT03-00053","","","","3","2","1","3","8","2","4","2","4","4","0.48","0.08","1.5","2","1","1","2","5","0","0.56","2.06","8","0.12","0.02","0.07","4","2.666666667","2","1.333333333","0.28","0.186666667","0.75","0.5","50","27.18446602","66.66666667","5.333333333","6.222222222","16.66666667","22.88888889","8","9.333333333","25","34.33333333"
"","","UGP2014NAM-OT03","","","","","","","","","UGP2014NAM-OT03-00055","","","","3","3","1","3","6","2","4","3","1","2","0.16","0.08","10.2","9","2","2","1","7","0.12","0.24","10.44","3","0.16","0.04","0.08","1","1","0.333333333","0.333333333","0.08","0.08","3.4","3.4","33.33333333","2.298850575","100","1.777777778","2.666666667","113.3333333","116","1.777777778","2.666666667","113.3333333","116"
"","","UGP2014NAM-OT03","","","","","","","","","UGP2014NAM-OT03-00056","","","","3","1","1","5","6","1","3","1","1","0","1.2","0","1.5","2","1","1","5","1","0.12","1.2","2.7","1","1.2","","1.2","1","0.333333333","1","0.333333333","1.2","0.4","1.5","0.5","100","44.44444444","33.33333333","13.33333333","13.33333333","16.66666667","30","40","40","50","90"
"","","UGP2014NAM-OT03","","","","","","","","","UGP2014NAM-OT03-00057","","","","3","2","2","3","5","1","2","2","5","2","1.2","0.08","1.7","3","1","1","4","3","0.12","1.28","2.98","7","0.24","0.04","0.182857143","3.5","2.333333333","2.5","1.666666667","0.64","0.426666667","0.85","0.566666667","71.42857143","42.95302013","66.66666667","13.33333333","14.22222222","18.88888889","33.11111111","20","21.33333333","28.33333333","49.66666667"
"","","UGP2014NAM-OT03","","","","","","","","","UGP2014NAM-OT03-00058","","","","3","2","1","3","6","1","3","2","4","1","0.16","0.04","4.5","6","1","1","8","5","0","0.2","4.7","5","0.04","0.04","0.04","2.5","1.666666667","2","1.333333333","0.1","0.066666667","2.25","1.5","80","4.255319149","66.66666667","1.777777778","2.222222222","50","52.22222222","2.666666667","3.333333333","75","78.33333333"
"","","UGP2014NAM-OT03","","","","","","","","","UGP2014NAM-OT03-00059","","","","3","3","2","6","8","1","3","3","4","0","0.4","0","4","9","1","1","3","7","0.12","0.4","4.4","4","0.1","","0.1","1.333333333","1.333333333","1.333333333","1.333333333","0.133333333","0.133333333","1.333333333","1.333333333","100","9.090909091","100","4.444444444","4.444444444","44.44444444","48.88888889","4.444444444","4.444444444","44.44444444","48.88888889"
"","","UGP2014NAM-OT03","","","","","","","","","UGP2014NAM-OT03-00060","","","","3","3","1","4","6","1","3","3","4","2","0.52","0.08","3","6","2","3","2","5","1.38","0.6","3.6","6","0.13","0.04","0.1","2","2","1.333333333","1.333333333","0.2","0.2","1","1","66.66666667","16.66666667","100","5.777777778","6.666666667","33.33333333","40","5.777777778","6.666666667","33.33333333","40"
"","","UGP2014NAM-OT03","","","","","","","","","UGP2014NAM-OT03-00061","","","","3","3","1","3","6","3","6","3","1","0","0.4","0","3.1","9","1","1","1","3","0","0.4","3.5","1","0.4","","0.4","0.333333333","0.333333333","0.333333333","0.333333333","0.133333333","0.133333333","1.033333333","1.033333333","100","11.42857143","100","4.444444444","4.444444444","34.44444444","38.88888889","4.444444444","4.444444444","34.44444444","38.88888889"
"","","UGP2014NAM-OT03","","","","","","","","","UGP2014NAM-OT03-00062","","","","3","3","1","4","8","1","2","3","7","5","0.84","0.2","3.5","2","1","1","2","3","0.12","1.04","4.54","12","0.12","0.04","0.086666667","4","4","2.333333333","2.333333333","0.346666667","0.346666667","1.166666667","1.166666667","58.33333333","22.90748899","100","9.333333333","11.55555556","38.88888889","50.44444444","9.333333333","11.55555556","38.88888889","50.44444444"
"","","UGP2014NAM-OT03","","","","","","","","","UGP2014NAM-OT03-00063","","","","3","0","","","","","","0","0","0","0","0","0","","","","","","","0","0","0","","","","","0","","0","","0","","0","","","0","0","0","0","0","","","",""
"","","UGP2014NAM-OT03","","","","","","","","","UGP2014NAM-OT03-00064","","","","3","3","1","7","8","1","3","3","0","0","0","0","6.5","","","","","","","0","6.5","0","","","","0","0","0","0","0","0","2.166666667","2.166666667","","0","100","0","0","72.22222222","72.22222222","0","0","72.22222222","72.22222222"
"","","UGP2014NAM-OT03","","","","","","","","","UGP2014NAM-OT03-00065","","","","3","2","2","4","8","1","3","2","7","1","2.5","0.03","9.2","9","3","3","1","3","0.12","2.53","11.73","8","0.357142857","0.03","0.31625","4","2.666666667","3.5","2.333333333","1.265","0.843333333","4.6","3.066666667","87.5","21.56862745","66.66666667","27.77777778","28.11111111","102.2222222","130.3333333","41.66666667","42.16666667","153.3333333","195.5"
"","","UGP2014NAM-OT03","","","","","","","","","UGP2014NAM-OT03-00066","","","","3","2","2","3","7","2","4","2","3","8","0.28","0.14","2.2","2","1","1","9","7","0","0.42","2.62","11","0.093333333","0.0175","0.038181818","5.5","3.666666667","1.5","1","0.21","0.14","1.1","0.733333333","27.27272727","16.03053435","66.66666667","3.111111111","4.666666667","24.44444444","29.11111111","4.666666667","7","36.66666667","43.66666667"
"","","UGP2014NAM-OT03","","","","","","","","","UGP2014NAM-OT03-00067","","","","3","2","4","6","7","1","3","2","4","4","0.48","0.12","2.5","2","1","1","3","7","0","0.6","3.1","8","0.12","0.03","0.075","4","2.666666667","2","1.333333333","0.3","0.2","1.25","0.833333333","50","19.35483871","66.66666667","5.333333333","6.666666667","27.77777778","34.44444444","8","10","41.66666667","51.66666667"
"","","UGP2014NAM-OT03","","","","","","","","","UGP2014NAM-OT03-00068","","","","3","3","1","6","7","1","3","3","6","6","2.2","0.08","5.5","9","1","1","2","3","0","2.28","7.78","12","0.366666667","0.013333333","0.19","4","4","2","2","0.76","0.76","1.833333333","1.833333333","50","29.3059126","100","24.44444444","25.33333333","61.11111111","86.44444444","24.44444444","25.33333333","61.11111111","86.44444444"
"","","UGP2014NAM-OT03","","","","","","","","","UGP2014NAM-OT03-00069","","","","3","2","1","5","8","1","2","2","6","3","0.52","0.09","9","9","1","1","3","5","0","0.61","9.61","9","0.086666667","0.03","0.067777778","4.5","3","3","2","0.305","0.203333333","4.5","3","66.66666667","6.347554631","66.66666667","5.777777778","6.777777778","100","106.7777778","8.666666667","10.16666667","150","160.1666667"
"","","UGP2014NAM-OT03","","","","","","","","","UGP2014NAM-OT03-00070","","","","3","3","1","3","9","1","2","3","1","3","0.08","0.04","7.2","8","1","1","2","7","0","0.12","7.32","4","0.08","0.013333333","0.03","1.333333333","1.333333333","0.333333333","0.333333333","0.04","0.04","2.4","2.4","25","1.639344262","100","0.888888889","1.333333333","80","81.33333333","0.888888889","1.333333333","80","81.33333333"
"","","UGP2014NAM-OT03","","","","","","","","","UGP2014NAM-OT03-00071","","","","3","2","2","3","7","2","3","2","3","3","0.2","0.08","4","8","1","1","3","9","4.92","0.28","4.28","6","0.066666667","0.026666667","0.046666667","3","2","1.5","1","0.14","0.093333333","2","1.333333333","50","6.542056075","66.66666667","2.222222222","3.111111111","44.44444444","47.55555556","3.333333333","4.666666667","66.66666667","71.33333333"
"","","UGP2014NAM-OT03","","","","","","","","","UGP2014NAM-OT03-00072","","","","3","1","2","6","7","1","2","1","0","0","0","0","4.8","","","","","","","0","4.8","0","","","","0","0","0","0","0","0","4.8","1.6","","0","33.33333333","0","0","53.33333333","53.33333333","0","0","160","160"
"","","UGP2014NAM-OT03","","","","","","","","","UGP2014NAM-OT03-00073","","","","3","2","2","3","4","1","2","2","0","0","0","0","0.08","","","","","","","0","0.08","0","","","","0","0","0","0","0","0","0.04","0.026666667","","0","66.66666667","0","0","0.888888889","0.888888889","0","0","1.333333333","1.333333333"
"","","UGP2014NAM-OT03","","","","","","","","","UGP2014NAM-OT03-00074","","","","3","2","2","3","6","1","2","2","0","0","0","0","3.8","","","","","","","0","3.8","0","","","","0","0","0","0","0","0","1.9","1.266666667","","0","66.66666667","0","0","42.22222222","42.22222222","0","0","63.33333333","63.33333333"
"","","UGP2014NAM-OT03","","","","","","","","","UGP2014NAM-OT03-00075","","","","3","2","3","6","7","3","5","2","1","1","1.2","0.01","5","9","1","1","5","1","0","1.21","6.21","2","1.2","0.01","0.605","1","0.666666667","0.5","0.333333333","0.605","0.403333333","2.5","1.666666667","50","19.48470209","66.66666667","13.33333333","13.44444444","55.55555556","69","20","20.16666667","83.33333333","103.5"
"","","UGP2014NAM-OT03","","","","","","","","","UGP2014NAM-OT03-00076","","","","3","2","2","2","4","1","3","2","2","1","0.2","","0.16","9","1","1","6","7","0.12","","","3","0.1","","","1.5","1","1","0.666666667","","","0.08","0.053333333","66.66666667","","66.66666667","2.222222222","","1.777777778","","3.333333333","","2.666666667",""
"","","UGP2014NAM-OT03","","","","","","","","","UGP2014NAM-OT03-00077","","","","3","1","1","2","4","1","2","1","2","4","0.12","0.16","0.1","2","1","3","4","5","0.12","0.28","0.38","6","0.06","0.04","0.046666667","6","2","2","0.666666667","0.28","0.093333333","0.1","0.033333333","33.33333333","73.68421053","33.33333333","1.333333333","3.111111111","1.111111111","4.222222222","4","9.333333333","3.333333333","12.66666667"
"","","UGP2014NAM-OT03","","","","","","","","","UGP2014NAM-OT03-00078","","","","3","2","1","3","7","2","4","2","0","0","0","0","3.5","","","","","","","0","3.5","0","","","","0","0","0","0","0","0","1.75","1.166666667","","0","66.66666667","0","0","38.88888889","38.88888889","0","0","58.33333333","58.33333333"
"","","UGP2014NAM-OT03","","","","","","","","","UGP2014NAM-OT03-00079","","","","3","2","2","5","8","3","3","2","2","0","0.2","0","4.3","6","1","1","4","7","0","0.2","4.5","2","0.1","","0.1","1","0.666666667","1","0.666666667","0.1","0.066666667","2.15","1.433333333","100","4.444444444","66.66666667","2.222222222","2.222222222","47.77777778","50","3.333333333","3.333333333","71.66666667","75"
"","","UGP2014NAM-OT03","","","","","","","","","UGP2014NAM-OT03-00080","","","","3","2","2","7","6","2","4","2","1","0","0.08","0","6.5","8","3","2","5","9","1.65","0.08","6.58","1","0.08","","0.08","0.5","0.333333333","0.5","0.333333333","0.04","0.026666667","3.25","2.166666667","100","1.215805471","66.66666667","0.888888889","0.888888889","72.22222222","73.11111111","1.333333333","1.333333333","108.3333333","109.6666667"
"","","UGP2014NAM-OT03","","","","","","","","","UGP2014NAM-OT03-00081","","","","3","3","3","6","6","3","3","3","0","0","0","0","3.2","","","","","","","0","3.2","0","","","","0","0","0","0","0","0","1.066666667","1.066666667","","0","100","0","0","35.55555556","35.55555556","0","0","35.55555556","35.55555556"
"","","UGP2014NAM-OT03","","","","","","","","","UGP2014NAM-OT03-00082","","","","3","3","2","3","6","2","4","3","1","1","0.2","0.02","6","2","1","1","5","3","0","0.22","6.22","2","0.2","0.02","0.11","0.666666667","0.666666667","0.333333333","0.333333333","0.073333333","0.073333333","2","2","50","3.536977492","100","2.222222222","2.444444444","66.66666667","69.11111111","2.222222222","2.444444444","66.66666667","69.11111111"
"","","UGP2014NAM-OT03","","","","","","","","","UGP2014NAM-OT03-00083","","","","3","2","2","2","5","1","3","2","0","0","0","0","3.2","","","","","","","0","3.2","0","","","","0","0","0","0","0","0","1.6","1.066666667","","0","66.66666667","0","0","35.55555556","35.55555556","0","0","53.33333333","53.33333333"
"","","UGP2014NAM-OT03","","","","","","","","","UGP2014NAM-OT03-00084","","","","3","0","","","","","","0","0","0","0","0","0","","","","","","","0","0","0","","","","","0","","0","","0","","0","","","0","0","0","0","0","","","",""
"","","UGP2014NAM-OT03","","","","","","","","","UGP2014NAM-OT03-00085","","","","3","2","2","2","5","1","3","2","0","0","0","0","2","","","","","","","0","2","0","","","","0","0","0","0","0","0","1","0.666666667","","0","66.66666667","0","0","22.22222222","22.22222222","0","0","33.33333333","33.33333333"
"","","UGP2014NAM-OT03","","","","","","","","","UGP2014NAM-OT03-00086","","","","3","3","2","3","6","2","4","3","0","3","0","0.08","3","9","1","1","2","9","0.12","0.08","3.08","3","","0.026666667","0.026666667","1","1","0","0","0.026666667","0.026666667","1","1","0","2.597402597","100","0","0.888888889","33.33333333","34.22222222","0","0.888888889","33.33333333","34.22222222"
"","","UGP2014NAM-OT03","","","","","","","","","UGP2014NAM-OT03-00087","","","","3","3","1","4","7","1","3","3","2","4","0.49","0.16","3.2","2","4","2","3","3","4.41","0.65","3.85","6","0.245","0.04","0.108333333","2","2","0.666666667","0.666666667","0.216666667","0.216666667","1.066666667","1.066666667","33.33333333","16.88311688","100","5.444444444","7.222222222","35.55555556","42.77777778","5.444444444","7.222222222","35.55555556","42.77777778"
"","","UGP2014NAM-OT03","","","","","","","","","UGP2014NAM-OT03-00088","","","","3","3","2","3","6","1","2","3","2","5","0.43","0.1","4","9","1","1","8","3","1.5","0.53","4.53","7","0.215","0.02","0.075714286","2.333333333","2.333333333","0.666666667","0.666666667","0.176666667","0.176666667","1.333333333","1.333333333","28.57142857","11.69977925","100","4.777777778","5.888888889","44.44444444","50.33333333","4.777777778","5.888888889","44.44444444","50.33333333"
"","","UGP2014NAM-OT03","","","","","","","","","UGP2014NAM-OT03-00089","","","","3","2","1","3","7","1","3","2","1","2","0.08","0.07","4.2","2","1","1","3","9","0","0.15","4.35","3","0.08","0.035","0.05","1.5","1","0.5","0.333333333","0.075","0.05","2.1","1.4","33.33333333","3.448275862","66.66666667","0.888888889","1.666666667","46.66666667","48.33333333","1.333333333","2.5","70","72.5"
"","","UGP2014NAM-OT03","","","","","","","","","UGP2014NAM-OT03-00090","","","","3","2","2","4","7","2","3","2","0","1","0","0.04","5.5","6","1","1","3","9","14.37","0.04","5.54","1","","0.04","0.04","0.5","0.333333333","0","0","0.02","0.013333333","2.75","1.833333333","0","0.722021661","66.66666667","0","0.444444444","61.11111111","61.55555556","0","0.666666667","91.66666667","92.33333333"
"","","UGP2014NAM-OT03","","","","","","","","","UGP2014NAM-OT03-00091","","","","3","3","4","6","7","1","3","3","7","6","1.5","0.1","8.2","6","3","2","4","3","0.12","1.6","9.8","13","0.214285714","0.016666667","0.123076923","4.333333333","4.333333333","2.333333333","2.333333333","0.533333333","0.533333333","2.733333333","2.733333333","53.84615385","16.32653061","100","16.66666667","17.77777778","91.11111111","108.8888889","16.66666667","17.77777778","91.11111111","108.8888889"
"","","UGP2014NAM-OT03","","","","","","","","","UGP2014NAM-OT03-00092","","","","3","3","3","6","7","1","2","3","2","3","0.24","0.07","8","8","1","1","2","5","0.02","0.31","8.31","5","0.12","0.023333333","0.062","1.666666667","1.666666667","0.666666667","0.666666667","0.103333333","0.103333333","2.666666667","2.666666667","40","3.730445247","100","2.666666667","3.444444444","88.88888889","92.33333333","2.666666667","3.444444444","88.88888889","92.33333333"
"","","UGP2014NAM-OT03","","","","","","","","","UGP2014NAM-OT03-00093","","","","3","3","1","2","6","2","3","3","4","2","0.6","0.08","3.5","2","1","1","2","3","0.12","0.68","4.18","6","0.15","0.04","0.113333333","2","2","1.333333333","1.333333333","0.226666667","0.226666667","1.166666667","1.166666667","66.66666667","16.26794258","100","6.666666667","7.555555556","38.88888889","46.44444444","6.666666667","7.555555556","38.88888889","46.44444444"
"","","UGP2014NAM-OT03","","","","","","","","","UGP2014NAM-OT03-00094","","","","3","2","1","4","8","1","3","2","5","1","1.4","0.05","2","8","3","2","5","3","0","1.45","3.45","6","0.28","0.05","0.241666667","3","2","2.5","1.666666667","0.725","0.483333333","1","0.666666667","83.33333333","42.02898551","66.66666667","15.55555556","16.11111111","22.22222222","38.33333333","23.33333333","24.16666667","33.33333333","57.5"
"","","UGP2014NAM-OT03","","","","","","","","","UGP2014NAM-OT03-00095","","","","3","3","1","3","6","1","2","3","1","6","0.44","0.2","8","2","2","2","4","3","0","0.64","8.64","7","0.44","0.033333333","0.091428571","2.333333333","2.333333333","0.333333333","0.333333333","0.213333333","0.213333333","2.666666667","2.666666667","14.28571429","7.407407407","100","4.888888889","7.111111111","88.88888889","96","4.888888889","7.111111111","88.88888889","96"
"","","UGP2014NAM-OT03","","","","","","","","","UGP2014NAM-OT03-00096","","","","3","3","2","3","6","1","2","3","7","13","0.94","0.32","7.2","8","1","1","4","5","0","1.26","8.46","20","0.134285714","0.024615385","0.063","6.666666667","6.666666667","2.333333333","2.333333333","0.42","0.42","2.4","2.4","35","14.89361702","100","10.44444444","14","80","94","10.44444444","14","80","94"
"","","UGP2014NAM-OT03","","","","","","","","","UGP2014NAM-OT03-00097","","","","3","3","1","3","8","2","4","3","3","3","0.28","0.08","2.5","2","2","1","2","7","0.12","0.36","2.86","6","0.093333333","0.026666667","0.06","2","2","1","1","0.12","0.12","0.833333333","0.833333333","50","12.58741259","100","3.111111111","4","27.77777778","31.77777778","3.111111111","4","27.77777778","31.77777778"
"","","UGP2014NAM-OT03","","","","","","","","","UGP2014NAM-OT03-00098","","","","3","3","2","3","6","1","3","3","0","0","0","0","0.44","","","","","","","0","0.44","0","","","","0","0","0","0","0","0","0.146666667","0.146666667","","0","100","0","0","4.888888889","4.888888889","0","0","4.888888889","4.888888889"
"","","UGP2014NAM-OT03","","","","","","","","","UGP2014NAM-OT03-00099","","","","3","3","1","3","7","1","2","3","4","10","0.32","0.2","7.5","2","1","1","3","7","0","0.52","8.02","14","0.08","0.02","0.037142857","4.666666667","4.666666667","1.333333333","1.333333333","0.173333333","0.173333333","2.5","2.5","28.57142857","6.483790524","100","3.555555556","5.777777778","83.33333333","89.11111111","3.555555556","5.777777778","83.33333333","89.11111111"
"","","UGP2014NAM-OT03","","","","","","","","","UGP2014NAM-OT03-00100","","","","3","3","3","6","6","1","3","3","0","0","0","0","4.6","","","","","","","0","4.6","0","","","","0","0","0","0","0","0","1.533333333","1.533333333","","0","100","0","0","51.11111111","51.11111111","0","0","51.11111111","51.11111111"
"","","UGP2014NAM-OT03","","","","","","","","","UGP2014NAM-OT03-00101","","","","3","2","1","3","6","3","5","2","5","0","0.52","0","4.3","2","1","1","3","5","0.12","0.52","4.82","5","0.104","","0.104","2.5","1.666666667","2.5","1.666666667","0.26","0.173333333","2.15","1.433333333","100","10.78838174","66.66666667","5.777777778","5.777777778","47.77777778","53.55555556","8.666666667","8.666666667","71.66666667","80.33333333"
"","","UGP2014NAM-OT03","","","","","","","","","UGP2014NAM-OT03-00102","","","","3","3","1","3","7","1","2","3","4","3","0.4","0.1","4.5","8","1","1","2","5","0.12","0.5","5","7","0.1","0.033333333","0.071428571","2.333333333","2.333333333","1.333333333","1.333333333","0.166666667","0.166666667","1.5","1.5","57.14285714","10","100","4.444444444","5.555555556","50","55.55555556","4.444444444","5.555555556","50","55.55555556"
"","","UGP2014NAM-OT03","","","","","","","","","UGP2014NAM-OT03-00103","","","","3","3","1","3","6","3","5","3","4","0","0.24","0","4.2","2","1","1","2","7","0","0.24","4.44","4","0.06","","0.06","1.333333333","1.333333333","1.333333333","1.333333333","0.08","0.08","1.4","1.4","100","5.405405405","100","2.666666667","2.666666667","46.66666667","49.33333333","2.666666667","2.666666667","46.66666667","49.33333333"
"","","UGP2014NAM-OT03","","","","","","","","","UGP2014NAM-OT03-00104","","","","3","1","5","6","6","1","3","1","0","0","0","0","3","","","","","","","0","3","0","","","","0","0","0","0","0","0","3","1","","0","33.33333333","0","0","33.33333333","33.33333333","0","0","100","100"
"","","UGP2014NAM-OT03","","","","","","","","","UGP2014NAM-OT03-00105","","","","3","3","1","4","6","1","3","1","0","0","0","0","0.8","","","","","","","0","0.8","0","","","","0","0","0","0","0","0","0.8","0.266666667","","0","33.33333333","0","0","8.888888889","8.888888889","0","0","26.66666667","26.66666667"
"","","UGP2014NAM-OT03","","","","","","","","","UGP2014NAM-OT03-00106","","","","3","3","1","3","6","1","3","3","7","3","0.72","0.07","6","2","1","1","3","5","0.15","0.79","6.79","10","0.102857143","0.023333333","0.079","3.333333333","3.333333333","2.333333333","2.333333333","0.263333333","0.263333333","2","2","70","11.634757","100","8","8.777777778","66.66666667","75.44444444","8","8.777777778","66.66666667","75.44444444"
"","","UGP2014NAM-OT03","","","","","","","","","UGP2014NAM-OT03-00107","","","","3","3","2","6","7","1","3","3","0","2","0","0.04","5.5","2","2","1","9","9","0.15","0.04","5.54","2","","0.02","0.02","0.666666667","0.666666667","0","0","0.013333333","0.013333333","1.833333333","1.833333333","0","0.722021661","100","0","0.444444444","61.11111111","61.55555556","0","0.444444444","61.11111111","61.55555556"
"","","UGP2014NAM-OT03","","","","","","","","","UGP2014NAM-OT03-00108","","","","3","3","2","4","7","1","2","3","0","2","0","0.02","4.5","2","1","1","2","9","1.65","0.02","4.52","2","","0.01","0.01","0.666666667","0.666666667","0","0","0.006666667","0.006666667","1.5","1.5","0","0.442477876","100","0","0.222222222","50","50.22222222","0","0.222222222","50","50.22222222"
"","","UGP2014NAM-OT03","","","","","","","","","UGP2014NAM-OT03-00109","","","","3","0","","","","","","0","0","0","0","0","0","","","","","","","0","0","0","","","","","0","","0","","0","","0","","","0","0","0","0","0","","","",""
"","","UGP2014NAM-OT03","","","","","","","","","UGP2014NAM-OT03-00110","","","","3","3","2","8","5","2","4","3","0","3","0","0.08","0.2","2","1","1","9","9","0","0.08","0.28","3","","0.026666667","0.026666667","1","1","0","0","0.026666667","0.026666667","0.066666667","0.066666667","0","28.57142857","100","0","0.888888889","2.222222222","3.111111111","0","0.888888889","2.222222222","3.111111111"
"","","UGP2014NAM-OT03","","","","","","","","","UGP2014NAM-OT03-00111","","","","3","3","2","4","8","1","3","3","0","0","0","0","5.5","","","","","","","0","5.5","0","","","","0","0","0","0","0","0","1.833333333","1.833333333","","0","100","0","0","61.11111111","61.11111111","0","0","61.11111111","61.11111111"
"","","UGP2014NAM-OT03","","","","","","","","","UGP2014NAM-OT03-00112","","","","3","2","2","3","7","1","2","2","6","10","0.52","0.2","5.6","8","3","3","3","5","1.38","0.72","6.32","16","0.086666667","0.02","0.045","8","5.333333333","3","2","0.36","0.24","2.8","1.866666667","37.5","11.39240506","66.66666667","5.777777778","8","62.22222222","70.22222222","8.666666667","12","93.33333333","105.3333333"
"","","UGP2014NAM-OT03","","","","","","","","","UGP2014NAM-OT03-00113","","","","3","1","2","7","6","1","2","1","0","0","0","0","3.1","","","","","","","0","3.1","0","","","","0","0","0","0","0","0","3.1","1.033333333","","0","33.33333333","0","0","34.44444444","34.44444444","0","0","103.3333333","103.3333333"
"","","UGP2014NAM-OT03","","","","","","","","","UGP2014NAM-OT03-00114","","","","3","3","2","3","6","2","4","3","4","1","3","0.05","2.5","8","2","2","1","1","5.46","3.05","5.55","5","0.75","0.05","0.61","1.666666667","1.666666667","1.333333333","1.333333333","1.016666667","1.016666667","0.833333333","0.833333333","80","54.95495495","100","33.33333333","33.88888889","27.77777778","61.66666667","33.33333333","33.88888889","27.77777778","61.66666667"
"","","UGP2014NAM-OT03","","","","","","","","","UGP2014NAM-OT03-00115","","","","3","2","1","4","7","1","2","2","0","1","0","0.01","5.5","9","1","1","3","9","0","0.01","5.51","1","","0.01","0.01","0.5","0.333333333","0","0","0.005","0.003333333","2.75","1.833333333","0","0.181488203","66.66666667","0","0.111111111","61.11111111","61.22222222","0","0.166666667","91.66666667","91.83333333"
"","","UGP2014NAM-OT03","","","","","","","","","UGP2014NAM-OT03-00116","","","","3","2","2","6","8","1","3","2","1","1","0.2","0.02","4.5","8","1","1","4","3","0.12","0.22","4.72","2","0.2","0.02","0.11","1","0.666666667","0.5","0.333333333","0.11","0.073333333","2.25","1.5","50","4.661016949","66.66666667","2.222222222","2.444444444","50","52.44444444","3.333333333","3.666666667","75","78.66666667"
"","","UGP2014NAM-OT03","","","","","","","","","UGP2014NAM-OT03-00117","","","","3","2","2","7","6","3","6","2","2","2","0.24","0.08","4.2","2","2","5","8","5","0","0.32","4.52","4","0.12","0.04","0.08","2","1.333333333","1","0.666666667","0.16","0.106666667","2.1","1.4","50","7.079646018","66.66666667","2.666666667","3.555555556","46.66666667","50.22222222","4","5.333333333","70","75.33333333"
"","","UGP2014NAM-OT03","","","","","","","","","UGP2014NAM-OT03-00118","","","","3","3","2","6","6","2","4","3","4","0","0.28","0","3","2","1","1","9","9","0","0.28","3.28","4","0.07","","0.07","1.333333333","1.333333333","1.333333333","1.333333333","0.093333333","0.093333333","1","1","100","8.536585366","100","3.111111111","3.111111111","33.33333333","36.44444444","3.111111111","3.111111111","33.33333333","36.44444444"
"","","UGP2014NAM-OT03","","","","","","","","","UGP2014NAM-OT03-00119","","","","3","2","2","4","7","1","3","2","1","0","0.2","0","8.5","8","1","1","5","5","0","0.2","8.7","1","0.2","","0.2","0.5","0.333333333","0.5","0.333333333","0.1","0.066666667","4.25","2.833333333","100","2.298850575","66.66666667","2.222222222","2.222222222","94.44444444","96.66666667","3.333333333","3.333333333","141.6666667","145"
"","","UGP2014NAM-OT03","","","","","","","","","UGP2014NAM-OT03-00120","","","","3","3","1","2","6","1","2","3","5","14","3.7","0.4","8","2","3","2","6","3","0.12","4.1","12.1","19","0.74","0.028571429","0.215789474","6.333333333","6.333333333","1.666666667","1.666666667","1.366666667","1.366666667","2.666666667","2.666666667","26.31578947","33.88429752","100","41.11111111","45.55555556","88.88888889","134.4444444","41.11111111","45.55555556","88.88888889","134.4444444"
"","","UGP2014NAM-OT03","","","","","","","","","UGP2014NAM-OT03-00121","","","","3","3","2","4","6","1","2","3","4","4","0.3","0.03","2","8","1","1","3","7","0","0.33","2.33","8","0.075","0.0075","0.04125","2.666666667","2.666666667","1.333333333","1.333333333","0.11","0.11","0.666666667","0.666666667","50","14.16309013","100","3.333333333","3.666666667","22.22222222","25.88888889","3.333333333","3.666666667","22.22222222","25.88888889"
"","","UGP2014NAM-OT03","","","","","","","","","UGP2014NAM-OT03-00122","","","","3","2","2","4","6","1","2","1","1","2","0.68","0.02","1.5","8","1","1","8","3","0","0.7","2.2","3","0.68","0.01","0.233333333","3","1","1","0.333333333","0.7","0.233333333","1.5","0.5","33.33333333","31.81818182","33.33333333","7.555555556","7.777777778","16.66666667","24.44444444","22.66666667","23.33333333","50","73.33333333"
"","","UGP2014NAM-OT03","","","","","","","","","UGP2014NAM-OT03-00123","","","","3","3","1","4","3","1","3","3","18","15","5","0.04","12","8","1","1","8","3","0.12","5.04","17.04","33","0.277777778","0.002666667","0.152727273","11","11","6","6","1.68","1.68","4","4","54.54545455","29.57746479","100","55.55555556","56","133.3333333","189.3333333","55.55555556","56","133.3333333","189.3333333"
"","","UGP2014NAM-OT03","","","","","","","","","UGP2014NAM-OT03-00124","","","","3","3","1","4","6","1","3","3","4","7","0.32","0.12","8","2","1","1","4","5","1.5","0.44","8.44","11","0.08","0.017142857","0.04","3.666666667","3.666666667","1.333333333","1.333333333","0.146666667","0.146666667","2.666666667","2.666666667","36.36363636","5.213270142","100","3.555555556","4.888888889","88.88888889","93.77777778","3.555555556","4.888888889","88.88888889","93.77777778"
"","","UGP2014NAM-OT03","","","","","","","","","UGP2014NAM-OT03-00125","","","","3","3","2","3","8","1","2","3","4","5","0.54","0.24","3.4","8","1","1","2","5","0","0.78","4.18","9","0.135","0.048","0.086666667","3","3","1.333333333","1.333333333","0.26","0.26","1.133333333","1.133333333","44.44444444","18.66028708","100","6","8.666666667","37.77777778","46.44444444","6","8.666666667","37.77777778","46.44444444"
"","","UGP2014NAM-OT03","","","","","","","","","UGP2014NAM-OT03-00126","","","","3","2","1","3","7","1","3","2","3","4","0.4","0.12","1.8","2","1","1","2","5","0.15","0.52","2.32","7","0.133333333","0.03","0.074285714","3.5","2.333333333","1.5","1","0.26","0.173333333","0.9","0.6","42.85714286","22.4137931","66.66666667","4.444444444","5.777777778","20","25.77777778","6.666666667","8.666666667","30","38.66666667"
"","","UGP2014NAM-OT03","","","","","","","","","UGP2014NAM-OT03-00127","","","","3","3","1","3","7","3","5","3","6","7","0.8","0.3","8","2","1","1","3","5","0.12","1.1","9.1","13","0.133333333","0.042857143","0.084615385","4.333333333","4.333333333","2","2","0.366666667","0.366666667","2.666666667","2.666666667","46.15384615","12.08791209","100","8.888888889","12.22222222","88.88888889","101.1111111","8.888888889","12.22222222","88.88888889","101.1111111"
"","","UGP2014NAM-OT03","","","","","","","","","UGP2014NAM-OT03-00128","","","","3","2","1","3","6","1","2","2","1","0","0.12","0","5","9","1","1","9","9","0","0.12","5.12","1","0.12","","0.12","0.5","0.333333333","0.5","0.333333333","0.06","0.04","2.5","1.666666667","100","2.34375","66.66666667","1.333333333","1.333333333","55.55555556","56.88888889","2","2","83.33333333","85.33333333"
"","","UGP2014NAM-OT03","","","","","","","","","UGP2014NAM-OT03-00129","","","","3","3","1","3","5","2","3","3","1","1","0.1","0.04","8","2","1","1","8","7","4.41","0.14","8.14","2","0.1","0.04","0.07","0.666666667","0.666666667","0.333333333","0.333333333","0.046666667","0.046666667","2.666666667","2.666666667","50","1.71990172","100","1.111111111","1.555555556","88.88888889","90.44444444","1.111111111","1.555555556","88.88888889","90.44444444"
"","","UGP2014NAM-OT03","","","","","","","","","UGP2014NAM-OT03-00130","","","","3","0","","","","","","0","0","0","0","0","0","","","","","","","0","0","0","","","","","0","","0","","0","","0","","","0","0","0","0","0","","","",""
"","","UGP2014NAM-OT03","","","","","","","","","UGP2014NAM-OT03-00131","","","","3","0","","","","","","0","0","0","0","0","0","","","","","","","0","0","0","","","","","0","","0","","0","","0","","","0","0","0","0","0","","","",""
"","","UGP2014NAM-OT03","","","","","","","","","UGP2014NAM-OT03-00132","","","","3","3","2","4","8","1","3","3","2","2","0.16","0.07","4.2","9","2","1","3","7","0","0.23","4.43","4","0.08","0.035","0.0575","1.333333333","1.333333333","0.666666667","0.666666667","0.076666667","0.076666667","1.4","1.4","50","5.191873589","100","1.777777778","2.555555556","46.66666667","49.22222222","1.777777778","2.555555556","46.66666667","49.22222222"
"","","UGP2014NAM-OT03","","","","","","","","","UGP2014NAM-OT03-00133","","","","3","2","2","4","6","1","3","2","2","5","0.36","0.12","3","8","2","1","4","5","1.38","0.48","3.48","7","0.18","0.024","0.068571429","3.5","2.333333333","1","0.666666667","0.24","0.16","1.5","1","28.57142857","13.79310345","66.66666667","4","5.333333333","33.33333333","38.66666667","6","8","50","58"
"","","UGP2014NAM-OT03","","","","","","","","","UGP2014NAM-OT03-00134","","","","3","2","2","5","5","3","6","2","2","2","0.72","0.08","3.8","8","3","2","4","3","0.12","0.8","4.6","4","0.36","0.04","0.2","2","1.333333333","1","0.666666667","0.4","0.266666667","1.9","1.266666667","50","17.39130435","66.66666667","8","8.888888889","42.22222222","51.11111111","12","13.33333333","63.33333333","76.66666667"
"","","UGP2014NAM-OT03","","","","","","","","","UGP2014NAM-OT03-00135","","","","3","3","1","3","8","2","4","3","0","0","0","0","6","","","","","","","0","6","0","","","","0","0","0","0","0","0","2","2","","0","100","0","0","66.66666667","66.66666667","0","0","66.66666667","66.66666667"
"","","UGP2014NAM-OT03","","","","","","","","","UGP2014NAM-OT03-00136","","","","3","3","1","4","7","1","2","3","0","0","0","0","11.2","","","","","","","0","11.2","0","","","","0","0","0","0","0","0","3.733333333","3.733333333","","0","100","0","0","124.4444444","124.4444444","0","0","124.4444444","124.4444444"
"","","UGP2014NAM-OT03","","","","","","","","","UGP2014NAM-OT03-00137","","","","3","3","1","2","7","3","5","3","6","3","1.8","0.09","3.2","9","1","1","8","1","3.03","1.89","5.09","9","0.3","0.03","0.21","3","3","2","2","0.63","0.63","1.066666667","1.066666667","66.66666667","37.13163065","100","20","21","35.55555556","56.55555556","20","21","35.55555556","56.55555556"
"","","UGP2014NAM-OT03","","","","","","","","","UGP2014NAM-OT03-00138","","","","3","2","1","6","6","2","4","2","0","3","0","0.08","4","2","2","2","3","9","0","0.08","4.08","3","","0.026666667","0.026666667","1.5","1","0","0","0.04","0.026666667","2","1.333333333","0","1.960784314","66.66666667","0","0.888888889","44.44444444","45.33333333","0","1.333333333","66.66666667","68"
"","","UGP2014NAM-OT03","","","","","","","","","UGP2014NAM-OT03-00139","","","","3","2","1","5","7","1","3","2","4","14","0.44","0.52","3.5","2","1","1","8","5","0.12","0.96","4.46","18","0.11","0.037142857","0.053333333","9","6","2","1.333333333","0.48","0.32","1.75","1.166666667","22.22222222","21.52466368","66.66666667","4.888888889","10.66666667","38.88888889","49.55555556","7.333333333","16","58.33333333","74.33333333"
"","","UGP2014NAM-OT03","","","","","","","","","UGP2014NAM-OT03-00140","","","","3","3","1","4","7","1","3","3","9","13","2.5","0.24","6.2","2","1","2","2","3","0.15","2.74","8.94","22","0.277777778","0.018461538","0.124545455","7.333333333","7.333333333","3","3","0.913333333","0.913333333","2.066666667","2.066666667","40.90909091","30.64876957","100","27.77777778","30.44444444","68.88888889","99.33333333","27.77777778","30.44444444","68.88888889","99.33333333"
"","","UGP2014NAM-OT03","","","","","","","","","UGP2014NAM-OT03-00141","","","","3","3","2","5","6","1","3","3","2","1","0.32","0.05","5","2","1","1","5","3","0","0.37","5.37","3","0.16","0.05","0.123333333","1","1","0.666666667","0.666666667","0.123333333","0.123333333","1.666666667","1.666666667","66.66666667","6.890130354","100","3.555555556","4.111111111","55.55555556","59.66666667","3.555555556","4.111111111","55.55555556","59.66666667"
"","","UGP2014NAM-OT03","","","","","","","","","UGP2014NAM-OT03-00142","","","","3","2","1","4","7","1","2","2","3","3","0.5","0.08","3.5","6","1","1","5","5","14.37","0.58","4.08","6","0.166666667","0.026666667","0.096666667","3","2","1.5","1","0.29","0.193333333","1.75","1.166666667","50","14.21568627","66.66666667","5.555555556","6.444444444","38.88888889","45.33333333","8.333333333","9.666666667","58.33333333","68"
"","","UGP2014NAM-OT03","","","","","","","","","UGP2014NAM-OT03-00143","","","","3","3","2","4","6","4","7","3","3","2","0.24","0.04","2.5","2","3","1","3","5","0.12","0.28","2.78","5","0.08","0.02","0.056","1.666666667","1.666666667","1","1","0.093333333","0.093333333","0.833333333","0.833333333","60","10.07194245","100","2.666666667","3.111111111","27.77777778","30.88888889","2.666666667","3.111111111","27.77777778","30.88888889"
"","","UGP2014NAM-OT03","","","","","","","","","UGP2014NAM-OT03-00144","","","","3","3","2","4","6","3","6","3","0","1","0","0.04","2.5","9","1","1","9","9","0","0.04","2.54","1","","0.04","0.04","0.333333333","0.333333333","0","0","0.013333333","0.013333333","0.833333333","0.833333333","0","1.57480315","100","0","0.444444444","27.77777778","28.22222222","0","0.444444444","27.77777778","28.22222222"
"","","UGP2014NAM-OT03","","","","","","","","","UGP2014NAM-OT03-00145","","","","3","","2","4","6","1","2","","0","0","0","0","2.5","","","","","","","0","2.5","0","","","","","0","","0","","0","","0.833333333","","0","","0","0","27.77777778","27.77777778","","","",""
"","","UGP2014NAM-OT03","","","","","","","","","UGP2014NAM-OT03-00146","","","","3","3","1","2","8","1","2","3","1","2","0.1","0.04","5.5","2","1","1","2","7","0","0.14","5.64","3","0.1","0.02","0.046666667","1","1","0.333333333","0.333333333","0.046666667","0.046666667","1.833333333","1.833333333","33.33333333","2.482269504","100","1.111111111","1.555555556","61.11111111","62.66666667","1.111111111","1.555555556","61.11111111","62.66666667"
"","","UGP2014NAM-OT03","","","","","","","","","UGP2014NAM-OT03-00148","","","","3","3","2","6","6","2","4","3","0","0","0","0","2.3","","","","","","","0","2.3","0","","","","0","0","0","0","0","0","0.766666667","0.766666667","","0","100","0","0","25.55555556","25.55555556","0","0","25.55555556","25.55555556"
"","","UGP2014NAM-OT03","","","","","","","","","UGP2014NAM-OT03-00149","","","","3","1","1","2","5","1","3","1","2","0","0.1","0","2","8","1","1","2","4","0.15","0.1","2.1","2","0.05","","0.05","2","0.666666667","2","0.666666667","0.1","0.033333333","2","0.666666667","100","4.761904762","33.33333333","1.111111111","1.111111111","22.22222222","23.33333333","3.333333333","3.333333333","66.66666667","70"
"","","UGP2014NAM-OT03","","","","","","","","","UGP2014NAM-OT03-00150","","","","3","2","2","6","5","1","6","2","2","0","0.1","0","3.5","2","2","1","3","9","0","0.1","3.6","2","0.05","","0.05","1","0.666666667","1","0.666666667","0.05","0.033333333","1.75","1.166666667","100","2.777777778","66.66666667","1.111111111","1.111111111","38.88888889","40","1.666666667","1.666666667","58.33333333","60"
"","","UGP2014NAM-OT03","","","","","","","","","UGP2014NAM-OT03-00151","","","","3","2","2","5","7","3","3","2","7","3","0.6","0.08","5","9","1","1","5","5","0.12","0.68","5.68","10","0.085714286","0.026666667","0.068","5","3.333333333","3.5","2.333333333","0.34","0.226666667","2.5","1.666666667","70","11.97183099","66.66666667","6.666666667","7.555555556","55.55555556","63.11111111","10","11.33333333","83.33333333","94.66666667"
"","","UGP2014NAM-OT03","","","","","","","","","UGP2014NAM-OT03-00152","","","","3","2","2","3","6","1","4","2","0","0","0","0","2","","","","","","","0","2","0","","","","0","0","0","0","0","0","1","0.666666667","","0","66.66666667","0","0","22.22222222","22.22222222","0","0","33.33333333","33.33333333"
"","","UGP2014NAM-OT03","","","","","","","","","UGP2014NAM-OT03-00153","","","","3","3","2","4","6","2","6","3","2","2","0.2","0.08","1","8","1","1","3","7","0","0.28","1.28","4","0.1","0.04","0.07","1.333333333","1.333333333","0.666666667","0.666666667","0.093333333","0.093333333","0.333333333","0.333333333","50","21.875","100","2.222222222","3.111111111","11.11111111","14.22222222","2.222222222","3.111111111","11.11111111","14.22222222"
"","","UGP2014NAM-OT03","","","","","","","","","UGP2014NAM-OT03-00154","","","","3","2","2","5","8","3","4","2","3","4","0.2","0.1","2.9","9","1","1","3","7","0.12","0.3","3.2","7","0.066666667","0.025","0.042857143","3.5","2.333333333","1.5","1","0.15","0.1","1.45","0.966666667","42.85714286","9.375","66.66666667","2.222222222","3.333333333","32.22222222","35.55555556","3.333333333","5","48.33333333","53.33333333"
"","","UGP2014NAM-OT03","","","","","","","","","UGP2014NAM-OT03-00155","","","","3","3","2","4","6","4","7","3","0","0","0","0","0.6","","","","","","","0","0.6","0","","","","0","0","0","0","0","0","0.2","0.2","","0","100","0","0","6.666666667","6.666666667","0","0","6.666666667","6.666666667"
"","","UGP2014NAM-OT03","","","","","","","","","UGP2014NAM-OT03-00157","","","","3","0","","","","","","0","0","0","0","0","0","","","","","","","0","0","0","","","","","0","","0","","0","","0","","","0","0","0","0","0","","","",""
"","","UGP2014NAM-OT03","","","","","","","","","UGP2014NAM-OT03-00158","","","","3","3","1","3","7","1","2","3","2","10","0.2","0.1","4","2","1","1","5","9","0.15","0.3","4.3","12","0.1","0.01","0.025","4","4","0.666666667","0.666666667","0.1","0.1","1.333333333","1.333333333","16.66666667","6.976744186","100","2.222222222","3.333333333","44.44444444","47.77777778","2.222222222","3.333333333","44.44444444","47.77777778"
"","","UGP2014NAM-OT03","","","","","","","","","UGP2014NAM-OT03-00159","","","","3","2","2","2","6","1","3","2","4","3","0.4","0.04","1","2","3","1","3","5","0.12","0.44","1.44","7","0.1","0.013333333","0.062857143","3.5","2.333333333","2","1.333333333","0.22","0.146666667","0.5","0.333333333","57.14285714","30.55555556","66.66666667","4.444444444","4.888888889","11.11111111","16","6.666666667","7.333333333","16.66666667","24"
"","","UGP2014NAM-OT03","","","","","","","","","UGP2014NAM-OT03-00160","","","","3","3","2","3","6","2","4","3","2","0","0.12","0","6","6","1","1","8","5","0.12","0.12","6.12","2","0.06","","0.06","0.666666667","0.666666667","0.666666667","0.666666667","0.04","0.04","2","2","100","1.960784314","100","1.333333333","1.333333333","66.66666667","68","1.333333333","1.333333333","66.66666667","68"
"","","UGP2014NAM-OT03","","","","","","","","","UGP2014NAM-OT03-00161","","","","3","3","1","2","6","2","4","3","5","7","1","0.18","2.5","8","1","1","2","5","0","1.18","3.68","12","0.2","0.025714286","0.098333333","4","4","1.666666667","1.666666667","0.393333333","0.393333333","0.833333333","0.833333333","41.66666667","32.06521739","100","11.11111111","13.11111111","27.77777778","40.88888889","11.11111111","13.11111111","27.77777778","40.88888889"
"","","UGP2014NAM-OT03","","","","","","","","","UGP2014NAM-OT03-00162","","","","3","2","1","4","7","3","5","2","6","3","1.08","0.11","2.2","2","1","1","2","3","0.12","1.19","3.39","9","0.18","0.036666667","0.132222222","4.5","3","3","2","0.595","0.396666667","1.1","0.733333333","66.66666667","35.10324484","66.66666667","12","13.22222222","24.44444444","37.66666667","18","19.83333333","36.66666667","56.5"
"","","UGP2014NAM-OT03","","","","","","","","","UGP2014NAM-OT03-00163","","","","3","3","2","6","8","1","2","3","4","0","1","0","11.3","2","1","1","4","1","0","1","12.3","4","0.25","","0.25","1.333333333","1.333333333","1.333333333","1.333333333","0.333333333","0.333333333","3.766666667","3.766666667","100","8.130081301","100","11.11111111","11.11111111","125.5555556","136.6666667","11.11111111","11.11111111","125.5555556","136.6666667"
"","","UGP2014NAM-OT03","","","","","","","","","UGP2014NAM-OT03-00164","","","","3","2","1","4","7","1","3","2","0","0","0","0","1.2","","","","","","","0","1.2","0","","","","0","0","0","0","0","0","0.6","0.4","","0","66.66666667","0","0","13.33333333","13.33333333","0","0","20","20"
"","","UGP2014NAM-OT03","","","","","","","","","UGP2014NAM-OT03-00165","","","","3","1","3","5","7","1","3","1","0","0","0","0","1","","","","","","","0","1","0","","","","0","0","0","0","0","0","1","0.333333333","","0","33.33333333","0","0","11.11111111","11.11111111","0","0","33.33333333","33.33333333"
"","","UGP2014NAM-OT03","","","","","","","","","UGP2014NAM-OT03-00166","","","","3","3","1","3","8","1","2","3","0","0","0","0","3.5","","","","","","","0","3.5","0","","","","0","0","0","0","0","0","1.166666667","1.166666667","","0","100","0","0","38.88888889","38.88888889","0","0","38.88888889","38.88888889"
"","","UGP2014NAM-OT03","","","","","","","","","UGP2014NAM-OT03-00167","","","","3","0","","","","","","0","0","0","0","0","0","","","","","","","0","0","0","","","","","0","","0","","0","","0","","","0","0","0","0","0","","","",""
"","","UGP2014NAM-OT03","","","","","","","","","UGP2014NAM-OT03-00168","","","","3","2","2","3","6","1","2","2","2","0","0.64","0","5","9","1","1","5","3","0","0.64","5.64","2","0.32","","0.32","1","0.666666667","1","0.666666667","0.32","0.213333333","2.5","1.666666667","100","11.34751773","66.66666667","7.111111111","7.111111111","55.55555556","62.66666667","10.66666667","10.66666667","83.33333333","94"
"","","UGP2014NAM-OT03","","","","","","","","","UGP2014NAM-OT03-00169","","","","3","0","","","","","","0","0","0","0","0","0","","","","","","","0","0","0","","","","","0","","0","","0","","0","","","0","0","0","0","0","","","",""
"","","UGP2014NAM-OT03","","","","","","","","","UGP2014NAM-OT03-00170","","","","3","0","","","","","","0","0","0","0","0","0","","","","","","","0","0","0","","","","","0","","0","","0","","0","","","0","0","0","0","0","","","",""
"","","UGP2014NAM-OT03","","","","","","","","","UGP2014NAM-OT03-00171","","","","3","3","2","4","7","1","3","3","0","0","0","0","9","","","","","","","0","9","0","","","","0","0","0","0","0","0","3","3","","0","100","0","0","100","100","0","0","100","100"
"","","UGP2014NAM-OT03","","","","","","","","","UGP2014NAM-OT03-00172","","","","3","2","2","3","6","2","4","2","4","1","1","0.01","3.1","8","2","2","1","3","0","1.01","4.11","5","0.25","0.01","0.202","2.5","1.666666667","2","1.333333333","0.505","0.336666667","1.55","1.033333333","80","24.57420925","66.66666667","11.11111111","11.22222222","34.44444444","45.66666667","16.66666667","16.83333333","51.66666667","68.5"
"","","UGP2014NAM-OT03","","","","","","","","","UGP2014NAM-OT03-00173","","","","3","3","2","4","8","1","3","3","0","1","0","0.01","3.8","2","1","1","9","9","0.15","0.01","3.81","1","","0.01","0.01","0.333333333","0.333333333","0","0","0.003333333","0.003333333","1.266666667","1.266666667","0","0.262467192","100","0","0.111111111","42.22222222","42.33333333","0","0.111111111","42.22222222","42.33333333"
"","","UGP2014NAM-OT03","","","","","","","","","UGP2014NAM-OT03-00174","","","","3","3","1","8","6","3","5","3","1","2","0.12","0.04","0.32","2","2","5","5","5","0","0.16","0.48","3","0.12","0.02","0.053333333","1","1","0.333333333","0.333333333","0.053333333","0.053333333","0.106666667","0.106666667","33.33333333","33.33333333","100","1.333333333","1.777777778","3.555555556","5.333333333","1.333333333","1.777777778","3.555555556","5.333333333"
"","","UGP2014NAM-OT03","","","","","","","","","UGP2014NAM-OT03-00175","","","","3","0","","","","","","0","0","0","0","0","0","","","","","","","0","0","0","","","","","0","","0","","0","","0","","","0","0","0","0","0","","","",""
"","","UGP2014NAM-OT03","","","","","","","","","UGP2014NAM-OT03-00176","","","","3","3","1","2","8","1","2","3","0","0","0","0","3","","","","","","","0","3","0","","","","0","0","0","0","0","0","1","1","","0","100","0","0","33.33333333","33.33333333","0","0","33.33333333","33.33333333"
"","","UGP2014NAM-OT03","","","","","","","","","UGP2014NAM-OT03-00177","","","","3","1","2","6","6","4","7","1","2","1","0.44","0.05","3.5","8","1","1","1","5","0","0.49","3.99","3","0.22","0.05","0.163333333","3","1","2","0.666666667","0.49","0.163333333","3.5","1.166666667","66.66666667","12.28070175","33.33333333","4.888888889","5.444444444","38.88888889","44.33333333","14.66666667","16.33333333","116.6666667","133"
"","","UGP2014NAM-OT03","","","","","","","","","UGP2014NAM-OT03-00178","","","","3","2","2","6","6","1","3","2","2","1","0.32","0.03","1","6","1","2","6","3","0","0.35","1.35","3","0.16","0.03","0.116666667","1.5","1","1","0.666666667","0.175","0.116666667","0.5","0.333333333","66.66666667","25.92592593","66.66666667","3.555555556","3.888888889","11.11111111","15","5.333333333","5.833333333","16.66666667","22.5"
"","","UGP2014NAM-OT03","","","","","","","","","UGP2014NAM-OT03-00179","","","","3","2","2","4","6","1","3","2","6","4","0.64","0.12","2.5","8","1","2","9","5","0.15","0.76","3.26","10","0.106666667","0.03","0.076","5","3.333333333","3","2","0.38","0.253333333","1.25","0.833333333","60","23.31288344","66.66666667","7.111111111","8.444444444","27.77777778","36.22222222","10.66666667","12.66666667","41.66666667","54.33333333"
"","","UGP2014NAM-OT03","","","","","","","","","UGP2014NAM-OT03-00180","","","","3","2","1","8","5","3","6","2","0","1","0","0.04","1","2","1","1","3","9","0.02","0.04","1.04","1","","0.04","0.04","0.5","0.333333333","0","0","0.02","0.013333333","0.5","0.333333333","0","3.846153846","66.66666667","0","0.444444444","11.11111111","11.55555556","0","0.666666667","16.66666667","17.33333333"
"","","UGP2014NAM-OT03","","","","","","","","","UGP2014NAM-OT03-00181","","","","3","3","2","4","6","1","3","3","1","3","0.08","0.1","2.5","2","1","2","2","7","0","0.18","2.68","4","0.08","0.033333333","0.045","1.333333333","1.333333333","0.333333333","0.333333333","0.06","0.06","0.833333333","0.833333333","25","6.71641791","100","0.888888889","2","27.77777778","29.77777778","0.888888889","2","27.77777778","29.77777778"
"","","UGP2014NAM-OT03","","","","","","","","","UGP2014NAM-OT03-00182","","","","3","2","2","5","6","2","4","2","0","0","0","0","0.5","","","","","","","0","0.5","0","","","","0","0","0","0","0","0","0.25","0.166666667","","0","66.66666667","0","0","5.555555556","5.555555556","0","0","8.333333333","8.333333333"
"","","UGP2014NAM-OT03","","","","","","","","","UGP2014NAM-OT03-00183","","","","3","3","2","4","6","2","4","3","3","2","0.32","0.08","4.5","2","2","4","5","5","0","0.4","4.9","5","0.106666667","0.04","0.08","1.666666667","1.666666667","1","1","0.133333333","0.133333333","1.5","1.5","60","8.163265306","100","3.555555556","4.444444444","50","54.44444444","3.555555556","4.444444444","50","54.44444444"
"","","UGP2014NAM-OT03","","","","","","","","","UGP2014NAM-OT03-00184","","","","3","2","3","6","8","2","4","2","3","3","0.28","0.08","2.5","8","1","1","2","5","1.65","0.36","2.86","6","0.093333333","0.026666667","0.06","3","2","1.5","1","0.18","0.12","1.25","0.833333333","50","12.58741259","66.66666667","3.111111111","4","27.77777778","31.77777778","4.666666667","6","41.66666667","47.66666667"
"","","UGP2014NAM-OT03","","","","","","","","","UGP2014NAM-OT03-00185","","","","3","1","1","4","6","1","2","1","0","0","0","0","0.1","","","","","","","0","0.1","0","","","","0","0","0","0","0","0","0.1","0.033333333","","0","33.33333333","0","0","1.111111111","1.111111111","0","0","3.333333333","3.333333333"
"","","UGP2014NAM-OT03","","","","","","","","","UGP2014NAM-OT03-00186","","","","3","3","2","4","8","1","3","3","4","4","4","0.04","4.6","2","1","1","2","3","0","4.04","8.64","8","1","0.01","0.505","2.666666667","2.666666667","1.333333333","1.333333333","1.346666667","1.346666667","1.533333333","1.533333333","50","46.75925926","100","44.44444444","44.88888889","51.11111111","96","44.44444444","44.88888889","51.11111111","96"
"","","UGP2014NAM-OT03","","","","","","","","","UGP2014NAM-OT03-00187","","","","3","1","2","4","","1","3","1","0","0","0","0","0.28","","","","","","","0","0.28","0","","","","0","0","0","0","0","0","0.28","0.093333333","","0","33.33333333","0","0","3.111111111","3.111111111","0","0","9.333333333","9.333333333"
"","","UGP2014NAM-OT03","","","","","","","","","UGP2014NAM-OT03-00188","","","","3","3","2","7","","1","2","3","3","0","0.6","0","2.2","2","1","1","1","5","4.92","0.6","2.8","3","0.2","","0.2","1","1","1","1","0.2","0.2","0.733333333","0.733333333","100","21.42857143","100","6.666666667","6.666666667","24.44444444","31.11111111","6.666666667","6.666666667","24.44444444","31.11111111"
"","","UGP2014NAM-OT03","","","","","","","","","UGP2014NAM-OT03-00189","","","","3","0","","","","","","0","0","0","0","0","0","","","","","","","0","0","0","","","","","0","","0","","0","","0","","","0","0","0","0","0","","","",""
"","","UGP2014NAM-OT03","","","","","","","","","UGP2014NAM-OT03-00191","","","","3","0","","","","","","0","0","0","0","0","0","","","","","","","0","0","0","","","","","0","","0","","0","","0","","","0","0","0","0","0","","","",""
"","","UGP2014NAM-OT03","","","","","","","","","UGP2014NAM-OT03-00192","","","","3","1","3","7","","2","4","1","1","0","0.04","0","2.5","8","1","1","3","9","0.03","0.04","2.54","1","0.04","","0.04","1","0.333333333","1","0.333333333","0.04","0.013333333","2.5","0.833333333","100","1.57480315","33.33333333","0.444444444","0.444444444","27.77777778","28.22222222","1.333333333","1.333333333","83.33333333","84.66666667"
"","","UGP2014NAM-OT03","","","","","","","","","UGP2014NAM-OT03-00193","","","","3","2","4","8","","1","2","2","2","2","0.1","0.02","3.2","2","1","1","3","7","0.03","0.12","3.32","4","0.05","0.01","0.03","2","1.333333333","1","0.666666667","0.06","0.04","1.6","1.066666667","50","3.614457831","66.66666667","1.111111111","1.333333333","35.55555556","36.88888889","1.666666667","2","53.33333333","55.33333333"
"","","UGP2014NAM-OT03","","","","","","","","","UGP2014NAM-OT03-00194","","","","3","0","","","","","","0","0","0","0","0","0","","","","","","","0","0","0","","","","","0","","0","","0","","0","","","0","0","0","0","0","","","",""
"","","UGP2014NAM-OT03","","","","","","","","","UGP2014NAM-OT03-00195","","","","3","3","3","7","","2","4","3","","1","0.1","0.01","2.4","8","1","1","9","9","0","0.11","2.51","","","0.01","","","","","","0.036666667","0.036666667","0.8","0.8","","4.38247012","100","1.111111111","1.222222222","26.66666667","27.88888889","1.111111111","1.222222222","26.66666667","27.88888889"
"","","UGP2014NAM-OT03","","","","","","","","","UGP2014NAM-OT03-00196","","","","3","2","3","6","","1","3","2","1","1","0.28","0.04","0.2","8","1","1","2","7","0.03","0.32","0.52","2","0.28","0.04","0.16","1","0.666666667","0.5","0.333333333","0.16","0.106666667","0.1","0.066666667","50","61.53846154","66.66666667","3.111111111","3.555555556","2.222222222","5.777777778","4.666666667","5.333333333","3.333333333","8.666666667"
"","","UGP2014NAM-OT03","","","","","","","","","UGP2014NAM-OT03-00197","","","","3","2","2","5","","1","3","2","0","0","0","0","0.1","","","","","","","0","0.1","0","","","","0","0","0","0","0","0","0.05","0.033333333","","0","66.66666667","0","0","1.111111111","1.111111111","0","0","1.666666667","1.666666667"
"","","UGP2014NAM-OT03","","","","","","","","","UGP2014NAM-OT03-00198","","","","3","2","3","7","","1","6","2","2","4","0.12","0.1","2","8","1","1","3","7","1.5","0.22","2.22","6","0.06","0.025","0.036666667","3","2","1","0.666666667","0.11","0.073333333","1","0.666666667","33.33333333","9.90990991","66.66666667","1.333333333","2.444444444","22.22222222","24.66666667","2","3.666666667","33.33333333","37"
"","","UGP2014NAM-OT03","","","","","","","","","UGP2014NAM-OT03-00199","","","","3","0","","","","","","0","0","0","0","0","0","","","","","","","0","0","0","","","","","0","","0","","0","","0","","","0","0","0","0","0","","","",""
"","","UGP2014NAM-OT03","","","","","","","","","UGP2014NAM-OT03-00200","","","","3","3","3","8","","1","3","3","1","1","0.1","0.05","4","6","1","1","9","9","0.12","0.15","4.15","2","0.1","0.05","0.075","0.666666667","0.666666667","0.333333333","0.333333333","0.05","0.05","1.333333333","1.333333333","50","3.614457831","100","1.111111111","1.666666667","44.44444444","46.11111111","1.111111111","1.666666667","44.44444444","46.11111111"
"","","UGP2014NAM-OT03","","","","","","","","","UGP2014NAM-OT03-00201","","","","3","2","3","7","","1","2","2","0","1","0","0.04","3","8","1","1","8","9","0.12","0.04","3.04","1","","0.04","0.04","0.5","0.333333333","0","0","0.02","0.013333333","1.5","1","0","1.315789474","66.66666667","0","0.444444444","33.33333333","33.77777778","0","0.666666667","50","50.66666667"
"","","UGP2014NAM-OT03","","","","","","","","","UGP2014NAM-OT03-00202","","","","3","2","5","7","","1","3","2","2","4","0.32","0.12","1.5","8","1","1","3","7","0","0.44","1.94","6","0.16","0.03","0.073333333","3","2","1","0.666666667","0.22","0.146666667","0.75","0.5","33.33333333","22.68041237","66.66666667","3.555555556","4.888888889","16.66666667","21.55555556","5.333333333","7.333333333","25","32.33333333"
"","","UGP2014NAM-OT03","","","","","","","","","UGP2014NAM-OT03-00203","","","","3","1","2","","","","","1","0","1","0","0.02","1.5","2","1","1","9","9","1.5","0.02","1.52","1","","0.02","0.02","1","0.333333333","0","0","0.02","0.006666667","1.5","0.5","0","1.315789474","33.33333333","0","0.222222222","16.66666667","16.88888889","0","0.666666667","50","50.66666667"
"","","UGP2014NAM-OT03","","","","","","","","","UGP2014NAM-OT03-00204","","","","3","2","3","7","","","4","2","0","1","0","0.01","0.24","2","1","1","9","9","0.12","0.01","0.25","1","","0.01","0.01","0.5","0.333333333","0","0","0.005","0.003333333","0.12","0.08","0","4","66.66666667","0","0.111111111","2.666666667","2.777777778","0","0.166666667","4","4.166666667"
"","","UGP2014NAM-OT03","","","","","","","","","UGP2014NAM-OT03-00205","","","","3","0","","","","","","0","0","0","0","0","0","","","","","","","0","0","0","","","","","0","","0","","0","","0","","","0","0","0","0","0","","","",""
"","","UGP2014NAM-OT03","","","","","","","","","UGP2014NAM-OT03-00206","","","","3","3","3","4","","1","3","3","2","1","0.24","0.05","0.04","2","1","1","5","9","0.15","0.29","0.33","3","0.12","0.05","0.096666667","1","1","0.666666667","0.666666667","0.096666667","0.096666667","0.013333333","0.013333333","66.66666667","87.87878788","100","2.666666667","3.222222222","0.444444444","3.666666667","2.666666667","3.222222222","0.444444444","3.666666667"
"","","UGP2014NAM-OT03","","","","","","","","","UGP2014NAM-OT03-00207","","","","3","3","3","7","","2","3","3","5","1","2.3","0.03","5","2","1","1","4","1","0.12","2.33","7.33","6","0.46","0.03","0.388333333","2","2","1.666666667","1.666666667","0.776666667","0.776666667","1.666666667","1.666666667","83.33333333","31.78717599","100","25.55555556","25.88888889","55.55555556","81.44444444","25.55555556","25.88888889","55.55555556","81.44444444"
"","","UGP2014NAM-OT03","","","","","","","","","UGP2014NAM-OT03-00208","","","","3","2","4","6","","4","7","2","0","0","0","0","2.5","","","","","","","0","2.5","0","","","","0","0","0","0","0","0","1.25","0.833333333","","0","66.66666667","0","0","27.77777778","27.77777778","0","0","41.66666667","41.66666667"
"","","UGP2014NAM-OT03","","","","","","","","","UGP2014NAM-OT03-00209","","","","3","2","3","6","","2","2","2","1","3","0.2","0.08","3.5","2","1","1","2","5","0","0.28","3.78","4","0.2","0.026666667","0.07","2","1.333333333","0.5","0.333333333","0.14","0.093333333","1.75","1.166666667","25","7.407407407","66.66666667","2.222222222","3.111111111","38.88888889","42","3.333333333","4.666666667","58.33333333","63"
"","","UGP2014NAM-OT03","","","","","","","","","UGP2014NAM-OT03-00210","","","","3","3","3","7","","3","3","3","4","2","0.44","0.07","4.6","8","2","2","2","5","0","0.51","5.11","6","0.11","0.035","0.085","2","2","1.333333333","1.333333333","0.17","0.17","1.533333333","1.533333333","66.66666667","9.980430528","100","4.888888889","5.666666667","51.11111111","56.77777778","4.888888889","5.666666667","51.11111111","56.77777778"
"","","UGP2014NAM-OT03","","","","","","","","","UGP2014NAM-OT03-00211","","","","3","1","3","6","","3","6","1","0","0","0","0","0.02","","","","","","","0","0.02","0","","","","0","0","0","0","0","0","0.02","0.006666667","","0","33.33333333","0","0","0.222222222","0.222222222","0","0","0.666666667","0.666666667"
"","","UGP2014NAM-OT03","","","","","","","","","UGP2014NAM-OT03-00212","","","","3","0","","","","","","0","0","0","0","0","0","","","","","","","0","0","0","","","","","0","","0","","0","","0","","","0","0","0","0","0","","","",""
"","","UGP2014NAM-OT03","","","","","","","","","UGP2014NAM-OT03-00213","","","","3","3","6","7","","2","4","3","2","0","0.24","0","4.5","9","1","1","1","5","0.12","0.24","4.74","2","0.12","","0.12","0.666666667","0.666666667","0.666666667","0.666666667","0.08","0.08","1.5","1.5","100","5.063291139","100","2.666666667","2.666666667","50","52.66666667","2.666666667","2.666666667","50","52.66666667"
"","","UGP2014NAM-OT03","","","","","","","","","UGP2014NAM-OT03-00214","","","","3","3","3","6","","2","4","3","4","4","1","0.09","1","9","2","1","4","1","3.96","1.09","2.09","8","0.25","0.0225","0.13625","2.666666667","2.666666667","1.333333333","1.333333333","0.363333333","0.363333333","0.333333333","0.333333333","50","52.15311005","100","11.11111111","12.11111111","11.11111111","23.22222222","11.11111111","12.11111111","11.11111111","23.22222222"
"","","UGP2014NAM-OT03","","","","","","","","","UGP2014NAM-OT03-00215","","","","3","3","3","6","","1","3","3","2","0","0.64","0","3.2","8","1","1","1","3","0","0.64","3.84","2","0.32","","0.32","0.666666667","0.666666667","0.666666667","0.666666667","0.213333333","0.213333333","1.066666667","1.066666667","100","16.66666667","100","7.111111111","7.111111111","35.55555556","42.66666667","7.111111111","7.111111111","35.55555556","42.66666667"
"","","UGP2014NAM-OT03","","","","","","","","","UGP2014NAM-OT03-00216","","","","3","2","4","5","","3","6","2","0","0","0","0","1.2","","","","","","","0","1.2","0","","","","0","0","0","0","0","0","0.6","0.4","","0","66.66666667","0","0","13.33333333","13.33333333","0","0","20","20"
"","","UGP2014NAM-OT03","","","","","","","","","UGP2014NAM-OT03-00217","","","","3","2","2","6","","1","3","2","1","0","0.2","0","2.5","2","1","1","9","7","0","0.2","2.7","1","0.2","","0.2","0.5","0.333333333","0.5","0.333333333","0.1","0.066666667","1.25","0.833333333","100","7.407407407","66.66666667","2.222222222","2.222222222","27.77777778","30","3.333333333","3.333333333","41.66666667","45"
"","","UGP2014NAM-OT03","","","","","","","","","UGP2014NAM-OT03-00218","","","","3","2","3","6","","3","5","2","0","1","0","0.01","2.8","8","1","1","9","9","0","0.01","2.81","1","","0.01","0.01","0.5","0.333333333","0","0","0.005","0.003333333","1.4","0.933333333","0","0.355871886","66.66666667","0","0.111111111","31.11111111","31.22222222","0","0.166666667","46.66666667","46.83333333"
"","","UGP2014NAM-OT03","","","","","","","","","UGP2014NAM-OT03-00219","","","","3","2","1","2","6","1","2","2","0","0","0","0","2.6","","","","","","","0","2.6","0","","","","0","0","0","0","0","0","1.3","0.866666667","","0","66.66666667","0","0","28.88888889","28.88888889","0","0","43.33333333","43.33333333"
"","","UGP2014NAM-OT03","","","","","","","","","UGP2014NAM-OT03-00221","","","","3","3","4","8","7","1","3","3","1","4","0.16","0.06","4.5","8","1","1","5","5","0.12","0.22","4.72","5","0.16","0.015","0.044","1.666666667","1.666666667","0.333333333","0.333333333","0.073333333","0.073333333","1.5","1.5","20","4.661016949","100","1.777777778","2.444444444","50","52.44444444","1.777777778","2.444444444","50","52.44444444"
"","","UGP2014NAM-OT03","","","","","","","","","UGP2014NAM-OT03-00222","","","","3","3","3","3","6","2","4","3","0","1","0","0.04","2.5","2","1","1","3","9","0.12","0.04","2.54","1","","0.04","0.04","0.333333333","0.333333333","0","0","0.013333333","0.013333333","0.833333333","0.833333333","0","1.57480315","100","0","0.444444444","27.77777778","28.22222222","0","0.444444444","27.77777778","28.22222222"
"","","UGP2014NAM-OT03","","","","","","","","","UGP2014NAM-OT03-00223","","","","3","3","1","3","5","1","2","3","4","4","0.28","0.05","2","2","1","2","2","7","1.38","0.33","2.33","8","0.07","0.0125","0.04125","2.666666667","2.666666667","1.333333333","1.333333333","0.11","0.11","0.666666667","0.666666667","50","14.16309013","100","3.111111111","3.666666667","22.22222222","25.88888889","3.111111111","3.666666667","22.22222222","25.88888889"
"","","UGP2014NAM-OT03","","","","","","","","","UGP2014NAM-OT03-00224","","","","3","3","2","3","7","3","5","3","0","0","0","0","4","","","","","","","0","4","0","","","","0","0","0","0","0","0","1.333333333","1.333333333","","0","100","0","0","44.44444444","44.44444444","0","0","44.44444444","44.44444444"
"","","UGP2014NAM-OT03","","","","","","","","","UGP2014NAM-OT03-00225","","","","3","3","4","6","6","1","3","3","2","1","0.16","0.05","1","8","1","1","1","7","0.12","0.21","1.21","3","0.08","0.05","0.07","1","1","0.666666667","0.666666667","0.07","0.07","0.333333333","0.333333333","66.66666667","17.3553719","100","1.777777778","2.333333333","11.11111111","13.44444444","1.777777778","2.333333333","11.11111111","13.44444444"
"","","UGP2014NAM-OT03","","","","","","","","","UGP2014NAM-OT03-00226","","","","3","3","2","3","7","1","3","3","4","8","0.6","0.02","6","9","2","3","6","5","0","0.62","6.62","12","0.15","0.0025","0.051666667","4","4","1.333333333","1.333333333","0.206666667","0.206666667","2","2","33.33333333","9.365558912","100","6.666666667","6.888888889","66.66666667","73.55555556","6.666666667","6.888888889","66.66666667","73.55555556"
"","","UGP2014NAM-OT03","","","","","","","","","UGP2014NAM-OT03-00227","","","","3","3","4","6","4","1","2","1","0","0","0","0","0.48","","","","","","","0","0.48","0","","","","0","0","0","0","0","0","0.48","0.16","","0","33.33333333","0","0","5.333333333","5.333333333","0","0","16","16"
"","","UGP2014NAM-OT03","","","","","","","","","UGP2014NAM-OT03-00228","","","","3","2","4","6","7","1","2","2","4","0","1","0","1.5","8","1","2","2","3","1.5","1","2.5","4","0.25","","0.25","2","1.333333333","2","1.333333333","0.5","0.333333333","0.75","0.5","100","40","66.66666667","11.11111111","11.11111111","16.66666667","27.77777778","16.66666667","16.66666667","25","41.66666667"
"","","UGP2014NAM-OT03","","","","","","","","","UGP2014NAM-OT03-00229","","","","3","1","3","3","6","2","3","1","1","0","0.2","0","1","8","1","1","2","7","0","0.2","1.2","1","0.2","","0.2","1","0.333333333","1","0.333333333","0.2","0.066666667","1","0.333333333","100","16.66666667","33.33333333","2.222222222","2.222222222","11.11111111","13.33333333","6.666666667","6.666666667","33.33333333","40"
"","","UGP2014NAM-OT03","","","","","","","","","UGP2014NAM-OT03-00230","","","","3","3","3","4","7","1","3","3","1","0","0.14","0","3","2","1","1","4","5","0.12","0.14","3.14","1","0.14","","0.14","0.333333333","0.333333333","0.333333333","0.333333333","0.046666667","0.046666667","1","1","100","4.458598726","100","1.555555556","1.555555556","33.33333333","34.88888889","1.555555556","1.555555556","33.33333333","34.88888889"
"","","UGP2014NAM-OT03","","","","","","","","","UGP2014NAM-OT03-00231","","","","3","1","2","2","6","1","2","1","0","1","0","0.01","1","2","1","1","3","9","0.15","0.01","1.01","1","","0.01","0.01","1","0.333333333","0","0","0.01","0.003333333","1","0.333333333","0","0.99009901","33.33333333","0","0.111111111","11.11111111","11.22222222","0","0.333333333","33.33333333","33.66666667"
"","","UGP2014NAM-OT03","","","","","","","","","UGP2014NAM-OT03-00232","","","","3","3","1","3","8","1","2","3","8","6","1.4","0.2","2.5","2","1","3","4","3","0.15","1.6","4.1","14","0.175","0.033333333","0.114285714","4.666666667","4.666666667","2.666666667","2.666666667","0.533333333","0.533333333","0.833333333","0.833333333","57.14285714","39.02439024","100","15.55555556","17.77777778","27.77777778","45.55555556","15.55555556","17.77777778","27.77777778","45.55555556"
"","","UGP2014NAM-OT03","","","","","","","","","UGP2014NAM-OT03-00233","","","","3","3","3","4","8","1","3","3","4","0","1.5","0","7.5","6","2","1","4","5","0","1.5","9","4","0.375","","0.375","1.333333333","1.333333333","1.333333333","1.333333333","0.5","0.5","2.5","2.5","100","16.66666667","100","16.66666667","16.66666667","83.33333333","100","16.66666667","16.66666667","83.33333333","100"
"","","UGP2014NAM-OT03","","","","","","","","","UGP2014NAM-OT03-00234","","","","3","0","","","","","","0","0","0","0","0","0","","","","","","","0","0","0","","","","","0","","0","","0","","0","","","0","0","0","0","0","","","",""
"","","UGP2014NAM-OT03","","","","","","","","","UGP2014NAM-OT03-00235","","","","3","3","3","7","7","1","3","3","0","3","0","0.03","7.3","9","1","1","3","9","1.5","0.03","7.33","3","","0.01","0.01","1","1","0","0","0.01","0.01","2.433333333","2.433333333","0","0.409276944","100","0","0.333333333","81.11111111","81.44444444","0","0.333333333","81.11111111","81.44444444"
"","","UGP2014NAM-OT03","","","","","","","","","UGP2014NAM-OT03-00236","","","","3","3","2","3","5","1","2","3","4","4","0.4","0.1","7","9","1","","2","5","0.15","0.5","7.5","8","0.1","0.025","0.0625","2.666666667","2.666666667","1.333333333","1.333333333","0.166666667","0.166666667","2.333333333","2.333333333","50","6.666666667","100","4.444444444","5.555555556","77.77777778","83.33333333","4.444444444","5.555555556","77.77777778","83.33333333"
"","","UGP2014NAM-OT03","","","","","","","","","UGP2014NAM-OT03-00237","","","","3","3","2","3","7","1","2","3","2","1","0.1","0.02","7","9","2","1","3","9","1.5","0.12","7.12","3","0.05","0.02","0.04","1","1","0.666666667","0.666666667","0.04","0.04","2.333333333","2.333333333","66.66666667","1.685393258","100","1.111111111","1.333333333","77.77777778","79.11111111","1.111111111","1.333333333","77.77777778","79.11111111"
"","","UGP2014NAM-OT03","","","","","","","","","UGP2014NAM-OT03-00238","","","","3","1","2","2","4","1","2","1","4","6","0.28","0.12","1.5","8","1","1","8","7","1.5","0.4","1.9","10","0.07","0.02","0.04","10","3.333333333","4","1.333333333","0.4","0.133333333","1.5","0.5","40","21.05263158","33.33333333","3.111111111","4.444444444","16.66666667","21.11111111","9.333333333","13.33333333","50","63.33333333"
"","","UGP2014NAM-OT03","","","","","","","","","UGP2014NAM-OT03-00239","","","","3","0","","","","","","0","0","0","0","0","0","","","","","","","0","0","0","","","","","0","","0","","0","","0","","","0","0","0","0","0","","","",""
"","","UGP2014NAM-OT03","","","","","","","","","UGP2014NAM-OT03-00240","","","","3","1","2","3","5","2","3","1","0","0","0","0","0.1","","","","","","","0","0.1","0","","","","0","0","0","0","0","0","0.1","0.033333333","","0","33.33333333","0","0","1.111111111","1.111111111","0","0","3.333333333","3.333333333"
"","","UGP2014NAM-OT03","","","","","","","","","UGP2014NAM-OT03-00241","","","","3","3","2","2","7","1","2","3","7","9","0.28","0.2","5.5","9","2","2","3","5","","0.48","5.98","16","0.04","0.022222222","0.03","5.333333333","5.333333333","2.333333333","2.333333333","0.16","0.16","1.833333333","1.833333333","43.75","8.026755853","100","3.111111111","5.333333333","61.11111111","66.44444444","3.111111111","5.333333333","61.11111111","66.44444444"
"","","UGP2014NAM-OT03","","","","","","","","","UGP2014NAM-OT03-00242","","","","3","2","2","3","4","1","2","2","0","0","0","0","6","","","","","","","0","6","0","","","","0","0","0","0","0","0","3","2","","0","66.66666667","0","0","66.66666667","66.66666667","0","0","100","100"
"","","UGP2014NAM-OT03","","","","","","","","","UGP2014NAM-OT03-00243","","","","3","1","2","2","6","1","3","1","1","0","0.1","0","10","9","","1","6","7","14.37","0.1","10.1","1","0.1","","0.1","1","0.333333333","1","0.333333333","0.1","0.033333333","10","3.333333333","100","0.99009901","33.33333333","1.111111111","1.111111111","111.1111111","112.2222222","3.333333333","3.333333333","333.3333333","336.6666667"
"","","UGP2014NAM-OT03","","","","","","","","","UGP2014NAM-OT03-00244","","","","3","3","2","2","7","1","3","3","13","25","2.4","0.4","7.7","8","1","1","2","3","0.15","2.8","10.5","38","0.184615385","0.016","0.073684211","12.66666667","12.66666667","4.333333333","4.333333333","0.933333333","0.933333333","2.566666667","2.566666667","34.21052632","26.66666667","100","26.66666667","31.11111111","85.55555556","116.6666667","26.66666667","31.11111111","85.55555556","116.6666667"
"","","UGP2014NAM-OT03","","","","","","","","","UGP2014NAM-OT03-00245","","","","3","3","1","4","8","1","2","3","13","13","2.5","0.26","4.5","9","1","1","8","3","0","2.76","7.26","26","0.192307692","0.02","0.106153846","8.666666667","8.666666667","4.333333333","4.333333333","0.92","0.92","1.5","1.5","50","38.01652893","100","27.77777778","30.66666667","50","80.66666667","27.77777778","30.66666667","50","80.66666667"
"","","UGP2014NAM-OT03","","","","","","","","","UGP2014NAM-OT03-00246","","","","3","2","1","5","6","2","3","2","3","8","0.28","0.24","3.3","8","2","1","2","7","4.41","0.52","3.82","11","0.093333333","0.03","0.047272727","5.5","3.666666667","1.5","1","0.26","0.173333333","1.65","1.1","27.27272727","13.61256545","66.66666667","3.111111111","5.777777778","36.66666667","42.44444444","4.666666667","8.666666667","55","63.66666667"
"","","UGP2014NAM-OT03","","","","","","","","","UGP2014NAM-OT03-00247","","","","3","2","1","3","7","3","6","2","2","4","0.2","0.16","0.1","6","1","1","7","7","0","0.36","0.46","6","0.1","0.04","0.06","3","2","1","0.666666667","0.18","0.12","0.05","0.033333333","33.33333333","78.26086957","66.66666667","2.222222222","4","1.111111111","5.111111111","3.333333333","6","1.666666667","7.666666667"
"","","UGP2014NAM-OT03","","","","","","","","","UGP2014NAM-OT03-00248","","","","3","3","3","4","7","1","3","3","3","21","0.6","0.44","5","6","2","2","2","7","5.46","1.04","6.04","24","0.2","0.020952381","0.043333333","8","8","1","1","0.346666667","0.346666667","1.666666667","1.666666667","12.5","17.21854305","100","6.666666667","11.55555556","55.55555556","67.11111111","6.666666667","11.55555556","55.55555556","67.11111111"
"","","UGP2014NAM-OT03","","","","","","","","","UGP2014NAM-OT03-00249","","","","3","2","1","3","5","1","2","2","2","1","0.28","0.05","3.3","9","1","3","2","5","7.76","0.33","3.63","3","0.14","0.05","0.11","1.5","1","1","0.666666667","0.165","0.11","1.65","1.1","66.66666667","9.090909091","66.66666667","3.111111111","3.666666667","36.66666667","40.33333333","4.666666667","5.5","55","60.5"
"","","UGP2014NAM-OT03","","","","","","","","","UGP2014NAM-OT03-00250","","","","3","2","3","7","6","2","4","2","2","1","0.2","0.04","3.5","9","1","1","2","5","0.12","0.24","3.74","3","0.1","0.04","0.08","1.5","1","1","0.666666667","0.12","0.08","1.75","1.166666667","66.66666667","6.417112299","66.66666667","2.222222222","2.666666667","38.88888889","41.55555556","3.333333333","4","58.33333333","62.33333333"
"","","UGP2014NAM-OT03","","","","","","","","","UGP2014NAM-OT03-00251","","","","3","2","1","5","7","1","3","2","2","1","0.2","0.05","3.7","9","1","1","4","5","0.12","0.25","3.95","3","0.1","0.05","0.083333333","1.5","1","1","0.666666667","0.125","0.083333333","1.85","1.233333333","66.66666667","6.329113924","66.66666667","2.222222222","2.777777778","41.11111111","43.88888889","3.333333333","4.166666667","61.66666667","65.83333333"
"","","UGP2014NAM-OT03","","","","","","","","","UGP2014NAM-OT03-00252","","","","3","3","1","4","7","3","6","3","0","0","0","0","9","","","","","","","0","9","0","","","","0","0","0","0","0","0","3","3","","0","100","0","0","100","100","0","0","100","100"
"","","UGP2014NAM-OT03","","","","","","","","","UGP2014NAM-OT03-00253","","","","3","3","3","6","7","3","6","3","1","0","0.08","0","2","2","1","1","4","7","0","0.08","2.08","1","0.08","","0.08","0.333333333","0.333333333","0.333333333","0.333333333","0.026666667","0.026666667","0.666666667","0.666666667","100","3.846153846","100","0.888888889","0.888888889","22.22222222","23.11111111","0.888888889","0.888888889","22.22222222","23.11111111"
"","","UGP2014NAM-OT03","","","","","","","","","UGP2014NAM-OT03-00254","","","","3","1","3","3","6","1","3","1","1","3","","0.04","1.4","2","1","1","9","9","0.12","","","4","","0.013333333","","4","1.333333333","1","0.333333333","","","1.4","0.466666667","25","","33.33333333","","","15.55555556","","","","46.66666667",""
"","","UGP2014NAM-OT03","","","","","","","","","UGP2014NAM-OT03-00255","","","","3","2","2","3","7","1","3","2","0","0","0","0","2.5","","","","","","","0","2.5","0","","","","0","0","0","0","0","0","1.25","0.833333333","","0","66.66666667","0","0","27.77777778","27.77777778","0","0","41.66666667","41.66666667"
"","","UGP2014NAM-OT03","","","","","","","","","UGP2014NAM-OT03-00256","","","","3","2","3","7","8","2","4","2","0","5","0","0.06","3.5","8","1","1","8","9","0","0.06","3.56","5","","0.012","0.012","2.5","1.666666667","0","0","0.03","0.02","1.75","1.166666667","0","1.685393258","66.66666667","0","0.666666667","38.88888889","39.55555556","0","1","58.33333333","59.33333333"
"","","UGP2014NAM-OT03","","","","","","","","","UGP2014NAM-OT03-00257","","","","3","3","1","2","7","1","3","3","0","0","0","0","1.5","","","","","","","0","1.5","0","","","","0","0","0","0","0","0","0.5","0.5","","0","100","0","0","16.66666667","16.66666667","0","0","16.66666667","16.66666667"
"","","UGP2014NAM-OT03","","","","","","","","","UGP2014NAM-OT03-00258","","","","3","3","1","3","7","3","6","3","0","0","0","0","4","","","","","","","0","4","0","","","","0","0","0","0","0","0","1.333333333","1.333333333","","0","100","0","0","44.44444444","44.44444444","0","0","44.44444444","44.44444444"
"","","UGP2014NAM-OT03","","","","","","","","","UGP2014NAM-OT03-00259","","","","3","0","","","","","","0","0","0","0","0","0","","","","","","","0","0","0","","","","","0","","0","","0","","0","","","0","0","0","0","0","","","",""
"","","UGP2014NAM-OT03","","","","","","","","","UGP2014NAM-OT03-00260","","","","3","3","2","4","7","1","3","3","0","3","0","0.02","12.5","2","2","2","3","9","0.15","0.02","12.52","3","","0.006666667","0.006666667","1","1","0","0","0.006666667","0.006666667","4.166666667","4.166666667","0","0.159744409","100","0","0.222222222","138.8888889","139.1111111","0","0.222222222","138.8888889","139.1111111"
"","","UGP2014NAM-OT03","","","","","","","","","UGP2014NAM-OT03-00261","","","","3","1","3","5","5","2","4","1","1","1","0.24","0.05","1","6","1","1","4","5","0.12","0.29","1.29","2","0.24","0.05","0.145","2","0.666666667","1","0.333333333","0.29","0.096666667","1","0.333333333","50","22.48062016","33.33333333","2.666666667","3.222222222","11.11111111","14.33333333","8","9.666666667","33.33333333","43"
"","","UGP2014NAM-OT03","","","","","","","","","UGP2014NAM-OT03-00262","","","","3","2","3","4","6","1","3","2","1","0","0.48","0","1.5","6","1","1","5","3","1.38","0.48","1.98","1","0.48","","0.48","0.5","0.333333333","0.5","0.333333333","0.24","0.16","0.75","0.5","100","24.24242424","66.66666667","5.333333333","5.333333333","16.66666667","22","8","8","25","33"
"","","UGP2014NAM-OT03","","","","","","","","","UGP2014NAM-OT03-00263","","","","3","2","2","3","6","4","7","2","2","2","0.44","0.02","1.6","8","1","1","2","3","0.12","0.46","2.06","4","0.22","0.01","0.115","2","1.333333333","1","0.666666667","0.23","0.153333333","0.8","0.533333333","50","22.33009709","66.66666667","4.888888889","5.111111111","17.77777778","22.88888889","7.333333333","7.666666667","26.66666667","34.33333333"
"","","UGP2014NAM-OT03","","","","","","","","","UGP2014NAM-OT03-00264","","","","3","3","4","6","5","2","4","1","0","1","0","0.04","0.5","6","2","1","3","9","0.15","0.04","0.54","1","","0.04","0.04","1","0.333333333","0","0","0.04","0.013333333","0.5","0.166666667","0","7.407407407","33.33333333","0","0.444444444","5.555555556","6","0","1.333333333","16.66666667","18"
"","","UGP2014NAM-OT03","","","","","","","","","UGP2014NAM-OT03-00265","","","","3","2","3","5","5","3","6","2","1","3","0.1","0.04","1.5","4","2","1","9","9","0","0.14","1.64","4","0.1","0.013333333","0.035","2","1.333333333","0.5","0.333333333","0.07","0.046666667","0.75","0.5","25","8.536585366","66.66666667","1.111111111","1.555555556","16.66666667","18.22222222","1.666666667","2.333333333","25","27.33333333"
"","","UGP2014NAM-OT03","","","","","","","","","UGP2014NAM-OT03-00266","","","","3","2","2","3","7","1","3","2","4","2","0.4","0.01","2","5","2","2","3","5","1.5","0.41","2.41","6","0.1","0.005","0.068333333","3","2","2","1.333333333","0.205","0.136666667","1","0.666666667","66.66666667","17.01244813","66.66666667","4.444444444","4.555555556","22.22222222","26.77777778","6.666666667","6.833333333","33.33333333","40.16666667"
"","","UGP2014NAM-OT03","","","","","","","","","UGP2014NAM-OT03-00267","","","","3","3","3","6","7","1","3","3","2","0","0.3","0","3.4","2","3","2","1","3","1.5","0.3","3.7","2","0.15","","0.15","0.666666667","0.666666667","0.666666667","0.666666667","0.1","0.1","1.133333333","1.133333333","100","8.108108108","100","3.333333333","3.333333333","37.77777778","41.11111111","3.333333333","3.333333333","37.77777778","41.11111111"
"","","UGP2014NAM-OT03","","","","","","","","","UGP2014NAM-OT03-00268","","","","3","0","","","","","","0","0","0","0","0","0","","","","","","","0","0","0","","","","","0","","0","","0","","0","","","0","0","0","0","0","","","",""
"","","UGP2014NAM-OT03","","","","","","","","","UGP2014NAM-OT03-00269","","","","3","3","3","3","8","4","6","3","5","1","0.72","0.04","1.6","2","2","1","2","3","0.12","0.76","2.36","6","0.144","0.04","0.126666667","2","2","1.666666667","1.666666667","0.253333333","0.253333333","0.533333333","0.533333333","83.33333333","32.20338983","100","8","8.444444444","17.77777778","26.22222222","8","8.444444444","17.77777778","26.22222222"
"","","UGP2014NAM-OT03","","","","","","","","","UGP2014NAM-OT03-00270","","","","3","3","3","6","4","4","7","3","0","1","0","0.01","0.32","8","1","1","9","9","0.15","0.01","0.33","1","","0.01","0.01","0.333333333","0.333333333","0","0","0.003333333","0.003333333","0.106666667","0.106666667","0","3.03030303","100","0","0.111111111","3.555555556","3.666666667","0","0.111111111","3.555555556","3.666666667"
"","","UGP2014NAM-OT03","","","","","","","","","UGP2014NAM-OT03-00271","","","","3","2","4","7","8","1","2","2","3","6","0.24","0.1","0.4","2","1","1","3","7","0","0.34","0.74","9","0.08","0.016666667","0.037777778","4.5","3","1.5","1","0.17","0.113333333","0.2","0.133333333","33.33333333","45.94594595","66.66666667","2.666666667","3.777777778","4.444444444","8.222222222","4","5.666666667","6.666666667","12.33333333"
"","","UGP2014NAM-OT03","","","","","","","","","UGP2014NAM-OT03-00272","","","","3","2","2","3","5","1","2","2","0","0","0","0","0.6","","","","","","","0","0.6","0","","","","0","0","0","0","0","0","0.3","0.2","","0","66.66666667","0","0","6.666666667","6.666666667","0","0","10","10"
"","","UGP2014NAM-OT03","","","","","","","","","UGP2014NAM-OT03-00273","","","","3","3","3","4","6","1","2","3","3","2","0.2","0.04","3","8","3","2","2","7","0.15","0.24","3.24","5","0.066666667","0.02","0.048","1.666666667","1.666666667","1","1","0.08","0.08","1","1","60","7.407407407","100","2.222222222","2.666666667","33.33333333","36","2.222222222","2.666666667","33.33333333","36"
"","","UGP2014NAM-OT03","","","","","","","","","UGP2014NAM-OT03-00274","","","","3","3","2","3","7","1","2","3","3","2","0.4","0.02","3","8","3","1","1","5","5.49","0.42","3.42","5","0.133333333","0.01","0.084","1.666666667","1.666666667","1","1","0.14","0.14","1","1","60","12.28070175","100","4.444444444","4.666666667","33.33333333","38","4.444444444","4.666666667","33.33333333","38"
"","","UGP2014NAM-OT03","","","","","","","","","UGP2014NAM-OT03-00275","","","","3","3","1","2","7","1","3","3","3","2","1.2","0.04","2.5","2","2","5","1","3","0.15","1.24","3.74","5","0.4","0.02","0.248","1.666666667","1.666666667","1","1","0.413333333","0.413333333","0.833333333","0.833333333","60","33.15508021","100","13.33333333","13.77777778","27.77777778","41.55555556","13.33333333","13.77777778","27.77777778","41.55555556"
"","","UGP2014NAM-OT03","","","","","","","","","UGP2014NAM-OT03-00276","","","","3","3","1","2","7","1","2","3","3","0","0.6","0","7.2","9","1","1","4","3","0.12","0.6","7.8","3","0.2","","0.2","1","1","1","1","0.2","0.2","2.4","2.4","100","7.692307692","100","6.666666667","6.666666667","80","86.66666667","6.666666667","6.666666667","80","86.66666667"
"","","UGP2014NAM-OT03","","","","","","","","","UGP2014NAM-OT03-00277","","","","3","2","2","3","6","1","2","2","8","2","1.4","0.08","3.2","8","2","1","4","3","0.15","1.48","4.68","10","0.175","0.04","0.148","5","3.333333333","4","2.666666667","0.74","0.493333333","1.6","1.066666667","80","31.62393162","66.66666667","15.55555556","16.44444444","35.55555556","52","23.33333333","24.66666667","53.33333333","78"
"","","UGP2014NAM-OT03","","","","","","","","","UGP2014NAM-OT03-00278","","","","3","","1","2","4","1","3","","0","0","0","0","0.12","","","","","","","0","0.12","0","","","","","0","","0","","0","","0.04","","0","","0","0","1.333333333","1.333333333","","","",""
"","","UGP2014NAM-OT03","","","","","","","","","UGP2014NAM-OT03-00279","","","","3","2","4","6","8","1","3","2","2","3","0.12","0.09","8.1","6","1","1","4","7","0","0.21","8.31","5","0.06","0.03","0.042","2.5","1.666666667","1","0.666666667","0.105","0.07","4.05","2.7","40","2.527075812","66.66666667","1.333333333","2.333333333","90","92.33333333","2","3.5","135","138.5"
"","","UGP2014NAM-OT03","","","","","","","","","UGP2014NAM-OT03-00280","","","","3","2","5","6","7","3","6","2","1","1","0.3","0.02","0.8","2","2","1","4","3","0.12","0.32","1.12","2","0.3","0.02","0.16","1","0.666666667","0.5","0.333333333","0.16","0.106666667","0.4","0.266666667","50","28.57142857","66.66666667","3.333333333","3.555555556","8.888888889","12.44444444","5","5.333333333","13.33333333","18.66666667"
"","","UGP2014NAM-OT03","","","","","","","","","UGP2014NAM-OT03-00281","","","","3","3","4","6","6","1","2","3","1","2","0.11","0.08","3","8","1","1","3","7","0","0.19","3.19","3","0.11","0.04","0.063333333","1","1","0.333333333","0.333333333","0.063333333","0.063333333","1","1","33.33333333","5.956112853","100","1.222222222","2.111111111","33.33333333","35.44444444","1.222222222","2.111111111","33.33333333","35.44444444"
"","","UGP2014NAM-OT03","","","","","","","","","UGP2014NAM-OT03-00282","","","","3","2","2","3","6","2","4","2","1","0","0.08","0","2.8","9","1","1","3","9","1.38","0.08","2.88","1","0.08","","0.08","0.5","0.333333333","0.5","0.333333333","0.04","0.026666667","1.4","0.933333333","100","2.777777778","66.66666667","0.888888889","0.888888889","31.11111111","32","1.333333333","1.333333333","46.66666667","48"
"","","UGP2014NAM-OT03","","","","","","","","","UGP2014NAM-OT03-00283","","","","3","1","1","2","8","1","3","1","3","6","0.5","0.08","3.2","9","2","1","4","5","11.03","0.58","3.78","9","0.166666667","0.013333333","0.064444444","9","3","3","1","0.58","0.193333333","3.2","1.066666667","33.33333333","15.34391534","33.33333333","5.555555556","6.444444444","35.55555556","42","16.66666667","19.33333333","106.6666667","126"
"","","UGP2014NAM-OT03","","","","","","","","","UGP2014NAM-OT03-00284","","","","3","3","1","3","6","1","2","3","5","2","2.2","0.04","3","9","1","1","2","3","14.37","2.24","5.24","7","0.44","0.02","0.32","2.333333333","2.333333333","1.666666667","1.666666667","0.746666667","0.746666667","1","1","71.42857143","42.7480916","100","24.44444444","24.88888889","33.33333333","58.22222222","24.44444444","24.88888889","33.33333333","58.22222222"
"","","UGP2014NAM-OT03","","","","","","","","","UGP2014NAM-OT03-00285","","","","3","3","1","2","7","1","2","3","4","15","0.08","0.4","3.7","9","2","2","3","3","0.02","0.48","4.18","19","0.02","0.026666667","0.025263158","6.333333333","6.333333333","1.333333333","1.333333333","0.16","0.16","1.233333333","1.233333333","21.05263158","11.48325359","100","0.888888889","5.333333333","41.11111111","46.44444444","0.888888889","5.333333333","41.11111111","46.44444444"
"","","UGP2014NAM-OT03","","","","","","","","","UGP2014NAM-OT03-00286","","","","3","3","1","2","6","1","3","3","10","12","0.8","0.2","6.5","2","1","1","3","5","1.38","1","7.5","22","0.08","0.016666667","0.045454545","7.333333333","7.333333333","3.333333333","3.333333333","0.333333333","0.333333333","2.166666667","2.166666667","45.45454545","13.33333333","100","8.888888889","11.11111111","72.22222222","83.33333333","8.888888889","11.11111111","72.22222222","83.33333333"
"","","UGP2014NAM-OT03","","","","","","","","","UGP2014NAM-OT03-00287","","","","3","3","5","7","8","1","2","3","15","9","3.5","0.2","3.4","8","1","1","8","3","7.76","3.7","7.1","24","0.233333333","0.022222222","0.154166667","8","8","5","5","1.233333333","1.233333333","1.133333333","1.133333333","62.5","52.11267606","100","38.88888889","41.11111111","37.77777778","78.88888889","38.88888889","41.11111111","37.77777778","78.88888889"
"","","UGP2014NAM-OT03","","","","","","","","","UGP2014NAM-OT03-00288","","","","3","3","3","3","6","3","6","3","0","1","0","0.01","3.5","2","1","1","9","9","0","0.01","3.51","1","","0.01","0.01","0.333333333","0.333333333","0","0","0.003333333","0.003333333","1.166666667","1.166666667","0","0.284900285","100","0","0.111111111","38.88888889","39","0","0.111111111","38.88888889","39"
"","","UGP2014NAM-OT03","","","","","","","","","UGP2014NAM-OT03-00289","","","","3","3","1","4","6","1","5","3","0","0","0","0","1.4","","","","","","","0","1.4","0","","","","0","0","0","0","0","0","0.466666667","0.466666667","","0","100","0","0","15.55555556","15.55555556","0","0","15.55555556","15.55555556"
"","","UGP2014NAM-OT03","","","","","","","","","UGP2014NAM-OT03-00290","","","","3","3","1","3","6","3","3","3","4","19","0.6","0.48","7","6","1","1","2","5","4.41","1.08","8.08","23","0.15","0.025263158","0.046956522","7.666666667","7.666666667","1.333333333","1.333333333","0.36","0.36","2.333333333","2.333333333","17.39130435","13.36633663","100","6.666666667","12","77.77777778","89.77777778","6.666666667","12","77.77777778","89.77777778"
"","","UGP2014NAM-OT03","","","","","","","","","UGP2014NAM-OT03-00291","","","","3","2","1","3","6","3","6","2","2","2","0.2","0.08","2","2","1","1","7","7","0.12","0.28","2.28","4","0.1","0.04","0.07","2","1.333333333","1","0.666666667","0.14","0.093333333","1","0.666666667","50","12.28070175","66.66666667","2.222222222","3.111111111","22.22222222","25.33333333","3.333333333","4.666666667","33.33333333","38"
"","","UGP2014NAM-OT03","","","","","","","","","UGP2014NAM-OT03-00292","","","","3","1","2","3","6","2","6","1","3","1","0.7","0.04","1.5","2","1","1","5","5","1.38","0.74","2.24","4","0.233333333","0.04","0.185","4","1.333333333","3","1","0.74","0.246666667","1.5","0.5","75","33.03571429","33.33333333","7.777777778","8.222222222","16.66666667","24.88888889","23.33333333","24.66666667","50","74.66666667"
"","","UGP2014NAM-OT03","","","","","","","","","UGP2014NAM-OT03-00293","","","","3","2","1","2","7","1","4","2","6","6","0.48","0.12","2","2","2","3","1","5","0","0.6","2.6","12","0.08","0.02","0.05","6","4","3","2","0.3","0.2","1","0.666666667","50","23.07692308","66.66666667","5.333333333","6.666666667","22.22222222","28.88888889","8","10","33.33333333","43.33333333"
"","","UGP2014NAM-OT03","","","","","","","","","UGP2014NAM-OT03-00294","","","","3","2","3","7","7","2","3","2","5","5","0.38","0.12","2","2","1","1","3","5","0.02","0.5","2.5","10","0.076","0.024","0.05","5","3.333333333","2.5","1.666666667","0.25","0.166666667","1","0.666666667","50","20","66.66666667","4.222222222","5.555555556","22.22222222","27.77777778","6.333333333","8.333333333","33.33333333","41.66666667"
"","","UGP2014NAM-OT03","","","","","","","","","UGP2014NAM-OT03-00295","","","","3","2","3","3","5","1","4","2","2","3","0.4","0.08","1.7","8","1","1","3","3","7.76","0.48","2.18","5","0.2","0.026666667","0.096","2.5","1.666666667","1","0.666666667","0.24","0.16","0.85","0.566666667","40","22.01834862","66.66666667","4.444444444","5.333333333","18.88888889","24.22222222","6.666666667","8","28.33333333","36.33333333"
"","","UGP2014NAM-OT03","","","","","","","","","UGP2014NAM-OT03-00296","","","","3","1","1","3","7","3","3","1","2","2","0.2","0.08","1.3","8","2","3","2","7","0.15","0.28","1.58","4","0.1","0.04","0.07","4","1.333333333","2","0.666666667","0.28","0.093333333","1.3","0.433333333","50","17.72151899","33.33333333","2.222222222","3.111111111","14.44444444","17.55555556","6.666666667","9.333333333","43.33333333","52.66666667"
"","","UGP2014NAM-OT03","","","","","","","","","UGP2014NAM-OT03-00297","","","","3","1","1","2","5","3","5","1","0","1","0","0.04","0.1","2","1","1","8","9","0.02","0.04","0.14","1","","0.04","0.04","1","0.333333333","0","0","0.04","0.013333333","0.1","0.033333333","0","28.57142857","33.33333333","0","0.444444444","1.111111111","1.555555556","0","1.333333333","3.333333333","4.666666667"
"","","UGP2014NAM-OT03","","","","","","","","","UGP2014NAM-OT03-00298","","","","3","2","1","3","7","1","6","2","0","0","0","0","2.8","","","","","","","0","2.8","0","","","","0","0","0","0","0","0","1.4","0.933333333","","0","66.66666667","0","0","31.11111111","31.11111111","0","0","46.66666667","46.66666667"
"","","UGP2014NAM-OT03","","","","","","","","","UGP2014NAM-OT03-00299","","","","3","3","3","4","6","1","3","3","3","6","0.18","0.12","1","2","1","2","9","7","0.12","0.3","1.3","9","0.06","0.02","0.033333333","3","3","1","1","0.1","0.1","0.333333333","0.333333333","33.33333333","23.07692308","100","2","3.333333333","11.11111111","14.44444444","2","3.333333333","11.11111111","14.44444444"
"","","UGP2014NAM-OT03","","","","","","","","","UGP2014NAM-OT03-00300","","","","3","3","3","6","7","4","3","3","7","6","2","0.12","5.5","2","2","1","2","3","0.12","2.12","7.62","13","0.285714286","0.02","0.163076923","4.333333333","4.333333333","2.333333333","2.333333333","0.706666667","0.706666667","1.833333333","1.833333333","53.84615385","27.82152231","100","22.22222222","23.55555556","61.11111111","84.66666667","22.22222222","23.55555556","61.11111111","84.66666667"
"","","UGP2014NAM-OT03","","","","","","","","","UGP2014NAM-OT03-00301","","","","3","3","3","4","6","3","8","3","0","0","0","0","1.1","","","","","","","0","1.1","0","","","","0","0","0","0","0","0","0.366666667","0.366666667","","0","100","0","0","12.22222222","12.22222222","0","0","12.22222222","12.22222222"
"","","UGP2014NAM-OT03","","","","","","","","","UGP2014NAM-OT03-00302","","","","3","2","1","3","7","1","6","2","3","2","0.72","0.08","1","2","1","1","9","3","0.12","0.8","1.8","5","0.24","0.04","0.16","2.5","1.666666667","1.5","1","0.4","0.266666667","0.5","0.333333333","60","44.44444444","66.66666667","8","8.888888889","11.11111111","20","12","13.33333333","16.66666667","30"
"","","UGP2014NAM-OT03","","","","","","","","","UGP2014NAM-OT03-00303","","","","3","1","2","6","7","1","2","1","1","1","0.2","0.04","2.2","2","1","1","5","3","0.12","0.24","2.44","2","0.2","0.04","0.12","2","0.666666667","1","0.333333333","0.24","0.08","2.2","0.733333333","50","9.836065574","33.33333333","2.222222222","2.666666667","24.44444444","27.11111111","6.666666667","8","73.33333333","81.33333333"
"","","UGP2014NAM-OT03","","","","","","","","","UGP2014NAM-OT03-00304","","","","3","3","3","6","8","3","3","3","2","2","0.44","0.08","5.5","8","2","1","2","3","0","0.52","6.02","4","0.22","0.04","0.13","1.333333333","1.333333333","0.666666667","0.666666667","0.173333333","0.173333333","1.833333333","1.833333333","50","8.637873754","100","4.888888889","5.777777778","61.11111111","66.88888889","4.888888889","5.777777778","61.11111111","66.88888889"
"","","UGP2014NAM-OT03","","","","","","","","","UGP2014NAM-OT03-00305","","","","3","2","3","4","4","2","5","2","0","1","0","0.04","0.38","2","1","1","2","9","1.38","0.04","0.42","1","","0.04","0.04","0.5","0.333333333","0","0","0.02","0.013333333","0.19","0.126666667","0","9.523809524","66.66666667","0","0.444444444","4.222222222","4.666666667","0","0.666666667","6.333333333","7"
"","","UGP2014NAM-OT03","","","","","","","","","UGP2014NAM-OT03-00306","","","","3","3","2","3","6","3","4","3","0","0","0","0","3","","","","","","","0","3","0","","","","0","0","0","0","0","0","1","1","","0","100","0","0","33.33333333","33.33333333","0","0","33.33333333","33.33333333"
"","","UGP2014NAM-OT03","","","","","","","","","UGP2014NAM-OT03-00307","","","","3","2","3","3","4","3","5","2","1","1","0.08","0.04","0.12","2","2","1","4","7","0.15","0.12","0.24","2","0.08","0.04","0.06","1","0.666666667","0.5","0.333333333","0.06","0.04","0.06","0.04","50","50","66.66666667","0.888888889","1.333333333","1.333333333","2.666666667","1.333333333","2","2","4"
"","","UGP2014NAM-OT03","","","","","","","","","UGP2014NAM-OT03-00308","","","","3","3","3","4","7","2","4","3","0","3","0","0.1","7.8","2","1","1","3","9","0","0.1","7.9","3","","0.033333333","0.033333333","1","1","0","0","0.033333333","0.033333333","2.6","2.6","0","1.265822785","100","0","1.111111111","86.66666667","87.77777778","0","1.111111111","86.66666667","87.77777778"
"","","UGP2014NAM-OT03","","","","","","","","","UGP2014NAM-OT03-00309","","","","3","3","3","6","6","3","5","3","2","2","0.12","0.04","7.5","8","1","1","3","9","0.12","0.16","7.66","4","0.06","0.02","0.04","1.333333333","1.333333333","0.666666667","0.666666667","0.053333333","0.053333333","2.5","2.5","50","2.088772846","100","1.333333333","1.777777778","83.33333333","85.11111111","1.333333333","1.777777778","83.33333333","85.11111111"
"","","UGP2014NAM-OT03","","","","","","","","","UGP2014NAM-OT03-00310","","","","3","3","3","7","7","1","3","3","0","0","0","0","2.5","","","","","","","0","2.5","0","","","","0","0","0","0","0","0","0.833333333","0.833333333","","0","100","0","0","27.77777778","27.77777778","0","0","27.77777778","27.77777778"
"","","UGP2014NAM-OT03","","","","","","","","","UGP2014NAM-OT03-00311","","","","3","2","3","4","7","1","3","2","1","0","0.08","0","6.8","8","1","1","8","1","0.12","0.08","6.88","1","0.08","","0.08","0.5","0.333333333","0.5","0.333333333","0.04","0.026666667","3.4","2.266666667","100","1.162790698","66.66666667","0.888888889","0.888888889","75.55555556","76.44444444","1.333333333","1.333333333","113.3333333","114.6666667"
"","","UGP2014NAM-OT03","","","","","","","","","UGP2014NAM-OT03-00312","","","","3","3","3","6","8","1","3","3","1","2","0.02","0.02","2.3","8","1","2","1","7","4.41","0.04","2.34","3","0.02","0.01","0.013333333","1","1","0.333333333","0.333333333","0.013333333","0.013333333","0.766666667","0.766666667","33.33333333","1.709401709","100","0.222222222","0.444444444","25.55555556","26","0.222222222","0.444444444","25.55555556","26"
"","","UGP2014NAM-OT03","","","","","","","","","UGP2014NAM-OT03-00313","","","","3","3","3","8","7","1","3","3","0","2","0","0.04","4.7","8","1","1","9","9","0.12","0.04","4.74","2","","0.02","0.02","0.666666667","0.666666667","0","0","0.013333333","0.013333333","1.566666667","1.566666667","0","0.843881857","100","0","0.444444444","52.22222222","52.66666667","0","0.444444444","52.22222222","52.66666667"
"","","UGP2014NAM-OT03","","","","","","","","","UGP2014NAM-OT03-00314","","","","3","3","1","3","6","4","6","3","0","0","0","0","1.4","","","","","","","0","1.4","0","","","","0","0","0","0","0","0","0.466666667","0.466666667","","0","100","0","0","15.55555556","15.55555556","0","0","15.55555556","15.55555556"
"","","UGP2014NAM-OT03","","","","","","","","","UGP2014NAM-OT03-00315","","","","3","2","1","3","5","5","7","2","","4","0.2","0.02","0.8","2","1","1","9","9","0.12","0.22","1.02","","","0.005","","","","","","0.11","0.073333333","0.4","0.266666667","","21.56862745","66.66666667","2.222222222","2.444444444","8.888888889","11.33333333","3.333333333","3.666666667","13.33333333","17"
"","","UGP2014NAM-OT03","","","","","","","","","UGP2014NAM-OT03-00316","","","","3","2","3","6","7","3","4","2","1","1","0.2","0.02","2","6","1","1","1","3","0.12","0.22","2.22","2","0.2","0.02","0.11","1","0.666666667","0.5","0.333333333","0.11","0.073333333","1","0.666666667","50","9.90990991","66.66666667","2.222222222","2.444444444","22.22222222","24.66666667","3.333333333","3.666666667","33.33333333","37"
"","","UGP2014NAM-OT03","","","","","","","","","UGP2014NAM-OT03-00317","","","","3","3","2","2","6","1","3","3","10","8","","0.28","5","9","1","1","3","5","0.02","","","18","","0.035","","6","6","3.333333333","3.333333333","","","1.666666667","1.666666667","55.55555556","","100","","","55.55555556","","","","55.55555556",""
"","","UGP2014NAM-OT03","","","","","","","","","UGP2014NAM-OT03-00318","","","","3","2","2","3","5","3","6","2","0","0","0","0","2","","","","","","","0","2","0","","","","0","0","0","0","0","0","1","0.666666667","","0","66.66666667","0","0","22.22222222","22.22222222","0","0","33.33333333","33.33333333"
"","","UGP2014NAM-OT03","","","","","","","","","UGP2014NAM-OT03-00319","","","","3","3","2","2","8","2","4","3","0","0","0","0","3.1","","","","","","","0","3.1","0","","","","0","0","0","0","0","0","1.033333333","1.033333333","","0","100","0","0","34.44444444","34.44444444","0","0","34.44444444","34.44444444"
"","","UGP2014NAM-OT03","","","","","","","","","UGP2014NAM-OT03-00320","","","","3","3","2","2","5","1","3","3","0","3","0","0.04","4.2","2","1","1","9","9","1.5","0.04","4.24","3","","0.013333333","0.013333333","1","1","0","0","0.013333333","0.013333333","1.4","1.4","0","0.943396226","100","0","0.444444444","46.66666667","47.11111111","0","0.444444444","46.66666667","47.11111111"
"","","UGP2014NAM-OT03","","","","","","","","","UGP2014NAM-OT03-00321","","","","3","2","1","4","8","1","3","2","1","2","0.7","0.04","0.9","8","1","1","8","1","0.12","0.74","1.64","3","0.7","0.02","0.246666667","1.5","1","0.5","0.333333333","0.37","0.246666667","0.45","0.3","33.33333333","45.12195122","66.66666667","7.777777778","8.222222222","10","18.22222222","11.66666667","12.33333333","15","27.33333333"
"","","UGP2014NAM-OT03","","","","","","","","","UGP2014NAM-OT03-00322","","","","3","3","1","2","8","1","2","3","6","6","0.48","0.12","2.5","2","1","1","8","3","0.02","0.6","3.1","12","0.08","0.02","0.05","4","4","2","2","0.2","0.2","0.833333333","0.833333333","50","19.35483871","100","5.333333333","6.666666667","27.77777778","34.44444444","5.333333333","6.666666667","27.77777778","34.44444444"
"","","UGP2014NAM-OT03","","","","","","","","","UGP2014NAM-OT03-00323","","","","3","2","1","2","5","2","4","2","1","5","0.1","0.1","1","5","1","1","3","8","1.38","0.2","1.2","6","0.1","0.02","0.033333333","3","2","0.5","0.333333333","0.1","0.066666667","0.5","0.333333333","16.66666667","16.66666667","66.66666667","1.111111111","2.222222222","11.11111111","13.33333333","1.666666667","3.333333333","16.66666667","20"
"","","UGP2014NAM-OT03","","","","","","","","","UGP2014NAM-OT03-00324","","","","3","0","","","","","","0","0","0","0","0","0","","","","","","","0","0","0","","","","","0","","0","","0","","0","","","0","0","0","0","0","","","",""
"","","UGP2014NAM-OT03","","","","","","","","","UGP2014NAM-OT03-00325","","","","3","1","1","3","6","4","6","1","1","1","0.2","0.04","2.5","5","3","4","7","7","0.03","0.24","2.74","2","0.2","0.04","0.12","2","0.666666667","1","0.333333333","0.24","0.08","2.5","0.833333333","50","8.759124088","33.33333333","2.222222222","2.666666667","27.77777778","30.44444444","6.666666667","8","83.33333333","91.33333333"
"","","UGP2014NAM-OT03","","","","","","","","","UGP2014NAM-OT03-00326","","","","3","2","1","3","8","2","4","2","2","0","0.2","0","6.5","8","1","1","2","7","1.76","0.2","6.7","2","0.1","","0.1","1","0.666666667","1","0.666666667","0.1","0.066666667","3.25","2.166666667","100","2.985074627","66.66666667","2.222222222","2.222222222","72.22222222","74.44444444","3.333333333","3.333333333","108.3333333","111.6666667"
"","","UGP2014NAM-OT03","","","","","","","","","UGP2014NAM-OT03-00327","","","","3","2","1","3","8","1","3","2","4","6","0.4","0.12","4.5","8","2","1","3","7","4.41","0.52","5.02","10","0.1","0.02","0.052","5","3.333333333","2","1.333333333","0.26","0.173333333","2.25","1.5","40","10.35856574","66.66666667","4.444444444","5.777777778","50","55.77777778","6.666666667","8.666666667","75","83.66666667"
"","","UGP2014NAM-OT03","","","","","","","","","UGP2014NAM-OT03-00328","","","","3","0","","","","","","0","0","0","0","0","0","","","","","","","0","0","0","","","","","0","","0","","0","","0","","","0","0","0","0","0","","","",""
"","","UGP2014NAM-OT03","","","","","","","","","UGP2014NAM-OT03-00329","","","","3","1","1","4","6","1","3","1","11","16","0.5","0.3","2.5","8","1","1","2","7","0","0.8","3.3","27","0.045454545","0.01875","0.02962963","27","9","11","3.666666667","0.8","0.266666667","2.5","0.833333333","40.74074074","24.24242424","33.33333333","5.555555556","8.888888889","27.77777778","36.66666667","16.66666667","26.66666667","83.33333333","110"
"","","UGP2014NAM-OT03","","","","","","","","","UGP2014NAM-OT03-00330","","","","3","2","1","2","8","1","2","2","0","5","0","0.2","7.1","2","1","1","3","9","0","0.2","7.3","5","","0.04","0.04","2.5","1.666666667","0","0","0.1","0.066666667","3.55","2.366666667","0","2.739726027","66.66666667","0","2.222222222","78.88888889","81.11111111","0","3.333333333","118.3333333","121.6666667"
"","","UGP2014NAM-OT03","","","","","","","","","UGP2014NAM-OT03-00331","","","","3","3","1","2","8","1","2","3","0","0","0","0","9","","","","","","","0","9","0","","","","0","0","0","0","0","0","3","3","","0","100","0","0","100","100","0","0","100","100"
"","","UGP2014NAM-OT03","","","","","","","","","UGP2014NAM-OT03-00332","","","","3","0","","","","","","0","0","0","0","0","0","","","","","","","0","0","0","","","","","0","","0","","0","","0","","","0","0","0","0","0","","","",""
"","","UGP2014NAM-OT03","","","","","","","","","UGP2014NAM-OT03-00333","","","","3","3","2","3","7","2","4","3","10","17","0.48","0.3","3.7","5","3","2","2","7","6.12","0.78","4.48","27","0.048","0.017647059","0.028888889","9","9","3.333333333","3.333333333","0.26","0.26","1.233333333","1.233333333","37.03703704","17.41071429","100","5.333333333","8.666666667","41.11111111","49.77777778","5.333333333","8.666666667","41.11111111","49.77777778"
"","","UGP2014NAM-OT03","","","","","","","","","UGP2014NAM-OT03-00334","","","","3","1","2","6","8","1","3","1","10","8","0.8","0.3","2.7","2","1","1","9","7","1.38","1.1","3.8","18","0.08","0.0375","0.061111111","18","6","10","3.333333333","1.1","0.366666667","2.7","0.9","55.55555556","28.94736842","33.33333333","8.888888889","12.22222222","30","42.22222222","26.66666667","36.66666667","90","126.6666667"
"","","UGP2014NAM-OT03","","","","","","","","","UGP2014NAM-OT03-00335","","","","3","2","2","3","5","1","3","2","2","0","1","0","4.6","2","1","1","9","9","4.41","1","5.6","2","0.5","","0.5","1","0.666666667","1","0.666666667","0.5","0.333333333","2.3","1.533333333","100","17.85714286","66.66666667","11.11111111","11.11111111","51.11111111","62.22222222","16.66666667","16.66666667","76.66666667","93.33333333"
"","","UGP2014NAM-OT03","","","","","","","","","UGP2014NAM-OT03-00336","","","","3","0","","","","","","0","0","0","0","0","0","","","","","","","0","0","0","","","","","0","","0","","0","","0","","","0","0","0","0","0","","","",""
"","","UGP2014NAM-OT03","","","","","","","","","UGP2014NAM-OT03-00337","","","","3","3","1","2","8","1","3","3","0","0","0","0","4.5","","","","","","","0","4.5","0","","","","0","0","0","0","0","0","1.5","1.5","","0","100","0","0","50","50","0","0","50","50"
"","","UGP2014NAM-OT03","","","","","","","","","UGP2014NAM-OT03-00338","","","","3","1","1","4","5","2","4","1","0","0","0","0","2.9","","","","","","","0","2.9","0","","","","0","0","0","0","0","0","2.9","0.966666667","","0","33.33333333","0","0","32.22222222","32.22222222","0","0","96.66666667","96.66666667"
"","","UGP2014NAM-OT03","","","","","","","","","UGP2014NAM-OT03-00339","","","","3","3","1","2","9","1","3","3","5","6","0.2","0.18","6.6","2","2","1","9","9","0","0.38","6.98","11","0.04","0.03","0.034545455","3.666666667","3.666666667","1.666666667","1.666666667","0.126666667","0.126666667","2.2","2.2","45.45454545","5.444126074","100","2.222222222","4.222222222","73.33333333","77.55555556","2.222222222","4.222222222","73.33333333","77.55555556"
"","","UGP2014NAM-OT03","","","","","","","","","UGP2014NAM-OT03-00340","","","","3","3","2","4","8","1","3","3","6","3","1.1","0.04","2.5","2","2","2","4","3","0.12","1.14","3.64","9","0.183333333","0.013333333","0.126666667","3","3","2","2","0.38","0.38","0.833333333","0.833333333","66.66666667","31.31868132","100","12.22222222","12.66666667","27.77777778","40.44444444","12.22222222","12.66666667","27.77777778","40.44444444"
"","","UGP2014NAM-OT03","","","","","","","","","UGP2014NAM-OT03-00341","","","","3","3","1","2","7","2","4","3","0","0","0","0","3","","","","","","","0","3","0","","","","0","0","0","0","0","0","1","1","","0","100","0","0","33.33333333","33.33333333","0","0","33.33333333","33.33333333"
"","","UGP2014NAM-OT03","","","","","","","","","UGP2014NAM-OT03-00342","","","","3","3","1","3","9","1","2","1","1","0","0.08","0","11","8","2","1","3","7","0.02","0.08","11.08","1","0.08","","0.08","1","0.333333333","1","0.333333333","0.08","0.026666667","11","3.666666667","100","0.722021661","33.33333333","0.888888889","0.888888889","122.2222222","123.1111111","2.666666667","2.666666667","366.6666667","369.3333333"
"","","UGP2014NAM-OT03","","","","","","","","","UGP2014NAM-OT03-00343","","","","3","2","2","3","7","4","7","2","3","2","0.64","0.04","0.6","6","4","2","2","3","0.15","0.68","1.28","5","0.213333333","0.02","0.136","2.5","1.666666667","1.5","1","0.34","0.226666667","0.3","0.2","60","53.125","66.66666667","7.111111111","7.555555556","6.666666667","14.22222222","10.66666667","11.33333333","10","21.33333333"
"","","UGP2014NAM-OT03","","","","","","","","","UGP2014NAM-OT03-00344","","","","3","2","1","3","6","3","6","2","1","0","0.24","0","0.5","2","1","1","9","3","0","0.24","0.74","1","0.24","","0.24","0.5","0.333333333","0.5","0.333333333","0.12","0.08","0.25","0.166666667","100","32.43243243","66.66666667","2.666666667","2.666666667","5.555555556","8.222222222","4","4","8.333333333","12.33333333"
"","","UGP2014NAM-OT03","","","","","","","","","UGP2014NAM-OT03-00345","","","","3","","2","2","7","3","5","","6","5","0.24","0.12","2","2","1","1","9","9","4.41","0.36","2.36","11","0.04","0.024","0.032727273","","3.666666667","","2","","0.12","","0.666666667","54.54545455","15.25423729","","2.666666667","4","22.22222222","26.22222222","","","",""
"","","UGP2014NAM-OT03","","","","","","","","","UGP2014NAM-OT03-00346","","","","3","0","","","","","","0","0","0","0","0","0","","","","","","","0","0","0","","","","","0","","0","","0","","0","","","0","0","0","0","0","","","",""
"","","UGP2014NAM-OT03","","","","","","","","","UGP2014NAM-OT03-00347","","","","3","2","1","3","8","1","3","2","0","1","0","0.02","3.3","8","1","1","3","9","6.12","0.02","3.32","1","","0.02","0.02","0.5","0.333333333","0","0","0.01","0.006666667","1.65","1.1","0","0.602409639","66.66666667","0","0.222222222","36.66666667","36.88888889","0","0.333333333","55","55.33333333"
"","","UGP2014NAM-OT03","","","","","","","","","UGP2014NAM-OT03-00348","","","","3","1","1","2","8","1","5","1","4","0","0.06","0","8","2","1","1","9","5","0.12","0.06","8.06","4","0.015","","0.015","4","1.333333333","4","1.333333333","0.06","0.02","8","2.666666667","100","0.744416873","33.33333333","0.666666667","0.666666667","88.88888889","89.55555556","2","2","266.6666667","268.6666667"
"","","UGP2014NAM-OT03","","","","","","","","","UGP2014NAM-OT03-00349","","","","3","2","1","8","6","3","6","2","4","1","1","0.04","1","2","1","1","4","3","0","1.04","2.04","5","0.25","0.04","0.208","2.5","1.666666667","2","1.333333333","0.52","0.346666667","0.5","0.333333333","80","50.98039216","66.66666667","11.11111111","11.55555556","11.11111111","22.66666667","16.66666667","17.33333333","16.66666667","34"
"","","UGP2014NAM-OT03","","","","","","","","","UGP2014NAM-OT03-00350","","","","3","0","","","","","","0","0","0","0","0","0","","","","","","","0","0","0","","","","","0","","0","","0","","0","","","0","0","0","0","0","","","",""
"","","UGP2014NAM-OT03","","","","","","","","","UGP2014NAM-OT03-00351","","","","3","0","","","","","","0","0","0","0","0","0","","","","","","","0","0","0","","","","","0","","0","","0","","0","","","0","0","0","0","0","","","",""
"","","UGP2014NAM-OT03","","","","","","","","","UGP2014NAM-OT03-00352","","","","3","3","1","2","4","1","3","3","1","1","0.08","0.04","2","2","1","1","9","9","0.15","0.12","2.12","2","0.08","0.04","0.06","0.666666667","0.666666667","0.333333333","0.333333333","0.04","0.04","0.666666667","0.666666667","50","5.660377358","100","0.888888889","1.333333333","22.22222222","23.55555556","0.888888889","1.333333333","22.22222222","23.55555556"
"","","UGP2014NAM-OT03","","","","","","","","","UGP2014NAM-OT03-00353","","","","3","3","1","3","6","2","4","3","1","0","0.08","0","2.7","6","1","1","4","7","0","0.08","2.78","1","0.08","","0.08","0.333333333","0.333333333","0.333333333","0.333333333","0.026666667","0.026666667","0.9","0.9","100","2.877697842","100","0.888888889","0.888888889","30","30.88888889","0.888888889","0.888888889","30","30.88888889"
"","","UGP2014NAM-OT03","","","","","","","","","UGP2014NAM-OT03-00354","","","","3","2","2","2","5","4","7","2","2","2","0.24","0.08","2","2","1","1","2","7","0.12","0.32","2.32","4","0.12","0.04","0.08","2","1.333333333","1","0.666666667","0.16","0.106666667","1","0.666666667","50","13.79310345","66.66666667","2.666666667","3.555555556","22.22222222","25.77777778","4","5.333333333","33.33333333","38.66666667"
"","","UGP2014NAM-OT03","","","","","","","","","UGP2014NAM-OT03-00355","","","","3","2","2","","7","3","5","2","4","1","0.4","0.01","1.5","2","1","1","3","7","0.15","0.41","1.91","5","0.1","0.01","0.082","2.5","1.666666667","2","1.333333333","0.205","0.136666667","0.75","0.5","80","21.46596859","66.66666667","4.444444444","4.555555556","16.66666667","21.22222222","6.666666667","6.833333333","25","31.83333333"
"","","UGP2014NAM-OT03","","","","","","","","","UGP2014NAM-OT03-00356","","","","3","3","2","","5","2","4","3","0","0","0","0","3.5","","","","","","","0","3.5","0","","","","0","0","0","0","0","0","1.166666667","1.166666667","","0","100","0","0","38.88888889","38.88888889","0","0","38.88888889","38.88888889"
"","","UGP2014NAM-OT03","","","","","","","","","UGP2014NAM-OT03-00357","","","","3","2","2","6","6","1","3","2","0","0","0","0","2.3","","","","","","","0","2.3","0","","","","0","0","0","0","0","0","1.15","0.766666667","","0","66.66666667","0","0","25.55555556","25.55555556","0","0","38.33333333","38.33333333"
"","","UGP2014NAM-OT03","","","","","","","","","UGP2014NAM-OT03-00358","","","","3","2","1","2","6","1","3","2","2","1","0.7","0.04","3","2","2","1","6","1","0.12","0.74","3.74","3","0.35","0.04","0.246666667","1.5","1","1","0.666666667","0.37","0.246666667","1.5","1","66.66666667","19.78609626","66.66666667","7.777777778","8.222222222","33.33333333","41.55555556","11.66666667","12.33333333","50","62.33333333"
"","","UGP2014NAM-OT03","","","","","","","","","UGP2014NAM-OT03-00359","","","","3","3","1","3","5","1","3","3","2","2","0.5","0.08","3.7","8","1","1","1","5","0.15","0.58","4.28","4","0.25","0.04","0.145","1.333333333","1.333333333","0.666666667","0.666666667","0.193333333","0.193333333","1.233333333","1.233333333","50","13.55140187","100","5.555555556","6.444444444","41.11111111","47.55555556","5.555555556","6.444444444","41.11111111","47.55555556"
"","","UGP2014NAM-OT03","","","","","","","","","UGP2014NAM-OT03-00360","","","","3","3","2","4","8","1","3","3","8","1","2.5","0.01","4.5","8","4","3","1","3","0.15","2.51","7.01","9","0.3125","0.01","0.278888889","3","3","2.666666667","2.666666667","0.836666667","0.836666667","1.5","1.5","88.88888889","35.80599144","100","27.77777778","27.88888889","50","77.88888889","27.77777778","27.88888889","50","77.88888889"
"","","UGP2014NAM-OT03","","","","","","","","","UGP2014NAM-OT03-00361","","","","3","2","1","2","5","5","8","2","0","1","0","0.03","1","2","1","1","2","9","0.15","0.03","1.03","1","","0.03","0.03","0.5","0.333333333","0","0","0.015","0.01","0.5","0.333333333","0","2.912621359","66.66666667","0","0.333333333","11.11111111","11.44444444","0","0.5","16.66666667","17.16666667"
"","","UGP2014NAM-OT03","","","","","","","","","UGP2014NAM-OT03-00362","","","","3","3","2","3","7","2","4","3","0","1","0","0.01","9.2","8","1","2","9","9","0.02","0.01","9.21","1","","0.01","0.01","0.333333333","0.333333333","0","0","0.003333333","0.003333333","3.066666667","3.066666667","0","0.108577633","100","0","0.111111111","102.2222222","102.3333333","0","0.111111111","102.2222222","102.3333333"
"","","UGP2014NAM-OT03","","","","","","","","","UGP2014NAM-OT03-00363","","","","3","2","1","5","8","1","3","2","3","0","0.7","0","3.5","8","2","4","4","3","1.65","0.7","4.2","3","0.233333333","","0.233333333","1.5","1","1.5","1","0.35","0.233333333","1.75","1.166666667","100","16.66666667","66.66666667","7.777777778","7.777777778","38.88888889","46.66666667","11.66666667","11.66666667","58.33333333","70"
"","","UGP2014NAM-OT03","","","","","","","","","UGP2014NAM-OT03-00364","","","","3","3","1","2","6","4","7","3","2","0","0.16","0","1.2","2","1","1","3","7","1.76","0.16","1.36","2","0.08","","0.08","0.666666667","0.666666667","0.666666667","0.666666667","0.053333333","0.053333333","0.4","0.4","100","11.76470588","100","1.777777778","1.777777778","13.33333333","15.11111111","1.777777778","1.777777778","13.33333333","15.11111111"
"","","UGP2014NAM-OT03","","","","","","","","","UGP2014NAM-OT03-00365","","","","3","3","2","4","6","3","6","3","3","3","2","0.2","2.5","8","1","1","3","5","0.02","2.2","4.7","6","0.666666667","0.066666667","0.366666667","2","2","1","1","0.733333333","0.733333333","0.833333333","0.833333333","50","46.80851064","100","22.22222222","24.44444444","27.77777778","52.22222222","22.22222222","24.44444444","27.77777778","52.22222222"
"","","UGP2014NAM-OT03","","","","","","","","","UGP2014NAM-OT03-00366","","","","3","3","2","2","6","1","3","3","7","2","0.8","0.02","4","8","1","1","3","3","1.76","0.82","4.82","9","0.114285714","0.01","0.091111111","3","3","2.333333333","2.333333333","0.273333333","0.273333333","1.333333333","1.333333333","77.77777778","17.01244813","100","8.888888889","9.111111111","44.44444444","53.55555556","8.888888889","9.111111111","44.44444444","53.55555556"
"","","UGP2014NAM-OT03","","","","","","","","","UGP2014NAM-OT03-00367","","","","3","0","","","","","","0","0","0","0","0","0","","","","","","","0","0","0","","","","","0","","0","","0","","0","","","0","0","0","0","0","","","",""
"","","UGP2014NAM-OT03","","","","","","","","","UGP2014NAM-OT03-00368","","","","3","3","2","6","8","1","3","3","5","6","0.28","0.12","3","6","2","1","2","7","12.39","0.4","3.4","11","0.056","0.02","0.036363636","3.666666667","3.666666667","1.666666667","1.666666667","0.133333333","0.133333333","1","1","45.45454545","11.76470588","100","3.111111111","4.444444444","33.33333333","37.77777778","3.111111111","4.444444444","33.33333333","37.77777778"
"","","UGP2014NAM-OT03","","","","","","","","","UGP2014NAM-OT03-00369","","","","3","3","1","2","5","3","5","3","0","0","0","0","2.5","","","","","","","0","2.5","0","","","","0","0","0","0","0","0","0.833333333","0.833333333","","0","100","0","0","27.77777778","27.77777778","0","0","27.77777778","27.77777778"
"","","UGP2014NAM-OT03","","","","","","","","","UGP2014NAM-OT03-00370","","","","3","0","","","","","","0","0","0","0","0","0","","","","","","","0","0","0","","","","","0","","0","","0","","0","","","0","0","0","0","0","","","",""
"","","UGP2014NAM-OT03","","","","","","","","","UGP2014NAM-OT03-00371","","","","3","2","2","2","7","3","5","2","4","3","0.6","0.04","1.1","2","2","1","6","5","0.12","0.64","1.74","7","0.15","0.013333333","0.091428571","3.5","2.333333333","2","1.333333333","0.32","0.213333333","0.55","0.366666667","57.14285714","36.7816092","66.66666667","6.666666667","7.111111111","12.22222222","19.33333333","10","10.66666667","18.33333333","29"
"","","UGP2014NAM-OT03","","","","","","","","","UGP2014NAM-OT03-00372","","","","3","3","2","3","6","1","3","3","3","6","0.2","0.2","4.2","9","1","","9","7","0.12","0.4","4.6","9","0.066666667","0.033333333","0.044444444","3","3","1","1","0.133333333","0.133333333","1.4","1.4","33.33333333","8.695652174","100","2.222222222","4.444444444","46.66666667","51.11111111","2.222222222","4.444444444","46.66666667","51.11111111"
"","","UGP2014NAM-OT03","","","","","","","","","UGP2014NAM-OT03-00373","","","","3","3","2","3","6","1","2","3","0","0","0","0","5","","","","","","","0","5","0","","","","0","0","0","0","0","0","1.666666667","1.666666667","","0","100","0","0","55.55555556","55.55555556","0","0","55.55555556","55.55555556"
"","","UGP2014NAM-OT03","","","","","","","","","UGP2014NAM-OT03-00374","","","","3","3","2","2","7","1","3","3","10","0","2.1","0","2.5","9","1","2","1","3","6.12","2.1","4.6","10","0.21","","0.21","3.333333333","3.333333333","3.333333333","3.333333333","0.7","0.7","0.833333333","0.833333333","100","45.65217391","100","23.33333333","23.33333333","27.77777778","51.11111111","23.33333333","23.33333333","27.77777778","51.11111111"
"","","UGP2014NAM-OT03","","","","","","","","","UGP2014NAM-OT03-00375","","","","3","3","2","4","5","4","7","3","9","11","1.58","0.28","5","2","2","2","5","3","1.76","1.86","6.86","20","0.175555556","0.025454545","0.093","6.666666667","6.666666667","3","3","0.62","0.62","1.666666667","1.666666667","45","27.11370262","100","17.55555556","20.66666667","55.55555556","76.22222222","17.55555556","20.66666667","55.55555556","76.22222222"
"","","UGP2014NAM-OT03","","","","","","","","","UGP2014NAM-OT03-00376","","","","3","2","2","5","5","1","2","2","7","5","0.44","0.12","1.5","6","1","","4","5","14.37","0.56","2.06","12","0.062857143","0.024","0.046666667","6","4","3.5","2.333333333","0.28","0.186666667","0.75","0.5","58.33333333","27.18446602","66.66666667","4.888888889","6.222222222","16.66666667","22.88888889","7.333333333","9.333333333","25","34.33333333"
"","","UGP2014NAM-OT03","","","","","","","","","UGP2014NAM-OT03-00377","","","","3","3","2","3","7","3","5","3","3","1","0.8","0.01","2.5","9","1","1","2","3","0.03","0.81","3.31","4","0.266666667","0.01","0.2025","1.333333333","1.333333333","1","1","0.27","0.27","0.833333333","0.833333333","75","24.47129909","100","8.888888889","9","27.77777778","36.77777778","8.888888889","9","27.77777778","36.77777778"
"","","UGP2014NAM-OT03","","","","","","","","","UGP2014NAM-OT03-00378","","","","3","2","3","4","6","1","3","2","2","0","1.68","0","4","2","1","1","1","1","1.5","1.68","5.68","2","0.84","","0.84","1","0.666666667","1","0.666666667","0.84","0.56","2","1.333333333","100","29.57746479","66.66666667","18.66666667","18.66666667","44.44444444","63.11111111","28","28","66.66666667","94.66666667"
"","","UGP2014NAM-OT03","","","","","","","","","UGP2014NAM-OT03-00379","","","","3","3","2","2","7","1","2","3","0","11","0","0.44","6.92","8","1","1","3","7","4.41","0.44","7.36","11","","0.04","0.04","3.666666667","3.666666667","0","0","0.146666667","0.146666667","2.306666667","2.306666667","0","5.97826087","100","0","4.888888889","76.88888889","81.77777778","0","4.888888889","76.88888889","81.77777778"
"","","UGP2014NAM-OT03","","","","","","","","","UGP2014NAM-OT03-00380","","","","3","2","1","2","5","4","6","2","0","1","0","0.02","0.24","2","1","1","9","3","0.03","0.02","0.26","1","","0.02","0.02","0.5","0.333333333","0","0","0.01","0.006666667","0.12","0.08","0","7.692307692","66.66666667","0","0.222222222","2.666666667","2.888888889","0","0.333333333","4","4.333333333"
"","","UGP2014NAM-OT03","","","","","","","","","UGP2014NAM-OT03-00381","","","","3","3","1","2","5","4","7","3","3","1","0.18","0.04","2","6","4","1","3","7","1.5","0.22","2.22","4","0.06","0.04","0.055","1.333333333","1.333333333","1","1","0.073333333","0.073333333","0.666666667","0.666666667","75","9.90990991","100","2","2.444444444","22.22222222","24.66666667","2","2.444444444","22.22222222","24.66666667"
"","","UGP2014NAM-OT03","","","","","","","","","UGP2014NAM-OT03-00382","","","","3","2","3","4","7","1","3","2","3","0","1","0","3","9","1","1","4","1","0.15","1","4","3","0.333333333","","0.333333333","1.5","1","1.5","1","0.5","0.333333333","1.5","1","100","25","66.66666667","11.11111111","11.11111111","33.33333333","44.44444444","16.66666667","16.66666667","50","66.66666667"
"","","UGP2014NAM-OT03","","","","","","","","","UGP2014NAM-OT03-00383","","","","3","2","3","6","6","3","6","2","3","4","0.4","0.12","2","8","2","1","4","3","0.15","0.52","2.52","7","0.133333333","0.03","0.074285714","3.5","2.333333333","1.5","1","0.26","0.173333333","1","0.666666667","42.85714286","20.63492063","66.66666667","4.444444444","5.777777778","22.22222222","28","6.666666667","8.666666667","33.33333333","42"
"","","UGP2014NAM-OT03","","","","","","","","","UGP2014NAM-OT03-00384","","","","3","2","1","2","7","4","7","2","1","5","0.16","0.18","4.9","2","1","1","3","7","0","0.34","5.24","6","0.16","0.036","0.056666667","3","2","0.5","0.333333333","0.17","0.113333333","2.45","1.633333333","16.66666667","6.488549618","66.66666667","1.777777778","3.777777778","54.44444444","58.22222222","2.666666667","5.666666667","81.66666667","87.33333333"
"","","UGP2014NAM-OT03","","","","","","","","","UGP2014NAM-OT03-00385","","","","3","0","","","","","","0","0","0","0","0","0","","","","","","","0","0","0","","","","","0","","0","","0","","0","","","0","0","0","0","0","","","",""
"","","UGP2014NAM-OT03","","","","","","","","","UGP2014NAM-OT03-00386","","","","3","3","1","4","7","4","7","3","8","0","2","0","4.5","2","1","1","2","3","0.15","2","6.5","8","0.25","","0.25","2.666666667","2.666666667","2.666666667","2.666666667","0.666666667","0.666666667","1.5","1.5","100","30.76923077","100","22.22222222","22.22222222","50","72.22222222","22.22222222","22.22222222","50","72.22222222"
"","","UGP2014NAM-OT03","","","","","","","","","UGP2014NAM-OT03-00387","","","","3","3","1","6","8","1","3","3","12","20","0.1","0.32","3.2","2","1","1","2","5","0","0.42","3.62","32","0.008333333","0.016","0.013125","10.66666667","10.66666667","4","4","0.14","0.14","1.066666667","1.066666667","37.5","11.60220994","100","1.111111111","4.666666667","35.55555556","40.22222222","1.111111111","4.666666667","35.55555556","40.22222222"
"","","UGP2014NAM-OT03","","","","","","","","","UGP2014NAM-OT03-00388","","","","3","2","2","3","6","1","3","2","0","0","0","0","4","","","","","","","0","4","0","","","","0","0","0","0","0","0","2","1.333333333","","0","66.66666667","0","0","44.44444444","44.44444444","0","0","66.66666667","66.66666667"
"","","UGP2014NAM-OT03","","","","","","","","","UGP2014NAM-OT03-00389","","","","3","1","2","3","7","1","3","1","9","2","0.64","0.05","7","8","1","1","3","7","0.02","0.69","7.69","11","0.071111111","0.025","0.062727273","11","3.666666667","9","3","0.69","0.23","7","2.333333333","81.81818182","8.972691808","33.33333333","7.111111111","7.666666667","77.77777778","85.44444444","21.33333333","23","233.3333333","256.3333333"
"","","UGP2014NAM-OT03","","","","","","","","","UGP2014NAM-OT03-00390","","","","3","2","3","4","6","1","2","2","0","1","0","0.1","3.5","2","1","1","9","9","0","0.1","3.6","1","","0.1","0.1","0.5","0.333333333","0","0","0.05","0.033333333","1.75","1.166666667","0","2.777777778","66.66666667","0","1.111111111","38.88888889","40","0","1.666666667","58.33333333","60"
"","","UGP2014NAM-OT03","","","","","","","","","UGP2014NAM-OT03-00391","","","","3","2","2","2","7","1","3","2","0","0","0","0","0.7","","","","","","","0","0.7","0","","","","0","0","0","0","0","0","0.35","0.233333333","","0","66.66666667","0","0","7.777777778","7.777777778","0","0","11.66666667","11.66666667"
"","","UGP2014NAM-OT03","","","","","","","","","UGP2014NAM-OT03-00392","","","","3","2","1","4","7","1","2","2","2","2","0.9","0.08","2","2","1","1","6","3","1.5","0.98","2.98","4","0.45","0.04","0.245","2","1.333333333","1","0.666666667","0.49","0.326666667","1","0.666666667","50","32.88590604","66.66666667","10","10.88888889","22.22222222","33.11111111","15","16.33333333","33.33333333","49.66666667"
"","","UGP2014NAM-OT03","","","","","","","","","UGP2014NAM-OT03-00393","","","","3","3","2","3","8","2","4","3","0","0","0","0","13.2","","","","","","","0","13.2","0","","","","0","0","0","0","0","0","4.4","4.4","","0","100","0","0","146.6666667","146.6666667","0","0","146.6666667","146.6666667"
"","","UGP2014NAM-OT03","","","","","","","","","UGP2014NAM-OT03-00394","","","","3","3","2","3","7","3","5","3","2","5","0.18","0.12","1.9","6","1","1","2","7","4.41","0.3","2.2","7","0.09","0.024","0.042857143","2.333333333","2.333333333","0.666666667","0.666666667","0.1","0.1","0.633333333","0.633333333","28.57142857","13.63636364","100","2","3.333333333","21.11111111","24.44444444","2","3.333333333","21.11111111","24.44444444"
"","","UGP2014NAM-OT03","","","","","","","","","UGP2014NAM-OT03-00395","","","","3","1","5","8","5","2","4","1","0","0","0","0","1.5","","","","","","","0","1.5","0","","","","0","0","0","0","0","0","1.5","0.5","","0","33.33333333","0","0","16.66666667","16.66666667","0","0","50","50"
"","","UGP2014NAM-OT03","","","","","","","","","UGP2014NAM-OT03-00396","","","","3","1","2","5","5","3","5","1","0","0","0","0","1","","","","","","","0","1","0","","","","0","0","0","0","0","0","1","0.333333333","","0","33.33333333","0","0","11.11111111","11.11111111","0","0","33.33333333","33.33333333"
"","","UGP2014NAM-OT03","","","","","","","","","UGP2014NAM-OT03-00397","","","","3","2","2","2","7","1","2","2","1","2","0.12","0.04","1.5","9","1","2","3","7","0.02","0.16","1.66","3","0.12","0.02","0.053333333","1.5","1","0.5","0.333333333","0.08","0.053333333","0.75","0.5","33.33333333","9.638554217","66.66666667","1.333333333","1.777777778","16.66666667","18.44444444","2","2.666666667","25","27.66666667"
"","","UGP2014NAM-OT03","","","","","","","","","UGP2014NAM-OT03-00398","","","","3","","2","2","6","1","3","0","0","0","0","0","0","","","","","","","0","0","0","","","","","0","","0","","0","","0","","","0","0","0","0","0","","","",""
"","","UGP2014NAM-OT03","","","","","","","","","UGP2014NAM-OT03-00399","","","","3","3","1","6","7","1","2","3","4","1","1.1","0.03","3.5","2","1","1","1","3","0","1.13","4.63","5","0.275","0.03","0.226","1.666666667","1.666666667","1.333333333","1.333333333","0.376666667","0.376666667","1.166666667","1.166666667","80","24.40604752","100","12.22222222","12.55555556","38.88888889","51.44444444","12.22222222","12.55555556","38.88888889","51.44444444"
"","","UGP2014NAM-OT03","","","","","","","","","UGP2014NAM-OT03-00400","","","","3","1","1","4","7","1","3","1","5","2","0.4","0.02","1.5","2","3","1","3","5","0.15","0.42","1.92","7","0.08","0.01","0.06","7","2.333333333","5","1.666666667","0.42","0.14","1.5","0.5","71.42857143","21.875","33.33333333","4.444444444","4.666666667","16.66666667","21.33333333","13.33333333","14","50","64"
"","","UGP2014NAM-OT03","","","","","","","","","UGP2014NAM-OT03-00401","","","","3","3","1","3","9","1","3","3","3","3","0.6","0.08","4","6","1","8","5","5","0.12","0.68","4.68","6","0.2","0.026666667","0.113333333","2","2","1","1","0.226666667","0.226666667","1.333333333","1.333333333","50","14.52991453","100","6.666666667","7.555555556","44.44444444","52","6.666666667","7.555555556","44.44444444","52"
"","","UGP2014NAM-OT03","","","","","","","","","UGP2014NAM-OT03-00402","","","","3","3","3","4","6","1","2","3","12","3","3","0.92","6.2","8","2","1","4","3","12.39","3.92","10.12","15","0.25","0.306666667","0.261333333","5","5","4","4","1.306666667","1.306666667","2.066666667","2.066666667","80","38.73517787","100","33.33333333","43.55555556","68.88888889","112.4444444","33.33333333","43.55555556","68.88888889","112.4444444"
"","","UGP2014NAM-OT03","","","","","","","","","UGP2014NAM-OT03-00403","","","","3","0","","","","","","0","0","0","0","0","0","","","","","","","0","0","0","","","","","0","","0","","0","","0","","","0","0","0","0","0","","","",""
"","","UGP2014NAM-OT03","","","","","","","","","UGP2014NAM-OT03-00404","","","","3","1","2","4","7","2","4","1","1","1","0.5","0.04","0.5","2","1","1","5","5","0.12","0.54","1.04","2","0.5","0.04","0.27","2","0.666666667","1","0.333333333","0.54","0.18","0.5","0.166666667","50","51.92307692","33.33333333","5.555555556","6","5.555555556","11.55555556","16.66666667","18","16.66666667","34.66666667"
"","","UGP2014NAM-OT03","","","","","","","","","UGP2014NAM-OT03-00405","","","","3","3","2","3","8","1","3","3","5","1","1.4","0.03","3","8","1","1","5","3","0.12","1.43","4.43","6","0.28","0.03","0.238333333","2","2","1.666666667","1.666666667","0.476666667","0.476666667","1","1","83.33333333","32.27990971","100","15.55555556","15.88888889","33.33333333","49.22222222","15.55555556","15.88888889","33.33333333","49.22222222"
"","","UGP2014NAM-OT03","","","","","","","","","UGP2014NAM-OT03-00406","","","","3","3","3","6","7","1","3","3","0","0","0","0","6","","","","","","","0","6","0","","","","0","0","0","0","0","0","2","2","","0","100","0","0","66.66666667","66.66666667","0","0","66.66666667","66.66666667"
"","","UGP2014NAM-OT03","","","","","","","","","UGP2014NAM-OT03-00407","","","","3","3","3","6","7","1","3","3","2","0","0.12","0","3","8","1","","4","5","0.12","0.12","3.12","2","0.06","","0.06","0.666666667","0.666666667","0.666666667","0.666666667","0.04","0.04","1","1","100","3.846153846","100","1.333333333","1.333333333","33.33333333","34.66666667","1.333333333","1.333333333","33.33333333","34.66666667"
"","","UGP2014NAM-OT03","","","","","","","","","UGP2014NAM-OT03-00408","","","","3","3","1","3","8","3","6","3","0","0","0","0","2.8","","","","","","","0","2.8","0","","","","0","0","0","0","0","0","0.933333333","0.933333333","","0","100","0","0","31.11111111","31.11111111","0","0","31.11111111","31.11111111"
"","","UGP2014NAM-OT03","","","","","","","","","UGP2014NAM-OT03-00409","","","","3","3","1","2","8","3","5","3","0","0","0","0","3.8","","","","","","","0","3.8","0","","","","0","0","0","0","0","0","1.266666667","1.266666667","","0","100","0","0","42.22222222","42.22222222","0","0","42.22222222","42.22222222"
"","","UGP2014NAM-OT03","","","","","","","","","UGP2014NAM-OT03-00410","","","","3","3","1","3","8","1","3","3","1","1","0.2","0.04","6.2","8","1","1","8","3","0.12","0.24","6.44","2","0.2","0.04","0.12","0.666666667","0.666666667","0.333333333","0.333333333","0.08","0.08","2.066666667","2.066666667","50","3.726708075","100","2.222222222","2.666666667","68.88888889","71.55555556","2.222222222","2.666666667","68.88888889","71.55555556"
"","","UGP2014NAM-OT03","","","","","","","","","UGP2014NAM-OT03-00411","","","","3","3","1","3","7","3","6","3","0","2","0","0.02","1.4","8","1","1","3","9","1.38","0.02","1.42","2","","0.01","0.01","0.666666667","0.666666667","0","0","0.006666667","0.006666667","0.466666667","0.466666667","0","1.408450704","100","0","0.222222222","15.55555556","15.77777778","0","0.222222222","15.55555556","15.77777778"
"","","UGP2014NAM-OT03","","","","","","","","","UGP2014NAM-OT03-00412","","","","3","3","1","2","9","1","3","3","6","7","0.6","0.2","9.5","9","1","1","9","7","6.12","0.8","10.3","13","0.1","0.028571429","0.061538462","4.333333333","4.333333333","2","2","0.266666667","0.266666667","3.166666667","3.166666667","46.15384615","7.766990291","100","6.666666667","8.888888889","105.5555556","114.4444444","6.666666667","8.888888889","105.5555556","114.4444444"
"","","UGP2014NAM-OT03","","","","","","","","","UGP2014NAM-OT03-00413","","","","3","3","2","2","9","1","2","3","0","0","0","0","11.5","","","","","","","0","11.5","0","","","","0","0","0","0","0","0","3.833333333","3.833333333","","0","100","0","0","127.7777778","127.7777778","0","0","127.7777778","127.7777778"
"","","UGP2014NAM-OT03","","","","","","","","","UGP2014NAM-OT03-00414","","","","3","1","2","4","5","3","6","1","4","21","0.32","0.42","1","2","1","1","3","5","0.12","0.74","1.74","25","0.08","0.02","0.0296","25","8.333333333","4","1.333333333","0.74","0.246666667","1","0.333333333","16","42.52873563","33.33333333","3.555555556","8.222222222","11.11111111","19.33333333","10.66666667","24.66666667","33.33333333","58"
"","","UGP2014NAM-OT03","","","","","","","","","UGP2014NAM-OT03-00415","","","","3","2","3","6","6","1","3","2","1","1","0.16","0.02","6","9","1","1","3","7","0","0.18","6.18","2","0.16","0.02","0.09","1","0.666666667","0.5","0.333333333","0.09","0.06","3","2","50","2.912621359","66.66666667","1.777777778","2","66.66666667","68.66666667","2.666666667","3","100","103"
"","","UGP2014NAM-OT03","","","","","","","","","UGP2014NAM-OT03-00417","","","","3","1","1","4","6","2","4","1","1","0","0.2","0","0.18","2","1","2","4","5","0.15","0.2","0.38","1","0.2","","0.2","1","0.333333333","1","0.333333333","0.2","0.066666667","0.18","0.06","100","52.63157895","33.33333333","2.222222222","2.222222222","2","4.222222222","6.666666667","6.666666667","6","12.66666667"
"","","UGP2014NAM-OT03","","","","","","","","","UGP2014NAM-OT03-00418","","","","3","2","1","3","7","3","5","2","4","0","0.64","0","3","8","1","2","1","5","0.15","0.64","3.64","4","0.16","","0.16","2","1.333333333","2","1.333333333","0.32","0.213333333","1.5","1","100","17.58241758","66.66666667","7.111111111","7.111111111","33.33333333","40.44444444","10.66666667","10.66666667","50","60.66666667"
"","","UGP2014NAM-OT03","","","","","","","","","UGP2014NAM-OT03-00419","","","","3","3","3","6","8","2","4","3","1","1","0.12","0.01","4","9","1","1","8","7","0.02","0.13","4.13","2","0.12","0.01","0.065","0.666666667","0.666666667","0.333333333","0.333333333","0.043333333","0.043333333","1.333333333","1.333333333","50","3.147699758","100","1.333333333","1.444444444","44.44444444","45.88888889","1.333333333","1.444444444","44.44444444","45.88888889"
"","","UGP2014NAM-OT03","","","","","","","","","UGP2014NAM-OT03-00420","","","","3","3","2","3","6","1","3","3","0","0","0","0","4.2","","","","","","","0","4.2","0","","","","0","0","0","0","0","0","1.4","1.4","","0","100","0","0","46.66666667","46.66666667","0","0","46.66666667","46.66666667"
"","","UGP2014NAM-OT03","","","","","","","","","UGP2014NAM-OT03-00421","","","","3","2","2","2","7","2","4","2","4","9","0.18","0.18","4","8","1","1","8","7","1.65","0.36","4.36","13","0.045","0.02","0.027692308","6.5","4.333333333","2","1.333333333","0.18","0.12","2","1.333333333","30.76923077","8.256880734","66.66666667","2","4","44.44444444","48.44444444","3","6","66.66666667","72.66666667"
"","","UGP2014NAM-OT03","","","","","","","","","UGP2014NAM-OT03-00422","","","","3","1","2","2","5","2","4","1","0","1","0","0.1","0.38","2","1","1","9","9","0","0.1","0.48","1","","0.1","0.1","1","0.333333333","0","0","0.1","0.033333333","0.38","0.126666667","0","20.83333333","33.33333333","0","1.111111111","4.222222222","5.333333333","0","3.333333333","12.66666667","16"
"","","UGP2014NAM-OT03","","","","","","","","","UGP2014NAM-OT03-00423","","","","3","1","2","2","5","1","2","1","2","0","0.2","0","0.7","6","1","1","3","7","1.38","0.2","0.9","2","0.1","","0.1","2","0.666666667","2","0.666666667","0.2","0.066666667","0.7","0.233333333","100","22.22222222","33.33333333","2.222222222","2.222222222","7.777777778","10","6.666666667","6.666666667","23.33333333","30"
"","","UGP2014NAM-OT03","","","","","","","","","UGP2014NAM-OT03-00424","","","","3","2","2","3","8","1","3","2","1","1","0.12","0.04","8","9","1","1","3","7","0.15","0.16","8.16","2","0.12","0.04","0.08","1","0.666666667","0.5","0.333333333","0.08","0.053333333","4","2.666666667","50","1.960784314","66.66666667","1.333333333","1.777777778","88.88888889","90.66666667","2","2.666666667","133.3333333","136"
"","","UGP2014NAM-OT03","","","","","","","","","UGP2014NAM-OT03-00425","","","","3","1","2","2","7","2","4","1","0","0","0","0","2.5","","","","","","","0","2.5","0","","","","0","0","0","0","0","0","2.5","0.833333333","","0","33.33333333","0","0","27.77777778","27.77777778","0","0","83.33333333","83.33333333"
"","","UGP2014NAM-OT03","","","","","","","","","UGP2014NAM-OT03-00426","","","","3","2","2","3","6","3","5","2","3","1","0.4","0.01","2.5","6","2","1","2","5","1.65","0.41","2.91","4","0.133333333","0.01","0.1025","2","1.333333333","1.5","1","0.205","0.136666667","1.25","0.833333333","75","14.08934708","66.66666667","4.444444444","4.555555556","27.77777778","32.33333333","6.666666667","6.833333333","41.66666667","48.5"
"","","UGP2014NAM-OT03","","","","","","","","","UGP2014NAM-OT03-00427","","","","3","2","2","3","5","2","4","2","0","0","0","0","2","","","","","","","0","2","0","","","","0","0","0","0","0","0","1","0.666666667","","0","66.66666667","0","0","22.22222222","22.22222222","0","0","33.33333333","33.33333333"
"","","UGP2014NAM-OT03","","","","","","","","","UGP2014NAM-OT03-00428","","","","3","2","2","2","6","3","5","2","0","0","0","0","2.4","","","","","","","0","2.4","0","","","","0","0","0","0","0","0","1.2","0.8","","0","66.66666667","0","0","26.66666667","26.66666667","0","0","40","40"
"","","UGP2014NAM-OT03","","","","","","","","","UGP2014NAM-OT03-00429","","","","3","3","5","7","6","1","3","3","3","0","0.5","0","2","8","2","1","1","3","0.12","0.5","2.5","3","0.166666667","","0.166666667","1","1","1","1","0.166666667","0.166666667","0.666666667","0.666666667","100","20","100","5.555555556","5.555555556","22.22222222","27.77777778","5.555555556","5.555555556","22.22222222","27.77777778"
"","","UGP2014NAM-OT03","","","","","","","","","UGP2014NAM-OT03-00430","","","","3","3","2","4","7","1","2","3","0","1","0","0.04","3.5","2","1","1","3","9","0.02","0.04","3.54","1","","0.04","0.04","0.333333333","0.333333333","0","0","0.013333333","0.013333333","1.166666667","1.166666667","0","1.129943503","100","0","0.444444444","38.88888889","39.33333333","0","0.444444444","38.88888889","39.33333333"
"","","UGP2014NAM-OT03","","","","","","","","","UGP2014NAM-OT03-00431","","","","3","3","2","3","6","1","2","3","0","0","0","0","2.1","","","","","","","0","2.1","0","","","","0","0","0","0","0","0","0.7","0.7","","0","100","0","0","23.33333333","23.33333333","0","0","23.33333333","23.33333333"
"","","UGP2014NAM-OT03","","","","","","","","","UGP2014NAM-OT03-00432","","","","3","3","2","3","5","2","4","3","0","0","0","0","3.6","","","","","","","0","3.6","0","","","","0","0","0","0","0","0","1.2","1.2","","0","100","0","0","40","40","0","0","40","40"
"","","UGP2014NAM-OT03","","","","","","","","","UGP2014NAM-OT03-00433","","","","3","2","2","2","7","3","6","2","0","0","0","0","1.5","","","","","","","0","1.5","0","","","","0","0","0","0","0","0","0.75","0.5","","0","66.66666667","0","0","16.66666667","16.66666667","0","0","25","25"
"","","UGP2014NAM-OT03","","","","","","","","","UGP2014NAM-OT03-00434","","","","3","2","2","2","5","2","5","2","3","0","0.24","0","1","8","2","1","4","7","0.12","0.24","1.24","3","0.08","","0.08","1.5","1","1.5","1","0.12","0.08","0.5","0.333333333","100","19.35483871","66.66666667","2.666666667","2.666666667","11.11111111","13.77777778","4","4","16.66666667","20.66666667"
"","","UGP2014NAM-OT03","","","","","","","","","UGP2014NAM-OT03-00435","","","","3","1","2","2","6","3","5","1","2","0","1.4","0","1.5","2","3","4","1","1","0.12","1.4","2.9","2","0.7","","0.7","2","0.666666667","2","0.666666667","1.4","0.466666667","1.5","0.5","100","48.27586207","33.33333333","15.55555556","15.55555556","16.66666667","32.22222222","46.66666667","46.66666667","50","96.66666667"
"","","UGP2014NAM-OT03","","","","","","","","","UGP2014NAM-OT03-00436","","","","3","3","2","2","7","3","6","3","2","1","1","0.04","5","2","2","1","4","1","0.12","1.04","6.04","3","0.5","0.04","0.346666667","1","1","0.666666667","0.666666667","0.346666667","0.346666667","1.666666667","1.666666667","66.66666667","17.21854305","100","11.11111111","11.55555556","55.55555556","67.11111111","11.11111111","11.55555556","55.55555556","67.11111111"
"","","UGP2014NAM-OT03","","","","","","","","","UGP2014NAM-OT03-00437","","","","3","3","4","7","7","1","5","3","0","0","0","0","2.5","","","","","","","0","2.5","0","","","","0","0","0","0","0","0","0.833333333","0.833333333","","0","100","0","0","27.77777778","27.77777778","0","0","27.77777778","27.77777778"
"","","UGP2014NAM-OT03","","","","","","","","","UGP2014NAM-OT03-00438","","","","3","2","3","6","5","1","3","2","0","1","0","0.01","1","","","","","","","0.01","1.01","1","","0.01","0.01","0.5","0.333333333","0","0","0.005","0.003333333","0.5","0.333333333","0","0.99009901","66.66666667","0","0.111111111","11.11111111","11.22222222","0","0.166666667","16.66666667","16.83333333"
"","","UGP2014NAM-OT03","","","","","","","","","UGP2014NAM-OT03-00439","","","","3","","2","2","7","1","2","","3","1","0.58","0.01","","9","1","1","3","3","0.02","0.59","","4","0.193333333","0.01","0.1475","","1.333333333","","1","","0.196666667","","","75","","","6.444444444","6.555555556","","","","","",""
"","","UGP2014NAM-OT03","","","","","","","","","UGP2014NAM-OT03-00440","","","","3","3","2","2","7","1","2","3","3","2","1","0.1","1.2","2","2","1","1","3","0","1.1","2.3","5","0.333333333","0.05","0.22","1.666666667","1.666666667","1","1","0.366666667","0.366666667","0.4","0.4","60","47.82608696","100","11.11111111","12.22222222","13.33333333","25.55555556","11.11111111","12.22222222","13.33333333","25.55555556"
"","","UGP2014NAM-OT03","","","","","","","","","UGP2014NAM-OT03-00441","","","","3","1","2","4","5","1","3","1","0","1","0","0.04","1.6","2","1","1","9","9","0","0.04","1.64","1","","0.04","0.04","1","0.333333333","0","0","0.04","0.013333333","1.6","0.533333333","0","2.43902439","33.33333333","0","0.444444444","17.77777778","18.22222222","0","1.333333333","53.33333333","54.66666667"
"","","UGP2014NAM-OT03","","","","","","","","","UGP2014NAM-OT03-00442","","","","3","2","5","6","9","1","2","2","9","5","2.1","0.12","6","2","1","1","4","3","0.12","2.22","8.22","14","0.233333333","0.024","0.158571429","7","4.666666667","4.5","3","1.11","0.74","3","2","64.28571429","27.00729927","66.66666667","23.33333333","24.66666667","66.66666667","91.33333333","35","37","100","137"
"","","UGP2014NAM-OT03","","","","","","","","","UGP2014NAM-OT03-00443","","","","3","0","","","","","","0","0","0","0","0","0","","","","","","","0","0","0","","","","","0","","0","","0","","0","","","0","0","0","0","0","","","",""
"","","UGP2014NAM-OT03","","","","","","","","","UGP2014NAM-OT03-00444","","","","3","2","2","3","7","2","4","2","0","1","0","0.01","4.5","8","1","1","9","9","0.12","0.01","4.51","1","","0.01","0.01","0.5","0.333333333","0","0","0.005","0.003333333","2.25","1.5","0","0.22172949","66.66666667","0","0.111111111","50","50.11111111","0","0.166666667","75","75.16666667"
"","","UGP2014NAM-OT03","","","","","","","","","UGP2014NAM-OT03-00445","","","","3","2","1","2","9","1","2","2","1","0","0.12","0","6","8","1","1","4","7","1.65","0.12","6.12","1","0.12","","0.12","0.5","0.333333333","0.5","0.333333333","0.06","0.04","3","2","100","1.960784314","66.66666667","1.333333333","1.333333333","66.66666667","68","2","2","100","102"
"","","UGP2014NAM-OT03","","","","","","","","","UGP2014NAM-OT03-00446","","","","3","3","1","3","6","3","6","3","4","0","0.84","0","1.8","6","1","1","5","1","0.12","0.84","2.64","4","0.21","","0.21","1.333333333","1.333333333","1.333333333","1.333333333","0.28","0.28","0.6","0.6","100","31.81818182","100","9.333333333","9.333333333","20","29.33333333","9.333333333","9.333333333","20","29.33333333"
"","","UGP2014NAM-OT03","","","","","","","","","UGP2014NAM-OT03-00447","","","","3","1","1","3","5","2","4","1","0","0","0","0","1.5","","","","","","","0","1.5","0","","","","0","0","0","0","0","0","1.5","0.5","","0","33.33333333","0","0","16.66666667","16.66666667","0","0","50","50"
"","","UGP2014NAM-OT03","","","","","","","","","UGP2014NAM-OT03-00448","","","","3","1","2","2","5","1","3","1","0","1","0","0.01","0.18","2","1","1","9","9","0.02","0.01","0.19","1","","0.01","0.01","1","0.333333333","0","0","0.01","0.003333333","0.18","0.06","0","5.263157895","33.33333333","0","0.111111111","2","2.111111111","0","0.333333333","6","6.333333333"
"","","UGP2014NAM-OT03","","","","","","","","","UGP2014NAM-OT03-00449","","","","3","3","3","7","8","1","3","3","0","1","0","0.04","4","8","1","1","8","9","1.38","0.04","4.04","1","","0.04","0.04","0.333333333","0.333333333","0","0","0.013333333","0.013333333","1.333333333","1.333333333","0","0.99009901","100","0","0.444444444","44.44444444","44.88888889","0","0.444444444","44.44444444","44.88888889"
"","","UGP2014NAM-OT03","","","","","","","","","UGP2014NAM-OT03-00450","","","","3","2","1","2","5","3","6","2","0","0","0","0","1","","","","","","","0","1","0","","","","0","0","0","0","0","0","0.5","0.333333333","","0","66.66666667","0","0","11.11111111","11.11111111","0","0","16.66666667","16.66666667"
"","","UGP2014NAM-OT03","","","","","","","","","UGP2014NAM-OT03-00451","","","","3","2","2","2","7","3","6","2","4","6","0.44","0.88","2","8","2","1","3","5","0","1.32","3.32","10","0.11","0.146666667","0.132","5","3.333333333","2","1.333333333","0.66","0.44","1","0.666666667","40","39.75903614","66.66666667","4.888888889","14.66666667","22.22222222","36.88888889","7.333333333","22","33.33333333","55.33333333"
"","","UGP2014NAM-OT03","","","","","","","","","UGP2014NAM-OT03-00452","","","","3","2","2","3","8","1","3","2","5","6","2.5","0.1","5.3","2","1","1","4","3","0.15","2.6","7.9","11","0.5","0.016666667","0.236363636","5.5","3.666666667","2.5","1.666666667","1.3","0.866666667","2.65","1.766666667","45.45454545","32.91139241","66.66666667","27.77777778","28.88888889","58.88888889","87.77777778","41.66666667","43.33333333","88.33333333","131.6666667"
"","","UGP2014NAM-OT03","","","","","","","","","UGP2014NAM-OT03-00453","","","","3","3","3","6","8","2","5","3","12","5","2","0.14","5.5","2","2","1","1","5","0.15","2.14","7.64","17","0.166666667","0.028","0.125882353","5.666666667","5.666666667","4","4","0.713333333","0.713333333","1.833333333","1.833333333","70.58823529","28.0104712","100","22.22222222","23.77777778","61.11111111","84.88888889","22.22222222","23.77777778","61.11111111","84.88888889"
"","","UGP2014NAM-OT03","","","","","","","","","UGP2014NAM-OT03-00454","","","","3","3","1","3","7","1","3","3","2","1","6","0.04","2.4","8","1","","1","3","4.61","6.04","8.44","3","3","0.04","2.013333333","1","1","0.666666667","0.666666667","2.013333333","2.013333333","0.8","0.8","66.66666667","71.56398104","100","66.66666667","67.11111111","26.66666667","93.77777778","66.66666667","67.11111111","26.66666667","93.77777778"
"","","UGP2014NAM-OT03","","","","","","","","","UGP2014NAM-OT03-00455","","","","3","3","1","2","8","3","6","3","2","1","0.24","0.04","3","2","1","1","3","7","1.38","0.28","3.28","3","0.12","0.04","0.093333333","1","1","0.666666667","0.666666667","0.093333333","0.093333333","1","1","66.66666667","8.536585366","100","2.666666667","3.111111111","33.33333333","36.44444444","2.666666667","3.111111111","33.33333333","36.44444444"
"","","UGP2014NAM-OT03","","","","","","","","","UGP2014NAM-OT03-00456","","","","3","3","2","3","6","3","5","3","0","0","0","0","2","","","","","","","0","2","0","","","","0","0","0","0","0","0","0.666666667","0.666666667","","0","100","0","0","22.22222222","22.22222222","0","0","22.22222222","22.22222222"
"","","UGP2014NAM-OT03","","","","","","","","","UGP2014NAM-OT03-00457","","","","3","1","2","2","6","1","3","1","0","0","0","0","1","","","","","","","0","1","0","","","","0","0","0","0","0","0","1","0.333333333","","0","33.33333333","0","0","11.11111111","11.11111111","0","0","33.33333333","33.33333333"
"","","UGP2014NAM-OT03","","","","","","","","","UGP2014NAM-OT03-00458","","","","3","2","2","2","6","1","2","2","1","1","0.08","0.02","3.1","8","1","1","4","7","0.02","0.1","3.2","2","0.08","0.02","0.05","1","0.666666667","0.5","0.333333333","0.05","0.033333333","1.55","1.033333333","50","3.125","66.66666667","0.888888889","1.111111111","34.44444444","35.55555556","1.333333333","1.666666667","51.66666667","53.33333333"
"","","UGP2014NAM-OT03","","","","","","","","","UGP2014NAM-OT03-00459","","","","3","3","3","6","7","2","4","3","7","8","0.8","0.24","3","5","2","3","2","5","1.38","1.04","4.04","15","0.114285714","0.03","0.069333333","5","5","2.333333333","2.333333333","0.346666667","0.346666667","1","1","46.66666667","25.74257426","100","8.888888889","11.55555556","33.33333333","44.88888889","8.888888889","11.55555556","33.33333333","44.88888889"
"","","UGP2014NAM-OT03","","","","","","","","","UGP2014NAM-OT03-00460","","","","3","1","1","3","5","3","5","1","1","0","0.3","0","0.16","2","1","1","4","3","0.12","0.3","0.46","1","0.3","","0.3","1","0.333333333","1","0.333333333","0.3","0.1","0.16","0.053333333","100","65.2173913","33.33333333","3.333333333","3.333333333","1.777777778","5.111111111","10","10","5.333333333","15.33333333"
"","","UGP2014NAM-OT03","","","","","","","","","UGP2014NAM-OT03-00461","","","","3","3","1","2","5","3","6","3","2","2","0.48","0.08","2.9","8","1","1","4","5","0.12","0.56","3.46","4","0.24","0.04","0.14","1.333333333","1.333333333","0.666666667","0.666666667","0.186666667","0.186666667","0.966666667","0.966666667","50","16.1849711","100","5.333333333","6.222222222","32.22222222","38.44444444","5.333333333","6.222222222","32.22222222","38.44444444"
"","","UGP2014NAM-OT03","","","","","","","","","UGP2014NAM-OT03-00462","","","","3","1","1","2","6","1","3","1","1","0","0.8","0","11","8","1","3","5","1","0.12","0.8","11.8","1","0.8","","0.8","1","0.333333333","1","0.333333333","0.8","0.266666667","11","3.666666667","100","6.779661017","33.33333333","8.888888889","8.888888889","122.2222222","131.1111111","26.66666667","26.66666667","366.6666667","393.3333333"
"","","UGP2014NAM-OT03","","","","","","","","","UGP2014NAM-OT03-00463","","","","3","2","1","2","9","1","2","2","3","8","0.24","0.18","4.7","9","1","1","9","7","1.17","0.42","5.12","11","0.08","0.0225","0.038181818","5.5","3.666666667","1.5","1","0.21","0.14","2.35","1.566666667","27.27272727","8.203125","66.66666667","2.666666667","4.666666667","52.22222222","56.88888889","4","7","78.33333333","85.33333333"
"","","UGP2014NAM-OT03","","","","","","","","","UGP2014NAM-OT03-00464","","","","3","2","1","2","5","2","4","2","0","1","0","0.01","2.5","2","1","1","9","9","1.5","0.01","2.51","1","","0.01","0.01","0.5","0.333333333","0","0","0.005","0.003333333","1.25","0.833333333","0","0.398406375","66.66666667","0","0.111111111","27.77777778","27.88888889","0","0.166666667","41.66666667","41.83333333"
"","","UGP2014NAM-OT03","","","","","","","","","UGP2014NAM-OT03-00465","","","","3","3","2","2","9","1","3","3","7","8","2","0.3","8","9","1","1","2","3","1.65","2.3","10.3","15","0.285714286","0.0375","0.153333333","5","5","2.333333333","2.333333333","0.766666667","0.766666667","2.666666667","2.666666667","46.66666667","22.33009709","100","22.22222222","25.55555556","88.88888889","114.4444444","22.22222222","25.55555556","88.88888889","114.4444444"
"","","UGP2014NAM-OT03","","","","","","","","","UGP2014NAM-OT03-00466","","","","3","3","1","3","7","1","3","3","0","0","0","0","4.5","","","","","","","0","4.5","0","","","","0","0","0","0","0","0","1.5","1.5","","0","100","0","0","50","50","0","0","50","50"
"","","UGP2014NAM-OT03","","","","","","","","","UGP2014NAM-OT03-00467","","","","3","3","2","2","6","1","2","3","0","0","0","0","2","","","","","","","0","2","0","","","","0","0","0","0","0","0","0.666666667","0.666666667","","0","100","0","0","22.22222222","22.22222222","0","0","22.22222222","22.22222222"
"","","UGP2014NAM-OT03","","","","","","","","","UGP2014NAM-OT03-00468","","","","3","2","2","3","6","4","7","2","1","1","0.12","0.01","4.5","9","1","1","3","7","0.12","0.13","4.63","2","0.12","0.01","0.065","1","0.666666667","0.5","0.333333333","0.065","0.043333333","2.25","1.5","50","2.807775378","66.66666667","1.333333333","1.444444444","50","51.44444444","2","2.166666667","75","77.16666667"
"","","UGP2014NAM-OT03","","","","","","","","","UGP2014NAM-OT03-00469","","","","3","0","","","","","","0","0","0","0","0","0","","","","","","","0","0","0","","","","","0","","0","","0","","0","","","0","0","0","0","0","","","",""
"","","UGP2014NAM-OT03","","","","","","","","","UGP2014NAM-OT03-00470","","","","3","2","2","2","7","5","8","2","0","1","0","0.03","2.7","8","1","1","2","9","1.65","0.03","2.73","1","","0.03","0.03","0.5","0.333333333","0","0","0.015","0.01","1.35","0.9","0","1.098901099","66.66666667","0","0.333333333","30","30.33333333","0","0.5","45","45.5"
"","","UGP2014NAM-OT03","","","","","","","","","UGP2014NAM-OT03-00471","","","","3","2","2","4","7","3","6","2","3","3","0.6","0.08","1","2","1","1","2","3","1.65","0.68","1.68","6","0.2","0.026666667","0.113333333","3","2","1.5","1","0.34","0.226666667","0.5","0.333333333","50","40.47619048","66.66666667","6.666666667","7.555555556","11.11111111","18.66666667","10","11.33333333","16.66666667","28"
"","","UGP2014NAM-OT03","","","","","","","","","UGP2014NAM-OT03-00472","","","","3","3","2","2","7","3","6","3","4","0","0.92","0","1.2","2","1","1","4","3","0.02","0.92","2.12","4","0.23","","0.23","1.333333333","1.333333333","1.333333333","1.333333333","0.306666667","0.306666667","0.4","0.4","100","43.39622642","100","10.22222222","10.22222222","13.33333333","23.55555556","10.22222222","10.22222222","13.33333333","23.55555556"
"","","UGP2014NAM-OT03","","","","","","","","","UGP2014NAM-OT03-00473","","","","3","3","2","3","8","2","4","3","3","0","0.8","0","4.2","2","1","1","2","3","0","0.8","5","3","0.266666667","","0.266666667","1","1","1","1","0.266666667","0.266666667","1.4","1.4","100","16","100","8.888888889","8.888888889","46.66666667","55.55555556","8.888888889","8.888888889","46.66666667","55.55555556"
"","","UGP2014NAM-OT03","","","","","","","","","UGP2014NAM-OT03-00474","","","","3","1","2","2","7","3","6","1","1","0","0.62","0","1.5","2","2","1","1","1","0.12","0.62","2.12","1","0.62","","0.62","1","0.333333333","1","0.333333333","0.62","0.206666667","1.5","0.5","100","29.24528302","33.33333333","6.888888889","6.888888889","16.66666667","23.55555556","20.66666667","20.66666667","50","70.66666667"
"","","UGP2014NAM-OT03","","","","","","","","","UGP2014NAM-OT03-00475","","","","3","2","2","2","6","3","2","2","0","0","0","0","3","","","","","","","0","3","0","","","","0","0","0","0","0","0","1.5","1","","0","66.66666667","0","0","33.33333333","33.33333333","0","0","50","50"
"","","UGP2014NAM-OT03","","","","","","","","","UGP2014NAM-OT03-00476","","","","3","0","","","","","","0","0","0","0","0","0","","","","","","","0","0","0","","","","","0","","0","","0","","0","","","0","0","0","0","0","","","",""
"","","UGP2014NAM-OT03","","","","","","","","","UGP2014NAM-OT03-00477","","","","3","2","2","2","5","2","4","2","0","0","0","0","1","","","","","","","0","1","0","","","","0","0","0","0","0","0","0.5","0.333333333","","0","66.66666667","0","0","11.11111111","11.11111111","0","0","16.66666667","16.66666667"
"","","UGP2014NAM-OT03","","","","","","","","","UGP2014NAM-OT03-00478","","","","3","3","2","2","8","4","7","3","2","1","0.72","0.04","6","8","1","1","4","3","0.12","0.76","6.76","3","0.36","0.04","0.253333333","1","1","0.666666667","0.666666667","0.253333333","0.253333333","2","2","66.66666667","11.24260355","100","8","8.444444444","66.66666667","75.11111111","8","8.444444444","66.66666667","75.11111111"
"","","UGP2014NAM-OT03","","","","","","","","","UGP2014NAM-OT03-00479","","","","3","2","3","7","6","1","3","1","0","1","0","0.01","1.5","2","1","1","3","9","0.15","0.01","1.51","1","","0.01","0.01","1","0.333333333","0","0","0.01","0.003333333","1.5","0.5","0","0.662251656","33.33333333","0","0.111111111","16.66666667","16.77777778","0","0.333333333","50","50.33333333"
"","","UGP2014NAM-OT03","","","","","","","","","UGP2014NAM-OT03-00480","","","","3","3","1","2","8","1","2","3","6","1","0.58","0.04","2","8","1","1","3","5","0.12","0.62","2.62","7","0.096666667","0.04","0.088571429","2.333333333","2.333333333","2","2","0.206666667","0.206666667","0.666666667","0.666666667","85.71428571","23.66412214","100","6.444444444","6.888888889","22.22222222","29.11111111","6.444444444","6.888888889","22.22222222","29.11111111"
"","","UGP2014NAM-OT03","","","","","","","","","UGP2014NAM-OT03-00481","","","","3","3","1","3","7","3","6","3","0","0","0","0","2","","","","","","","0","2","0","","","","0","0","0","0","0","0","0.666666667","0.666666667","","0","100","0","0","22.22222222","22.22222222","0","0","22.22222222","22.22222222"
"","","UGP2014NAM-OT03","","","","","","","","","UGP2014NAM-OT03-00482","","","","3","2","3","6","6","2","4","2","2","0","0.18","0","1","8","1","1","3","7","0","0.18","1.18","2","0.09","","0.09","1","0.666666667","1","0.666666667","0.09","0.06","0.5","0.333333333","100","15.25423729","66.66666667","2","2","11.11111111","13.11111111","3","3","16.66666667","19.66666667"
"","","UGP2014NAM-OT03","","","","","","","","","UGP2014NAM-OT03-00483","","","","3","2","4","6","5","1","3","2","2","1","0.12","0.01","3","2","1","1","2","7","0","0.13","3.13","3","0.06","0.01","0.043333333","1.5","1","1","0.666666667","0.065","0.043333333","1.5","1","66.66666667","4.153354633","66.66666667","1.333333333","1.444444444","33.33333333","34.77777778","2","2.166666667","50","52.16666667"
"","","UGP2014NAM-OT03","","","","","","","","","UGP2014NAM-OT03-00484","","","","3","3","3","7","6","1","3","3","1","1","0.2","0.04","1.5","2","1","1","2","5","0.02","0.24","1.74","2","0.2","0.04","0.12","0.666666667","0.666666667","0.333333333","0.333333333","0.08","0.08","0.5","0.5","50","13.79310345","100","2.222222222","2.666666667","16.66666667","19.33333333","2.222222222","2.666666667","16.66666667","19.33333333"
"","","UGP2014NAM-OT03","","","","","","","","","UGP2014NAM-OT03-00485","","","","3","3","3","6","8","1","3","3","3","3","2","0.02","3.4","2","1","1","5","3","0","2.02","5.42","6","0.666666667","0.006666667","0.336666667","2","2","1","1","0.673333333","0.673333333","1.133333333","1.133333333","50","37.26937269","100","22.22222222","22.44444444","37.77777778","60.22222222","22.22222222","22.44444444","37.77777778","60.22222222"
"","","UGP2014NAM-OT03","","","","","","","","","UGP2014NAM-OT03-00486","","","","3","0","","","","","","0","0","0","0","0","0","","","","","","","0","0","0","","","","","0","","0","","0","","0","","","0","0","0","0","0","","","",""
"","","UGP2014NAM-OT03","","","","","","","","","UGP2014NAM-OT03-00487","","","","3","3","2","2","6","1","2","3","0","0","0","0","1.5","","","","","","","0","1.5","0","","","","0","0","0","0","0","0","0.5","0.5","","0","100","0","0","16.66666667","16.66666667","0","0","16.66666667","16.66666667"
"","","UGP2014NAM-OT03","","","","","","","","","UGP2014NAM-OT03-00488","","","","3","0","","","","","","0","0","0","0","0","0","","","","","","","0","0","0","","","","","0","","0","","0","","0","","","0","0","0","0","0","","","",""
"","","UGP2014NAM-OT03","","","","","","","","","UGP2014NAM-OT03-00489","","","","3","1","2","3","6","1","3","1","4","0","0.5","0","1.7","8","1","1","2","5","1.38","0.5","2.2","4","0.125","","0.125","4","1.333333333","4","1.333333333","0.5","0.166666667","1.7","0.566666667","100","22.72727273","33.33333333","5.555555556","5.555555556","18.88888889","24.44444444","16.66666667","16.66666667","56.66666667","73.33333333"
"","","UGP2014NAM-OT03","","","","","","","","","UGP2014NAM-OT03-00490","","","","3","1","2","3","5","3","6","1","3","1","0.8","0.1","2.4","2","1","1","3","1","0.12","0.9","3.3","4","0.266666667","0.1","0.225","4","1.333333333","3","1","0.9","0.3","2.4","0.8","75","27.27272727","33.33333333","8.888888889","10","26.66666667","36.66666667","26.66666667","30","80","110"
"","","UGP2014NAM-OT03","","","","","","","","","UGP2014NAM-OT03-00491","","","","3","1","2","2","7","3","5","1","7","1","1.24","0.01","2.2","2","2","1","3","3","1.38","1.25","3.45","8","0.177142857","0.01","0.15625","8","2.666666667","7","2.333333333","1.25","0.416666667","2.2","0.733333333","87.5","36.23188406","33.33333333","13.77777778","13.88888889","24.44444444","38.33333333","41.33333333","41.66666667","73.33333333","115"
"","","UGP2014NAM-OT03","","","","","","","","","UGP2014NAM-OT03-00492","","","","3","2","1","2","6","3","7","2","0","0","0","0","2.5","","","","","","","0","2.5","0","","","","0","0","0","0","0","0","1.25","0.833333333","","0","66.66666667","0","0","27.77777778","27.77777778","0","0","41.66666667","41.66666667"
"","","UGP2014NAM-OT03","","","","","","","","","UGP2014NAM-OT03-00493","","","","3","2","2","3","5","2","5","2","0","0","0","0","0.12","","","","","","","0","0.12","0","","","","0","0","0","0","0","0","0.06","0.04","","0","66.66666667","0","0","1.333333333","1.333333333","0","0","2","2"
"","","UGP2014NAM-OT03","","","","","","","","","UGP2014NAM-OT03-00494","","","","3","2","1","2","5","3","5","2","2","0","0.6","0","1","2","1","1","5","3","0","0.6","1.6","2","0.3","","0.3","1","0.666666667","1","0.666666667","0.3","0.2","0.5","0.333333333","100","37.5","66.66666667","6.666666667","6.666666667","11.11111111","17.77777778","10","10","16.66666667","26.66666667"
"","","UGP2014NAM-OT03","","","","","","","","","UGP2014NAM-OT03-00495","","","","3","3","2","6","7","1","2","3","0","2","0","0.12","3","8","1","1","9","9","14.37","0.12","3.12","2","","0.06","0.06","0.666666667","0.666666667","0","0","0.04","0.04","1","1","0","3.846153846","100","0","1.333333333","33.33333333","34.66666667","0","1.333333333","33.33333333","34.66666667"
"","","UGP2014NAM-OT03","","","","","","","","","UGP2014NAM-OT03-00496","","","","3","2","1","3","6","3","7","2","0","0","0","0","2.2","","","","","","","0","2.2","0","","","","0","0","0","0","0","0","1.1","0.733333333","","0","66.66666667","0","0","24.44444444","24.44444444","0","0","36.66666667","36.66666667"
"","","UGP2014NAM-OT03","","","","","","","","","UGP2014NAM-OT03-00497","","","","3","3","2","2","7","1","3","3","0","1","0","0.08","6","2","1","1","3","7","0.02","0.08","6.08","1","","0.08","0.08","0.333333333","0.333333333","0","0","0.026666667","0.026666667","2","2","0","1.315789474","100","0","0.888888889","66.66666667","67.55555556","0","0.888888889","66.66666667","67.55555556"
"","","UGP2014NAM-OT03","","","","","","","","","UGP2014NAM-OT03-00498","","","","3","3","1","5","5","1","3","3","1","0","0.1","0","2.4","2","1","1","9","9","0.12","0.1","2.5","1","0.1","","0.1","0.333333333","0.333333333","0.333333333","0.333333333","0.033333333","0.033333333","0.8","0.8","100","4","100","1.111111111","1.111111111","26.66666667","27.77777778","1.111111111","1.111111111","26.66666667","27.77777778"
"","","UGP2014NAM-OT03","","","","","","","","","UGP2014NAM-OT03-00499","","","","3","1","2","3","5","1","3","1","0","0","0","0","1","","","","","","","0","1","0","","","","0","0","0","0","0","0","1","0.333333333","","0","33.33333333","0","0","11.11111111","11.11111111","0","0","33.33333333","33.33333333"
"","","UGP2014NAM-OT03","","","","","","","","","UGP2014NAM-OT03-00500","","","","3","3","2","3","7","1","3","3","9","8","1.5","0.2","4.5","6","2","1","1","3","0","1.7","6.2","17","0.166666667","0.025","0.1","5.666666667","5.666666667","3","3","0.566666667","0.566666667","1.5","1.5","52.94117647","27.41935484","100","16.66666667","18.88888889","50","68.88888889","16.66666667","18.88888889","50","68.88888889"
"","","UGP2014NAM-OT03","","","","","","","","","UGP2014NAM-OT03-00501","","","","3","3","1","3","9","1","3","3","2","0","1.2","0","4","8","1","1","4","1","1.65","1.2","5.2","2","0.6","","0.6","0.666666667","0.666666667","0.666666667","0.666666667","0.4","0.4","1.333333333","1.333333333","100","23.07692308","100","13.33333333","13.33333333","44.44444444","57.77777778","13.33333333","13.33333333","44.44444444","57.77777778"
"","","UGP2014NAM-OT03","","","","","","","","","UGP2014NAM-OT03-00502","","","","3","2","2","3","8","2","4","2","1","0","0.24","0","6","2","1","1","2","3","0.15","0.24","6.24","1","0.24","","0.24","0.5","0.333333333","0.5","0.333333333","0.12","0.08","3","2","100","3.846153846","66.66666667","2.666666667","2.666666667","66.66666667","69.33333333","4","4","100","104"
"","","UGP2014NAM-OT03","","","","","","","","","UGP2014NAM-OT03-00503","","","","3","3","2","2","5","3","5","3","1","4","0.44","0.12","4.8","2","1","1","5","3","0.02","0.56","5.36","5","0.44","0.03","0.112","1.666666667","1.666666667","0.333333333","0.333333333","0.186666667","0.186666667","1.6","1.6","20","10.44776119","100","4.888888889","6.222222222","53.33333333","59.55555556","4.888888889","6.222222222","53.33333333","59.55555556"
"","","UGP2014NAM-OT03","","","","","","","","","UGP2014NAM-OT03-00504","","","","3","3","1","3","8","2","4","3","12","3","3","0.08","7.8","9","2","1","2","3","0.15","3.08","10.88","15","0.25","0.026666667","0.205333333","5","5","4","4","1.026666667","1.026666667","2.6","2.6","80","28.30882353","100","33.33333333","34.22222222","86.66666667","120.8888889","33.33333333","34.22222222","86.66666667","120.8888889"
"","","UGP2014NAM-OT03","","","","","","","","","UGP2014NAM-OT03-00505","","","","3","3","1","3","5","1","3","3","0","1","0","0.01","0.18","2","1","1","1","9","0.12","0.01","0.19","1","","0.01","0.01","0.333333333","0.333333333","0","0","0.003333333","0.003333333","0.06","0.06","0","5.263157895","100","0","0.111111111","2","2.111111111","0","0.111111111","2","2.111111111"
"","","UGP2014NAM-OT03","","","","","","","","","UGP2014NAM-OT03-00506","","","","3","3","2","2","5","4","7","3","2","0","0.12","0","0.48","8","1","1","8","7","0","0.12","0.6","2","0.06","","0.06","0.666666667","0.666666667","0.666666667","0.666666667","0.04","0.04","0.16","0.16","100","20","100","1.333333333","1.333333333","5.333333333","6.666666667","1.333333333","1.333333333","5.333333333","6.666666667"
"","","UGP2014NAM-OT03","","","","","","","","","UGP2014NAM-OT03-00507","","","","3","3","3","8","6","1","3","3","0","0","0","0","0.54","","","","","","","0","0.54","0","","","","0","0","0","0","0","0","0.18","0.18","","0","100","0","0","6","6","0","0","6","6"
"","","UGP2014NAM-OT03","","","","","","","","","UGP2014NAM-OT03-00508","","","","3","3","2","2","6","2","4","3","2","3","0.44","0.08","0.78","2","2","2","3","5","0.12","0.52","1.3","5","0.22","0.026666667","0.104","1.666666667","1.666666667","0.666666667","0.666666667","0.173333333","0.173333333","0.26","0.26","40","40","100","4.888888889","5.777777778","8.666666667","14.44444444","4.888888889","5.777777778","8.666666667","14.44444444"
"","","UGP2014NAM-OT03","","","","","","","","","UGP2014NAM-OT03-00509","","","","3","3","5","7","8","1","3","3","5","1","0.38","0.04","7.2","8","2","2","5","5","0","0.42","7.62","6","0.076","0.04","0.07","2","2","1.666666667","1.666666667","0.14","0.14","2.4","2.4","83.33333333","5.511811024","100","4.222222222","4.666666667","80","84.66666667","4.222222222","4.666666667","80","84.66666667"
"","","UGP2014NAM-OT03","","","","","","","","","UGP2014NAM-OT03-00510","","","","3","3","3","3","6","4","7","3","4","2","0.8","0.05","3","6","1","1","6","3","0","0.85","3.85","6","0.2","0.025","0.141666667","2","2","1.333333333","1.333333333","0.283333333","0.283333333","1","1","66.66666667","22.07792208","100","8.888888889","9.444444444","33.33333333","42.77777778","8.888888889","9.444444444","33.33333333","42.77777778"
"","","UGP2014NAM-OT03","","","","","","","","","UGP2014NAM-OT03-00511","","","","3","1","2","6","7","1","3","1","1","1","0.12","0.01","2.6","6","2","1","2","5","0.15","0.13","2.73","2","0.12","0.01","0.065","2","0.666666667","1","0.333333333","0.13","0.043333333","2.6","0.866666667","50","4.761904762","33.33333333","1.333333333","1.444444444","28.88888889","30.33333333","4","4.333333333","86.66666667","91"
"","","UGP2014NAM-OT03","","","","","","","","","UGP2014NAM-OT03-00512","","","","3","3","2","4","6","1","3","3","2","1","0.98","0.04","3","2","2","2","8","1","0.12","1.02","4.02","3","0.49","0.04","0.34","1","1","0.666666667","0.666666667","0.34","0.34","1","1","66.66666667","25.37313433","100","10.88888889","11.33333333","33.33333333","44.66666667","10.88888889","11.33333333","33.33333333","44.66666667"
"","","UGP2014NAM-OT03","","","","","","","","","UGP2014NAM-OT03-00513","","","","3","2","2","2","7","4","6","2","3","1","0.58","0.04","1.5","2","1","1","3","3","0.12","0.62","2.12","4","0.193333333","0.04","0.155","2","1.333333333","1.5","1","0.31","0.206666667","0.75","0.5","75","29.24528302","66.66666667","6.444444444","6.888888889","16.66666667","23.55555556","9.666666667","10.33333333","25","35.33333333"
"","","UGP2014NAM-OT03","","","","","","","","","UGP2014NAM-OT03-00514","","","","3","3","3","4","6","4","6","3","0","0","0","0","4","","","","","","","0","4","0","","","","0","0","0","0","0","0","1.333333333","1.333333333","","0","100","0","0","44.44444444","44.44444444","0","0","44.44444444","44.44444444"
"","","UGP2014NAM-OT03","","","","","","","","","UGP2014NAM-OT03-00515","","","","3","3","2","4","7","1","2","3","2","1","0.56","0.02","4.5","8","1","1","4","3","0","0.58","5.08","3","0.28","0.02","0.193333333","1","1","0.666666667","0.666666667","0.193333333","0.193333333","1.5","1.5","66.66666667","11.41732283","100","6.222222222","6.444444444","50","56.44444444","6.222222222","6.444444444","50","56.44444444"
"","","UGP2014NAM-OT03","","","","","","","","","UGP2014NAM-OT03-00516","","","","3","2","3","8","7","1","3","2","3","0","0.58","0","2.6","8","2","1","5","5","0","0.58","3.18","3","0.193333333","","0.193333333","1.5","1","1.5","1","0.29","0.193333333","1.3","0.866666667","100","18.23899371","66.66666667","6.444444444","6.444444444","28.88888889","35.33333333","9.666666667","9.666666667","43.33333333","53"
"","","UGP2014NAM-OT03","","","","","","","","","UGP2014NAM-OT03-00517","","","","3","2","3","3","6","4","7","2","1","0","0.08","0","1.5","5","2","2","2","7","0.15","0.08","1.58","1","0.08","","0.08","0.5","0.333333333","0.5","0.333333333","0.04","0.026666667","0.75","0.5","100","5.063291139","66.66666667","0.888888889","0.888888889","16.66666667","17.55555556","1.333333333","1.333333333","25","26.33333333"
"","","UGP2014NAM-OT03","","","","","","","","","UGP2014NAM-OT03-00518","","","","3","2","4","4","6","2","4","2","1","1","0.12","0.01","1.5","9","1","1","3","7","0","0.13","1.63","2","0.12","0.01","0.065","1","0.666666667","0.5","0.333333333","0.065","0.043333333","0.75","0.5","50","7.975460123","66.66666667","1.333333333","1.444444444","16.66666667","18.11111111","2","2.166666667","25","27.16666667"
"","","UGP2014NAM-OT03","","","","","","","","","UGP2014NAM-OT03-00519","","","","3","1","3","6","5","2","4","1","1","0","0.2","0","1.6","5","1","1","4","5","0.02","0.2","1.8","1","0.2","","0.2","1","0.333333333","1","0.333333333","0.2","0.066666667","1.6","0.533333333","100","11.11111111","33.33333333","2.222222222","2.222222222","17.77777778","20","6.666666667","6.666666667","53.33333333","60"
"","","UGP2014NAM-OT03","","","","","","","","","UGP2014NAM-OT03-00520","","","","3","3","3","6","6","2","4","3","5","1","1","0.01","0.3","2","2","4","6","3","4.41","1.01","1.31","6","0.2","0.01","0.168333333","2","2","1.666666667","1.666666667","0.336666667","0.336666667","0.1","0.1","83.33333333","77.09923664","100","11.11111111","11.22222222","3.333333333","14.55555556","11.11111111","11.22222222","3.333333333","14.55555556"
"","","UGP2014NAM-OT03","","","","","","","","","UGP2014NAM-OT03-00521","","","","3","0","","","","","","0","0","0","0","0","0","","","","","","","0","0","0","","","","","0","","0","","0","","0","","","0","0","0","0","0","","","",""
"","","UGP2014NAM-OT03","","","","","","","","","UGP2014NAM-OT03-00522","","","","3","1","1","2","4","1","3","1","2","0","0.5","0","0.1","2","1","1","6","3","1.38","0.5","0.6","2","0.25","","0.25","2","0.666666667","2","0.666666667","0.5","0.166666667","0.1","0.033333333","100","83.33333333","33.33333333","5.555555556","5.555555556","1.111111111","6.666666667","16.66666667","16.66666667","3.333333333","20"
"","","UGP2014NAM-OT03","","","","","","","","","UGP2014NAM-OT03-00523","","","","3","2","2","3","5","2","4","2","0","0","0","0","1.4","","","","","","","0","1.4","0","","","","0","0","0","0","0","0","0.7","0.466666667","","0","66.66666667","0","0","15.55555556","15.55555556","0","0","23.33333333","23.33333333"
"","","UGP2014NAM-OT03","","","","","","","","","UGP2014NAM-OT03-00524","","","","3","1","2","2","5","3","6","1","3","1","0.12","0.4","0.14","8","3","1","2","7","0.12","0.52","0.66","4","0.04","0.4","0.13","4","1.333333333","3","1","0.52","0.173333333","0.14","0.046666667","75","78.78787879","33.33333333","1.333333333","5.777777778","1.555555556","7.333333333","4","17.33333333","4.666666667","22"
"","","UGP2014NAM-OT03","","","","","","","","","UGP2014NAM-OT03-00525","","","","3","3","1","2","5","1","3","3","3","0","0.8","0","0.3","2","1","2","4","1","0.15","0.8","1.1","3","0.266666667","","0.266666667","1","1","1","1","0.266666667","0.266666667","0.1","0.1","100","72.72727273","100","8.888888889","8.888888889","3.333333333","12.22222222","8.888888889","8.888888889","3.333333333","12.22222222"
"","","UGP2014NAM-OT03","","","","","","","","","UGP2014NAM-OT03-00526","","","","3","3","2","2","8","1","2","3","","0","0.4","0","4","2","2","2","4","5","0","0.4","4.4","","","","","","","","","0.133333333","0.133333333","1.333333333","1.333333333","","9.090909091","100","4.444444444","4.444444444","44.44444444","48.88888889","4.444444444","4.444444444","44.44444444","48.88888889"
"","","UGP2014NAM-OT03","","","","","","","","","UGP2014NAM-OT03-00527","","","","3","3","1","2","5","3","6","3","0","0","0","0","1.6","","","","","","","0","1.6","0","","","","0","0","0","0","0","0","0.533333333","0.533333333","","0","100","0","0","17.77777778","17.77777778","0","0","17.77777778","17.77777778"
"","","UGP2014NAM-OT03","","","","","","","","","UGP2014NAM-OT03-00528","","","","3","3","1","3","6","2","4","3","0","0","0","0","4.5","","","","","","","0","4.5","0","","","","0","0","0","0","0","0","1.5","1.5","","0","100","0","0","50","50","0","0","50","50"
"","","UGP2014NAM-OT03","","","","","","","","","UGP2014NAM-OT03-00529","","","","3","3","1","6","7","1","3","3","0","0","0","0","8","","","","","","","0","8","0","","","","0","0","0","0","0","0","2.666666667","2.666666667","","0","100","0","0","88.88888889","88.88888889","0","0","88.88888889","88.88888889"
"","","UGP2014NAM-OT03","","","","","","","","","UGP2014NAM-OT03-00530","","","","3","2","1","2","5","2","4","2","0","0","0","0","1","","","","","","","0","1","0","","","","0","0","0","0","0","0","0.5","0.333333333","","0","66.66666667","0","0","11.11111111","11.11111111","0","0","16.66666667","16.66666667"
"","","UGP2014NAM-OT03","","","","","","","","","UGP2014NAM-OT03-00531","","","","3","3","1","2","6","3","5","3","0","0","0","0","3.5","","","","","","","0","3.5","0","","","","0","0","0","0","0","0","1.166666667","1.166666667","","0","100","0","0","38.88888889","38.88888889","0","0","38.88888889","38.88888889"
"","","UGP2014NAM-OT03","","","","","","","","","UGP2014NAM-OT03-00532","","","","3","2","1","2","5","3","5","2","0","0","0","0","0.3","","","","","","","0","0.3","0","","","","0","0","0","0","0","0","0.15","0.1","","0","66.66666667","0","0","3.333333333","3.333333333","0","0","5","5"
"","","UGP2014NAM-OT03","","","","","","","","","UGP2014NAM-OT03-00533","","","","3","1","1","3","5","3","6","1","0","0","0","0","0.08","","","","","","","0","0.08","0","","","","0","0","0","0","0","0","0.08","0.026666667","","0","33.33333333","0","0","0.888888889","0.888888889","0","0","2.666666667","2.666666667"
"","","UGP2014NAM-OT03","","","","","","","","","UGP2014NAM-OT03-00534","","","","3","2","2","3","8","2","4","2","5","3","0.84","0.04","3","9","1","1","8","3","0.02","0.88","3.88","8","0.168","0.013333333","0.11","4","2.666666667","2.5","1.666666667","0.44","0.293333333","1.5","1","62.5","22.68041237","66.66666667","9.333333333","9.777777778","33.33333333","43.11111111","14","14.66666667","50","64.66666667"
"","","UGP2014NAM-OT03","","","","","","","","","UGP2014NAM-OT03-00535","","","","3","2","1","2","5","1","3","2","0","0","0","0","0.7","","","","","","","0","0.7","0","","","","0","0","0","0","0","0","0.35","0.233333333","","0","66.66666667","0","0","7.777777778","7.777777778","0","0","11.66666667","11.66666667"
"","","UGP2014NAM-OT03","","","","","","","","","UGP2014NAM-OT03-00536","","","","3","1","1","2","4","1","3","1","0","1","0","0.08","0.08","8","1","3","3","9","0.15","0.08","0.16","1","","0.08","0.08","1","0.333333333","0","0","0.08","0.026666667","0.08","0.026666667","0","50","33.33333333","0","0.888888889","0.888888889","1.777777778","0","2.666666667","2.666666667","5.333333333"
"","","UGP2014NAM-OT03","","","","","","","","","UGP2014NAM-OT03-00537","","","","3","1","1","2","7","2","4","1","6","4","0.88","0.04","1.5","9","1","5","5","5","1.5","0.92","2.42","10","0.146666667","0.01","0.092","10","3.333333333","6","2","0.92","0.306666667","1.5","0.5","60","38.01652893","33.33333333","9.777777778","10.22222222","16.66666667","26.88888889","29.33333333","30.66666667","50","80.66666667"
"","","UGP2014NAM-OT03","","","","","","","","","UGP2014NAM-OT03-00538","","","","3","1","1","2","4","1","2","1","0","0","0","0","0.48","","","","","","","0","0.48","0","","","","0","0","0","0","0","0","0.48","0.16","","0","33.33333333","0","0","5.333333333","5.333333333","0","0","16","16"
"","","UGP2014NAM-OT03","","","","","","","","","UGP2014NAM-OT03-00539","","","","3","0","","","","","","0","0","0","0","0","0","","","","","","","0","0","0","","","","","0","","0","","0","","0","","","0","0","0","0","0","","","",""
"","","UGP2014NAM-OT03","","","","","","","","","UGP2014NAM-OT03-00540","","","","3","2","1","3","6","2","4","2","1","0","0.68","0","7.5","5","1","1","9","9","0","0.68","8.18","1","0.68","","0.68","0.5","0.333333333","0.5","0.333333333","0.34","0.226666667","3.75","2.5","100","8.312958435","66.66666667","7.555555556","7.555555556","83.33333333","90.88888889","11.33333333","11.33333333","125","136.3333333"
"","","UGP2014NAM-OT03","","","","","","","","","UGP2014NAM-OT03-00541","","","","3","3","1","2","5","3","6","3","2","1","0.5","0.04","1.5","4","1","1","4","7","0.12","0.54","2.04","3","0.25","0.04","0.18","1","1","0.666666667","0.666666667","0.18","0.18","0.5","0.5","66.66666667","26.47058824","100","5.555555556","6","16.66666667","22.66666667","5.555555556","6","16.66666667","22.66666667"
"","","UGP2014NAM-OT03","","","","","","","","","UGP2014NAM-OT03-00542","","","","3","2","1","2","7","3","6","2","0","0","0","0","1.4","","","","","","","0","1.4","0","","","","0","0","0","0","0","0","0.7","0.466666667","","0","66.66666667","0","0","15.55555556","15.55555556","0","0","23.33333333","23.33333333"
"","","UGP2014NAM-OT03","","","","","","","","","UGP2014NAM-OT03-00543","","","","3","3","1","2","9","1","3","3","5","5","1.8","0.12","5.3","2","1","1","1","1","1.65","1.92","7.22","10","0.36","0.024","0.192","3.333333333","3.333333333","1.666666667","1.666666667","0.64","0.64","1.766666667","1.766666667","50","26.59279778","100","20","21.33333333","58.88888889","80.22222222","20","21.33333333","58.88888889","80.22222222"
"","","UGP2014NAM-OT03","","","","","","","","","UGP2014NAM-OT03-00544","","","","3","2","1","6","9","1","2","2","3","1","0.88","0.01","4","5","2","2","1","3","0.02","0.89","4.89","4","0.293333333","0.01","0.2225","2","1.333333333","1.5","1","0.445","0.296666667","2","1.333333333","75","18.200409","66.66666667","9.777777778","9.888888889","44.44444444","54.33333333","14.66666667","14.83333333","66.66666667","81.5"
"","","UGP2014NAM-OT03","","","","","","","","","UGP2014NAM-OT03-00545","","","","3","3","1","2","8","1","3","3","2","1","0.38","0.02","4.2","9","1","1","9","3","0.12","0.4","4.6","3","0.19","0.02","0.133333333","1","1","0.666666667","0.666666667","0.133333333","0.133333333","1.4","1.4","66.66666667","8.695652174","100","4.222222222","4.444444444","46.66666667","51.11111111","4.222222222","4.444444444","46.66666667","51.11111111"
"","","UGP2014NAM-OT03","","","","","","","","","UGP2014NAM-OT03-00546","","","","3","2","1","6","6","1","3","2","5","6","0.8","0.18","3.6","9","1","1","3","3","0.15","0.98","4.58","11","0.16","0.03","0.089090909","5.5","3.666666667","2.5","1.666666667","0.49","0.326666667","1.8","1.2","45.45454545","21.39737991","66.66666667","8.888888889","10.88888889","40","50.88888889","13.33333333","16.33333333","60","76.33333333"
"","","UGP2014NAM-OT03","","","","","","","","","UGP2014NAM-OT03-00547","","","","3","2","1","2","7","3","6","2","3","1","0.24","0.14","2","","2","1","3","5","","0.38","2.38","4","0.08","0.14","0.095","2","1.333333333","1.5","1","0.19","0.126666667","1","0.666666667","75","15.96638655","66.66666667","2.666666667","4.222222222","22.22222222","26.44444444","4","6.333333333","33.33333333","39.66666667"
"","","UGP2014NAM-OT03","","","","","","","","","UGP2014NAM-OT03-00548","","","","3","3","2","2","6","3","6","3","0","0","0","0","4.5","","","","","","","0","4.5","0","","","","0","0","0","0","0","0","1.5","1.5","","0","100","0","0","50","50","0","0","50","50"
"","","UGP2014NAM-OT03","","","","","","","","","UGP2014NAM-OT03-00549","","","","3","1","2","4","7","2","6","1","3","0","0.28","0","1.6","9","1","1","2","5","0","0.28","1.88","3","0.093333333","","0.093333333","3","1","3","1","0.28","0.093333333","1.6","0.533333333","100","14.89361702","33.33333333","3.111111111","3.111111111","17.77777778","20.88888889","9.333333333","9.333333333","53.33333333","62.66666667"
"","","UGP2014NAM-OT03","","","","","","","","","UGP2014NAM-OT03-00550","","","","3","3","1","2","6","1","3","3","3","1","0.2","0.01","1","2","1","1","3","7","0","0.21","1.21","4","0.066666667","0.01","0.0525","1.333333333","1.333333333","1","1","0.07","0.07","0.333333333","0.333333333","75","17.3553719","100","2.222222222","2.333333333","11.11111111","13.44444444","2.222222222","2.333333333","11.11111111","13.44444444"
"","","UGP2014NAM-OT03","","","","","","","","","UGP2014NAM-OT03-00551","","","","3","2","1","6","5","4","7","2","0","2","0","0.01","0.5","6","1","1","9","9","0.12","0.01","0.51","2","","0.005","0.005","1","0.666666667","0","0","0.005","0.003333333","0.25","0.166666667","0","1.960784314","66.66666667","0","0.111111111","5.555555556","5.666666667","0","0.166666667","8.333333333","8.5"
"","","UGP2014NAM-OT03","","","","","","","","","UGP2014NAM-OT03-00552","","","","3","","1","3","5","1","3","0","0","0","0","0","0","","","","","","","0","0","0","","","","","0","","0","","0","","0","","","0","0","0","0","0","","","",""
"","","UGP2014NAM-OT03","","","","","","","","","UGP2014NAM-OT03-00553","","","","3","1","1","3","6","2","4","1","6","0","1.4","0","10","2","3","2","4","3","1.38","1.4","11.4","6","0.233333333","","0.233333333","6","2","6","2","1.4","0.466666667","10","3.333333333","100","12.28070175","33.33333333","15.55555556","15.55555556","111.1111111","126.6666667","46.66666667","46.66666667","333.3333333","380"
"","","UGP2014NAM-OT03","","","","","","","","","UGP2014NAM-OT03-00554","","","","3","1","2","4","8","1","3","1","2","2","0.78","0.05","1","2","1","2","4","5","","0.83","1.83","4","0.39","0.025","0.2075","4","1.333333333","2","0.666666667","0.83","0.276666667","1","0.333333333","50","45.35519126","33.33333333","8.666666667","9.222222222","11.11111111","20.33333333","26","27.66666667","33.33333333","61"
"","","UGP2014NAM-OT03","","","","","","","","","UGP2014NAM-OT03-00555","","","","3","3","1","4","8","2","4","3","0","0","0","0","0.8","","","","","","","0","0.8","0","","","","0","0","0","0","0","0","0.266666667","0.266666667","","0","100","0","0","8.888888889","8.888888889","0","0","8.888888889","8.888888889"
"","","UGP2014NAM-OT03","","","","","","","","","UGP2014NAM-OT03-00556","","","","3","3","1","3","9","1","3","3","1","0","0.3","0","5","2","1","1","4","9","1.38","0.3","5.3","1","0.3","","0.3","0.333333333","0.333333333","0.333333333","0.333333333","0.1","0.1","1.666666667","1.666666667","100","5.660377358","100","3.333333333","3.333333333","55.55555556","58.88888889","3.333333333","3.333333333","55.55555556","58.88888889"
"","","UGP2014NAM-OT03","","","","","","","","","UGP2014NAM-OT03-00557","","","","3","2","2","4","7","1","4","2","3","0","0.24","0","17","2","1","1","4","9","","0.24","17.24","3","0.08","","0.08","1.5","1","1.5","1","0.12","0.08","8.5","5.666666667","100","1.392111369","66.66666667","2.666666667","2.666666667","188.8888889","191.5555556","4","4","283.3333333","287.3333333"
"","","UGP2014NAM-OT03","","","","","","","","","UGP2014NAM-OT03-00558","","","","3","2","3","6","7","1","3","2","4","0","1.2","0","2","2","2","2","1","1","0.12","1.2","3.2","4","0.3","","0.3","2","1.333333333","2","1.333333333","0.6","0.4","1","0.666666667","100","37.5","66.66666667","13.33333333","13.33333333","22.22222222","35.55555556","20","20","33.33333333","53.33333333"
"","","UGP2014NAM-OT03","","","","","","","","","UGP2014NAM-OT03-00559","","","","3","3","2","3","7","2","3","3","0","0","0","0","4.5","","","","","","","0","4.5","0","","","","0","0","0","0","0","0","1.5","1.5","","0","100","0","0","50","50","0","0","50","50"
"","","UGP2014NAM-OT03","","","","","","","","","UGP2014NAM-OT03-00560","","","","3","3","2","4","7","3","6","3","0","0","0","0","2.5","","","","","","","0","2.5","0","","","","0","0","0","0","0","0","0.833333333","0.833333333","","0","100","0","0","27.77777778","27.77777778","0","0","27.77777778","27.77777778"
"","","UGP2014NAM-OT03","","","","","","","","","UGP2014NAM-OT03-00561","","","","3","2","3","6","8","1","3","2","0","0","0","0","3.5","","","","","","","0","3.5","0","","","","0","0","0","0","0","0","1.75","1.166666667","","0","66.66666667","0","0","38.88888889","38.88888889","0","0","58.33333333","58.33333333"
"","","UGP2014NAM-OT03","","","","","","","","","UGP2014NAM-OT03-00562","","","","3","3","3","3","6","3","7","3","3","2","0.78","0.04","6.5","2","1","1","5","3","0.15","0.82","7.32","5","0.26","0.02","0.164","1.666666667","1.666666667","1","1","0.273333333","0.273333333","2.166666667","2.166666667","60","11.20218579","100","8.666666667","9.111111111","72.22222222","81.33333333","8.666666667","9.111111111","72.22222222","81.33333333"
"","","UGP2014NAM-OT03","","","","","","","","","UGP2014NAM-OT03-00564","","","","3","0","","","","","","0","0","0","0","0","0","","","","","","","0","0","0","","","","","0","","0","","0","","0","","","0","0","0","0","0","","","",""
"","","UGP2014NAM-OT03","","","","","","","","","UGP2014NAM-OT03-00565","","","","3","2","1","3","5","4","6","2","0","0","0","0","0.48","","","","","","","0","0.48","0","","","","0","0","0","0","0","0","0.24","0.16","","0","66.66666667","0","0","5.333333333","5.333333333","0","0","8","8"
"","","UGP2014NAM-OT03","","","","","","","","","UGP2014NAM-OT03-00566","","","","3","2","1","2","4","2","4","2","0","0","0","0","0.2","","","","","","","0","0.2","0","","","","0","0","0","0","0","0","0.1","0.066666667","","0","66.66666667","0","0","2.222222222","2.222222222","0","0","3.333333333","3.333333333"
"","","UGP2014NAM-OT03","","","","","","","","","UGP2014NAM-OT03-00567","","","","3","3","1","2","6","1","3","3","0","0","0","0","1.5","","","","","","","0","1.5","0","","","","0","0","0","0","0","0","0.5","0.5","","0","100","0","0","16.66666667","16.66666667","0","0","16.66666667","16.66666667"
"","","UGP2014NAM-OT03","","","","","","","","","UGP2014NAM-OT03-00568","","","","3","2","1","2","9","2","5","2","1","1","0.08","0.04","9","6","1","1","3","7","0.02","0.12","9.12","2","0.08","0.04","0.06","1","0.666666667","0.5","0.333333333","0.06","0.04","4.5","3","50","1.315789474","66.66666667","0.888888889","1.333333333","100","101.3333333","1.333333333","2","150","152"
"","","UGP2014NAM-OT03","","","","","","","","","UGP2014NAM-OT03-00569","","","","3","3","1","2","9","1","2","3","0","0","0","0","6","","","","","","","0","6","0","","","","0","0","0","0","0","0","2","2","","0","100","0","0","66.66666667","66.66666667","0","0","66.66666667","66.66666667"
"","","UGP2014NAM-OT03","","","","","","","","","UGP2014NAM-OT03-00570","","","","3","2","1","2","7","2","4","2","1","2","0.8","0.08","0.8","8","1","1","4","1","0","0.88","1.68","3","0.8","0.04","0.293333333","1.5","1","0.5","0.333333333","0.44","0.293333333","0.4","0.266666667","33.33333333","52.38095238","66.66666667","8.888888889","9.777777778","8.888888889","18.66666667","13.33333333","14.66666667","13.33333333","28"
"","","UGP2014NAM-OT03","","","","","","","","","UGP2014NAM-OT03-00571","","","","3","2","1","2","5","2","4","2","1","3","0.08","0.12","0.6","8","2","1","1","5","1.38","0.2","0.8","4","0.08","0.04","0.05","2","1.333333333","0.5","0.333333333","0.1","0.066666667","0.3","0.2","25","25","66.66666667","0.888888889","2.222222222","6.666666667","8.888888889","1.333333333","3.333333333","10","13.33333333"
"","","UGP2014NAM-OT03","","","","","","","","","UGP2014NAM-OT03-00572","","","","3","2","1","2","5","3","5","2","2","0","0.16","0","1","6","1","1","3","7","0","0.16","1.16","2","0.08","","0.08","1","0.666666667","1","0.666666667","0.08","0.053333333","0.5","0.333333333","100","13.79310345","66.66666667","1.777777778","1.777777778","11.11111111","12.88888889","2.666666667","2.666666667","16.66666667","19.33333333"
"","","UGP2014NAM-OT03","","","","","","","","","UGP2014NAM-OT03-00573","","","","3","3","2","3","7","1","3","3","2","0","0.18","0","2.3","8","1","1","4","7","0","0.18","2.48","2","0.09","","0.09","0.666666667","0.666666667","0.666666667","0.666666667","0.06","0.06","0.766666667","0.766666667","100","7.258064516","100","2","2","25.55555556","27.55555556","2","2","25.55555556","27.55555556"
"","","UGP2014NAM-OT03","","","","","","","","","UGP2014NAM-OT03-00574","","","","3","0","","","","","","0","0","0","0","0","0","","","","","","","0","0","0","","","","","0","","0","","0","","0","","","0","0","0","0","0","","","",""
"","","UGP2014NAM-OT03","","","","","","","","","UGP2014NAM-OT03-00575","","","","3","2","1","3","7","3","5","2","2","0","0.2","0","2","8","1","1","1","5","0.02","0.2","2.2","2","0.1","","0.1","1","0.666666667","1","0.666666667","0.1","0.066666667","1","0.666666667","100","9.090909091","66.66666667","2.222222222","2.222222222","22.22222222","24.44444444","3.333333333","3.333333333","33.33333333","36.66666667"
"","","UGP2014NAM-OT03","","","","","","","","","UGP2014NAM-OT03-00576","","","","3","2","1","2","5","3","6","2","1","","1","0.16","0.36","2","1","1","1","5","0","1.16","1.52","","1","","","","","0.5","0.333333333","0.58","0.386666667","0.18","0.12","","76.31578947","66.66666667","11.11111111","12.88888889","4","16.88888889","16.66666667","19.33333333","6","25.33333333"
"","","UGP2014NAM-OT03","","","","","","","","","UGP2014NAM-OT03-00577","","","","3","3","1","3","9","2","4","3","0","0","0","0","8.4","","","","","","","0","8.4","0","","","","0","0","0","0","0","0","2.8","2.8","","0","100","0","0","93.33333333","93.33333333","0","0","93.33333333","93.33333333"
"","","UGP2014NAM-OT03","","","","","","","","","UGP2014NAM-OT03-00578","","","","3","0","","","","","","0","0","0","0","0","0","","","","","","","0","0","0","","","","","0","","0","","0","","0","","","0","0","0","0","0","","","",""
"","","UGP2014NAM-OT03","","","","","","","","","UGP2014NAM-OT03-00579","","","","3","2","2","2","5","1","2","2","0","0","0","0","3.4","","","","","","","0","3.4","0","","","","0","0","0","0","0","0","1.7","1.133333333","","0","66.66666667","0","0","37.77777778","37.77777778","0","0","56.66666667","56.66666667"
"","","UGP2014NAM-OT03","","","","","","","","","UGP2014NAM-OT03-00580","","","","3","3","1","2","9","1","3","3","2","0","0.2","0","4.5","6","1","1","1","7","4.61","0.2","4.7","2","0.1","","0.1","0.666666667","0.666666667","0.666666667","0.666666667","0.066666667","0.066666667","1.5","1.5","100","4.255319149","100","2.222222222","2.222222222","50","52.22222222","2.222222222","2.222222222","50","52.22222222"
"","","UGP2014NAM-OT03","","","","","","","","","UGP2014NAM-OT03-00581","","","","3","3","1","3","6","3","5","3","1","3","0.29","0.04","1","2","1","1","6","3","0.02","0.33","1.33","4","0.29","0.013333333","0.0825","1.333333333","1.333333333","0.333333333","0.333333333","0.11","0.11","0.333333333","0.333333333","25","24.81203008","100","3.222222222","3.666666667","11.11111111","14.77777778","3.222222222","3.666666667","11.11111111","14.77777778"
"","","UGP2014NAM-OT03","","","","","","","","","UGP2014NAM-OT03-00582","","","","3","2","1","2","6","2","4","2","0","2","0","0.08","2.5","2","1","1","3","9","0.02","0.08","2.58","2","","0.04","0.04","1","0.666666667","0","0","0.04","0.026666667","1.25","0.833333333","0","3.100775194","66.66666667","0","0.888888889","27.77777778","28.66666667","0","1.333333333","41.66666667","43"
"","","UGP2014NAM-OT03","","","","","","","","","UGP2014NAM-OT03-00583","","","","3","1","1","2","5","3","6","1","1","0","0.08","0","0.08","8","1","1","2","7","4.61","0.08","0.16","1","0.08","","0.08","1","0.333333333","1","0.333333333","0.08","0.026666667","0.08","0.026666667","100","50","33.33333333","0.888888889","0.888888889","0.888888889","1.777777778","2.666666667","2.666666667","2.666666667","5.333333333"
"","","UGP2014NAM-OT03","","","","","","","","","UGP2014NAM-OT03-00584","","","","3","3","1","2","6","1","3","3","1","1","0.08","0.06","4","6","1","1","3","9","0.12","0.14","4.14","2","0.08","0.06","0.07","0.666666667","0.666666667","0.333333333","0.333333333","0.046666667","0.046666667","1.333333333","1.333333333","50","3.381642512","100","0.888888889","1.555555556","44.44444444","46","0.888888889","1.555555556","44.44444444","46"
"","","UGP2014NAM-OT03","","","","","","","","","UGP2014NAM-OT03-00585","","","","3","0","","","","","","0","0","0","0","0","0","","","","","","","0","0","0","","","","","0","","0","","0","","0","","","0","0","0","0","0","","","",""
"","","UGP2014NAM-OT03","","","","","","","","","UGP2014NAM-OT03-00586","","","","3","0","","","","","","0","0","0","0","0","0","","","","","","","0","0","0","","","","","0","","0","","0","","0","","","0","0","0","0","0","","","",""
"","","UGP2014NAM-OT03","","","","","","","","","UGP2014NAM-OT03-00587","","","","3","2","1","4","8","1","3","2","0","1","0","0.02","2.5","8","1","1","9","9","0.12","0.02","2.52","1","","0.02","0.02","0.5","0.333333333","0","0","0.01","0.006666667","1.25","0.833333333","0","0.793650794","66.66666667","0","0.222222222","27.77777778","28","0","0.333333333","41.66666667","42"
"","","UGP2014NAM-OT03","","","","","","","","","UGP2014NAM-OT03-00588","","","","3","2","1","3","6","1","3","2","4","5","0.68","0.08","3","6","1","1","1","3","0","0.76","3.76","9","0.17","0.016","0.084444444","4.5","3","2","1.333333333","0.38","0.253333333","1.5","1","44.44444444","20.21276596","66.66666667","7.555555556","8.444444444","33.33333333","41.77777778","11.33333333","12.66666667","50","62.66666667"
"","","UGP2014NAM-OT03","","","","","","","","","UGP2014NAM-OT03-00589","","","","3","2","1","2","5","2","5","2","0","0","0","0","0.24","","","","","","","0","0.24","0","","","","0","0","0","0","0","0","0.12","0.08","","0","66.66666667","0","0","2.666666667","2.666666667","0","0","4","4"
"","","UGP2014NAM-OT03","","","","","","","","","UGP2014NAM-OT03-00591","","","","3","0","","","","","","0","0","0","0","0","0","","","","","","","0","0","0","","","","","0","","0","","0","","0","","","0","0","0","0","0","","","",""
"","","UGP2014NAM-OT03","","","","","","","","","UGP2014NAM-OT03-00592","","","","3","2","2","3","7","2","4","2","1","0","0.38","0","4.5","8","1","1","9","1","0.12","0.38","4.88","1","0.38","","0.38","0.5","0.333333333","0.5","0.333333333","0.19","0.126666667","2.25","1.5","100","7.786885246","66.66666667","4.222222222","4.222222222","50","54.22222222","6.333333333","6.333333333","75","81.33333333"
"","","UGP2014NAM-OT03","","","","","","","","","UGP2014NAM-OT03-00593","","","","3","0","","","","","","0","0","0","0","0","0","","","","","","","0","0","0","","","","","0","","0","","0","","0","","","0","0","0","0","0","","","",""
"","","UGP2014NAM-OT03","","","","","","","","","UGP2014NAM-OT03-00594","","","","3","3","2","4","7","3","5","3","0","1","0","0.01","3.2","2","1","1","9","9","0.12","0.01","3.21","1","","0.01","0.01","0.333333333","0.333333333","0","0","0.003333333","0.003333333","1.066666667","1.066666667","0","0.31152648","100","0","0.111111111","35.55555556","35.66666667","0","0.111111111","35.55555556","35.66666667"
"","","UGP2014NAM-OT03","","","","","","","","","UGP2014NAM-OT03-00595","","","","3","0","","","","","","0","0","0","0","0","0","","","","","","","0","0","0","","","","","0","","0","","0","","0","","","0","0","0","0","0","","","",""
"","","UGP2014NAM-OT03","","","","","","","","","UGP2014NAM-OT03-00596","","","","3","3","2","2","7","4","7","3","0","0","0","0","3.5","","","","","","","0","3.5","0","","","","0","0","0","0","0","0","1.166666667","1.166666667","","0","100","0","0","38.88888889","38.88888889","0","0","38.88888889","38.88888889"
"","","UGP2014NAM-OT03","","","","","","","","","UGP2014NAM-OT03-00597","","","","3","3","1","3","6","3","5","3","5","5","0.48","0.1","0.38","6","1","1","2","3","7.76","0.58","0.96","10","0.096","0.02","0.058","3.333333333","3.333333333","1.666666667","1.666666667","0.193333333","0.193333333","0.126666667","0.126666667","50","60.41666667","100","5.333333333","6.444444444","4.222222222","10.66666667","5.333333333","6.444444444","4.222222222","10.66666667"
"","","UGP2014NAM-OT03","","","","","","","","","UGP2014NAM-OT03-00598","","","","3","3","1","3","6","2","4","3","2","0","0.32","0","4.5","8","1","1","4","3","1.17","0.32","4.82","2","0.16","","0.16","0.666666667","0.666666667","0.666666667","0.666666667","0.106666667","0.106666667","1.5","1.5","100","6.639004149","100","3.555555556","3.555555556","50","53.55555556","3.555555556","3.555555556","50","53.55555556"
"","","UGP2014NAM-OT03","","","","","","","","","UGP2014NAM-OT03-00599","","","","3","2","1","2","7","2","4","2","2","2","0.26","0.06","3.5","9","1","1","9","6","1.17","0.32","3.82","4","0.13","0.03","0.08","2","1.333333333","1","0.666666667","0.16","0.106666667","1.75","1.166666667","50","8.376963351","66.66666667","2.888888889","3.555555556","38.88888889","42.44444444","4.333333333","5.333333333","58.33333333","63.66666667"
"","","UGP2014NAM-OT03","","","","","","","","","UGP2014NAM-OT03-00600","","","","3","3","1","3","6","1","3","3","0","0","0","0","2.4","","","","","","","0","2.4","0","","","","0","0","0","0","0","0","0.8","0.8","","0","100","0","0","26.66666667","26.66666667","0","0","26.66666667","26.66666667"
"","","UGP2014NAM-OT03","","","","","","","","","UGP2014NAM-OT03-00601","","","","3","2","1","3","6","1","2","2","5","4","0.24","0.12","1.5","2","1","1","3","7","0.02","0.36","1.86","9","0.048","0.03","0.04","4.5","3","2.5","1.666666667","0.18","0.12","0.75","0.5","55.55555556","19.35483871","66.66666667","2.666666667","4","16.66666667","20.66666667","4","6","25","31"
"","","UGP2014NAM-OT03","","","","","","","","","UGP2014NAM-OT03-00602","","","","3","3","1","2","5","3","2","3","1","2","0.18","0.1","0.3","2","1","1","3","7","0.02","0.28","0.58","3","0.18","0.05","0.093333333","1","1","0.333333333","0.333333333","0.093333333","0.093333333","0.1","0.1","33.33333333","48.27586207","100","2","3.111111111","3.333333333","6.444444444","2","3.111111111","3.333333333","6.444444444"
"","","UGP2014NAM-OT03","","","","","","","","","UGP2014NAM-OT03-00603","","","","3","2","1","2","7","2","4","2","6","1","1.02","0.04","3","2","2","2","1","1","0.02","1.06","4.06","7","0.17","0.04","0.151428571","3.5","2.333333333","3","2","0.53","0.353333333","1.5","1","85.71428571","26.10837438","66.66666667","11.33333333","11.77777778","33.33333333","45.11111111","17","17.66666667","50","67.66666667"
"","","UGP2014NAM-OT03","","","","","","","","","UGP2014NAM-OT03-00604","","","","3","2","2","4","6","1","2","2","0","0","0","0","1","","","","","","","0","1","0","","","","0","0","0","0","0","0","0.5","0.333333333","","0","66.66666667","0","0","11.11111111","11.11111111","0","0","16.66666667","16.66666667"
"","","UGP2014NAM-OT03","","","","","","","","","UGP2014NAM-OT03-00605","","","","3","2","3","4","5","1","3","2","0","0","0","0","1","","","","","","","0","1","0","","","","0","0","0","0","0","0","0.5","0.333333333","","0","66.66666667","0","0","11.11111111","11.11111111","0","0","16.66666667","16.66666667"
"","","UGP2014NAM-OT03","","","","","","","","","UGP2014NAM-OT03-00606","","","","3","3","6","7","9","1","3","3","1","10","0.12","0.12","4.5","8","1","1","3","9","0.02","0.24","4.74","11","0.12","0.012","0.021818182","3.666666667","3.666666667","0.333333333","0.333333333","0.08","0.08","1.5","1.5","9.090909091","5.063291139","100","1.333333333","2.666666667","50","52.66666667","1.333333333","2.666666667","50","52.66666667"
"","","UGP2014NAM-OT03","","","","","","","","","UGP2014NAM-OT03-00607","","","","3","2","1","2","4","3","6","2","0","0","0","0","0.06","","","","","","","0","0.06","0","","","","0","0","0","0","0","0","0.03","0.02","","0","66.66666667","0","0","0.666666667","0.666666667","0","0","1","1"
"","","UGP2014NAM-OT03","","","","","","","","","UGP2014NAM-OT03-00608","","","","3","3","3","6","7","1","2","3","1","4","0.06","0.01","2.5","2","1","1","8","9","0.15","0.07","2.57","5","0.06","0.0025","0.014","1.666666667","1.666666667","0.333333333","0.333333333","0.023333333","0.023333333","0.833333333","0.833333333","20","2.723735409","100","0.666666667","0.777777778","27.77777778","28.55555556","0.666666667","0.777777778","27.77777778","28.55555556"
"","","UGP2014NAM-OT03","","","","","","","","","UGP2014NAM-OT03-00609","","","","3","2","1","3","6","1","2","2","2","2","0.1","0.01","0.2","2","1","2","6","7","0.02","0.11","0.31","4","0.05","0.005","0.0275","2","1.333333333","1","0.666666667","0.055","0.036666667","0.1","0.066666667","50","35.48387097","66.66666667","1.111111111","1.222222222","2.222222222","3.444444444","1.666666667","1.833333333","3.333333333","5.166666667"
"","","UGP2014NAM-OT03","","","","","","","","","UGP2014NAM-OT03-00610","","","","3","2","1","3","8","1","2","2","6","2","1.6","0.04","3","6","2","1","2","1","4.41","1.64","4.64","8","0.266666667","0.02","0.205","4","2.666666667","3","2","0.82","0.546666667","1.5","1","75","35.34482759","66.66666667","17.77777778","18.22222222","33.33333333","51.55555556","26.66666667","27.33333333","50","77.33333333"
"","","UGP2014NAM-OT03","","","","","","","","","UGP2014NAM-OT03-00611","","","","3","2","2","6","5","1","3","2","0","0","0","0","0.3","","","","","","","0","0.3","0","","","","0","0","0","0","0","0","0.15","0.1","","0","66.66666667","0","0","3.333333333","3.333333333","0","0","5","5"
"","","UGP2014NAM-OT03","","","","","","","","","UGP2014NAM-OT03-00612","","","","3","0","","","","","","0","0","0","0","0","0","","","","","","","0","0","0","","","","","0","","0","","0","","0","","","0","0","0","0","0","","","",""
"","","UGP2014NAM-OT03","","","","","","","","","UGP2014NAM-OT03-00613","","","","3","2","2","3","9","1","3","2","0","0","0","0","4.5","","","","","","","0","4.5","0","","","","0","0","0","0","0","0","2.25","1.5","","0","66.66666667","0","0","50","50","0","0","75","75"
"","","UGP2014NAM-OT03","","","","","","","","","UGP2014NAM-OT03-00614","","","","3","2","2","2","6","3","5","2","1","0","0.24","0","0.5","8","1","1","4","3","0","0.24","0.74","1","0.24","","0.24","0.5","0.333333333","0.5","0.333333333","0.12","0.08","0.25","0.166666667","100","32.43243243","66.66666667","2.666666667","2.666666667","5.555555556","8.222222222","4","4","8.333333333","12.33333333"
"","","UGP2014NAM-OT03","","","","","","","","","UGP2014NAM-OT03-00615","","","","3","1","2","2","6","1","3","1","4","12","0.02","0.24","0.5","9","1","1","2","7","0.02","0.26","0.76","16","0.005","0.02","0.01625","16","5.333333333","4","1.333333333","0.26","0.086666667","0.5","0.166666667","25","34.21052632","33.33333333","0.222222222","2.888888889","5.555555556","8.444444444","0.666666667","8.666666667","16.66666667","25.33333333"
"","","UGP2014NAM-OT03","","","","","","","","","UGP2014NAM-OT03-00616","","","","3","2","2","3","7","2","4","2","2","2","0.12","0.02","2","9","1","1","2","7","1.65","0.14","2.14","4","0.06","0.01","0.035","2","1.333333333","1","0.666666667","0.07","0.046666667","1","0.666666667","50","6.542056075","66.66666667","1.333333333","1.555555556","22.22222222","23.77777778","2","2.333333333","33.33333333","35.66666667"
"","","UGP2014NAM-OT03","","","","","","","","","UGP2014NAM-OT03-00617","","","","3","3","2","3","9","1","3","3","2","5","1","0.18","4","2","1","1","5","3","0.12","1.18","5.18","7","0.5","0.036","0.168571429","2.333333333","2.333333333","0.666666667","0.666666667","0.393333333","0.393333333","1.333333333","1.333333333","28.57142857","22.77992278","100","11.11111111","13.11111111","44.44444444","57.55555556","11.11111111","13.11111111","44.44444444","57.55555556"
"","","UGP2014NAM-OT03","","","","","","","","","UGP2014NAM-OT03-00618","","","","3","2","2","6","7","1","3","2","3","24","0.64","0.52","2","2","1","2","8","5","0","1.16","3.16","27","0.213333333","0.021666667","0.042962963","13.5","9","1.5","1","0.58","0.386666667","1","0.666666667","11.11111111","36.70886076","66.66666667","7.111111111","12.88888889","22.22222222","35.11111111","10.66666667","19.33333333","33.33333333","52.66666667"
"","","UGP2014NAM-OT03","","","","","","","","","UGP2014NAM-OT03-00619","","","","3","1","1","2","6","3","6","1","2","1","0.48","0.04","1","2","1","1","3","3","0.15","0.52","1.52","3","0.24","0.04","0.173333333","3","1","2","0.666666667","0.52","0.173333333","1","0.333333333","66.66666667","34.21052632","33.33333333","5.333333333","5.777777778","11.11111111","16.88888889","16","17.33333333","33.33333333","50.66666667"
"","","UGP2014NAM-OT03","","","","","","","","","UGP2014NAM-OT03-00620","","","","3","3","1","2","8","1","3","3","0","0","0","0","2.5","","","","","","","0","2.5","0","","","","0","0","0","0","0","0","0.833333333","0.833333333","","0","100","0","0","27.77777778","27.77777778","0","0","27.77777778","27.77777778"
"","","UGP2014NAM-OT03","","","","","","","","","UGP2014NAM-OT03-00621","","","","3","3","1","4","8","1","3","3","5","5","0.48","0.16","5","2","1","1","3","5","0.12","0.64","5.64","10","0.096","0.032","0.064","3.333333333","3.333333333","1.666666667","1.666666667","0.213333333","0.213333333","1.666666667","1.666666667","50","11.34751773","100","5.333333333","7.111111111","55.55555556","62.66666667","5.333333333","7.111111111","55.55555556","62.66666667"
"","","UGP2014NAM-OT03","","","","","","","","","UGP2014NAM-OT03-00622","","","","3","2","2","2","8","1","3","2","9","11","0.963","0.4","3","9","3","1","8","5","1.65","1.363","4.363","20","0.107","0.036363636","0.06815","10","6.666666667","4.5","3","0.6815","0.454333333","1.5","1","45","31.2399725","66.66666667","10.7","15.14444444","33.33333333","48.47777778","16.05","22.71666667","50","72.71666667"
"","","UGP2014NAM-OT03","","","","","","","","","UGP2014NAM-OT03-00623","","","","3","3","3","4","8","3","6","3","2","1","0.28","0.04","4.5","2","1","2","3","5","0.12","0.32","4.82","3","0.14","0.04","0.106666667","1","1","0.666666667","0.666666667","0.106666667","0.106666667","1.5","1.5","66.66666667","6.639004149","100","3.111111111","3.555555556","50","53.55555556","3.111111111","3.555555556","50","53.55555556"
"","","UGP2014NAM-OT03","","","","","","","","","UGP2014NAM-OT03-00624","","","","3","3","3","3","7","1","3","3","3","1","0.26","0.04","0.24","9","1","1","3","7","1.5","0.3","0.54","4","0.086666667","0.04","0.075","1.333333333","1.333333333","1","1","0.1","0.1","0.08","0.08","75","55.55555556","100","2.888888889","3.333333333","2.666666667","6","2.888888889","3.333333333","2.666666667","6"
"","","UGP2014NAM-OT03","","","","","","","","","UGP2014NAM-OT03-00625","","","","3","3","1","2","7","1","2","3","0","0","0","0","4","","","","","","","0","4","0","","","","0","0","0","0","0","0","1.333333333","1.333333333","","0","100","0","0","44.44444444","44.44444444","0","0","44.44444444","44.44444444"
"","","UGP2014NAM-OT03","","","","","","","","","UGP2014NAM-OT03-00626","","","","3","1","1","2","7","1","3","1","2","11","0.34","0.24","1.2","6","2","1","9","9","1.38","0.58","1.78","13","0.17","0.021818182","0.044615385","13","4.333333333","2","0.666666667","0.58","0.193333333","1.2","0.4","15.38461538","32.58426966","33.33333333","3.777777778","6.444444444","13.33333333","19.77777778","11.33333333","19.33333333","40","59.33333333"
"","","UGP2014NAM-OT03","","","","","","","","","UGP2014NAM-OT03-00627","","","","3","2","1","4","9","1","3","2","1","2","0.36","0.08","5","2","1","1","4","3","0.12","0.44","5.44","3","0.36","0.04","0.146666667","1.5","1","0.5","0.333333333","0.22","0.146666667","2.5","1.666666667","33.33333333","8.088235294","66.66666667","4","4.888888889","55.55555556","60.44444444","6","7.333333333","83.33333333","90.66666667"
"","","UGP2014NAM-OT03","","","","","","","","","UGP2014NAM-OT03-00628","","","","3","3","1","3","5","1","3","3","8","5","2","0.18","5.2","8","1","1","2","5","0.15","2.18","7.38","13","0.25","0.036","0.167692308","4.333333333","4.333333333","2.666666667","2.666666667","0.726666667","0.726666667","1.733333333","1.733333333","61.53846154","29.53929539","100","22.22222222","24.22222222","57.77777778","82","22.22222222","24.22222222","57.77777778","82"
"","","UGP2014NAM-OT03","","","","","","","","","UGP2014NAM-OT03-00629","","","","3","3","1","6","8","2","4","3","0","5","0","0.1","8.5","8","1","1","3","9","0.12","0.1","8.6","5","","0.02","0.02","1.666666667","1.666666667","0","0","0.033333333","0.033333333","2.833333333","2.833333333","0","1.162790698","100","0","1.111111111","94.44444444","95.55555556","0","1.111111111","94.44444444","95.55555556"
"","","UGP2014NAM-OT03","","","","","","","","","UGP2014NAM-OT03-00630","","","","3","2","2","2","6","1","3","2","2","3","0.26","0.08","0.5","8","1","1","6","5","1.5","0.34","0.84","5","0.13","0.026666667","0.068","2.5","1.666666667","1","0.666666667","0.17","0.113333333","0.25","0.166666667","40","40.47619048","66.66666667","2.888888889","3.777777778","5.555555556","9.333333333","4.333333333","5.666666667","8.333333333","14"
"","","UGP2014NAM-OT03","","","","","","","","","UGP2014NAM-OT03-00631","","","","3","3","3","4","6","4","7","3","0","0","0","0","2.5","","","","","","","0","2.5","0","","","","0","0","0","0","0","0","0.833333333","0.833333333","","0","100","0","0","27.77777778","27.77777778","0","0","27.77777778","27.77777778"
"","","UGP2014NAM-OT03","","","","","","","","","UGP2014NAM-OT03-00632","","","","3","3","1","3","5","4","7","3","0","0","0","0","0.4","","","","","","","0","0.4","0","","","","0","0","0","0","0","0","0.133333333","0.133333333","","0","100","0","0","4.444444444","4.444444444","0","0","4.444444444","4.444444444"
"","","UGP2014NAM-OT03","","","","","","","","","UGP2014NAM-OT03-00633","","","","3","2","1","2","5","2","4","2","1","0","0.12","0","0.6","2","1","1","2","7","0","0.12","0.72","1","0.12","","0.12","0.5","0.333333333","0.5","0.333333333","0.06","0.04","0.3","0.2","100","16.66666667","66.66666667","1.333333333","1.333333333","6.666666667","8","2","2","10","12"
"","","UGP2014NAM-OT03","","","","","","","","","UGP2014NAM-OT03-00634","","","","3","3","3","4","6","1","3","3","0","0","0","0","0.28","","","","","","","0","0.28","0","","","","0","0","0","0","0","0","0.093333333","0.093333333","","0","100","0","0","3.111111111","3.111111111","0","0","3.111111111","3.111111111"
"","","UGP2014NAM-OT03","","","","","","","","","UGP2014NAM-OT03-00635","","","","3","2","1","2","7","1","3","2","0","1","0","0.01","2.8","9","1","1","4","7","0.12","0.01","2.81","1","","0.01","0.01","0.5","0.333333333","0","0","0.005","0.003333333","1.4","0.933333333","0","0.355871886","66.66666667","0","0.111111111","31.11111111","31.22222222","0","0.166666667","46.66666667","46.83333333"
"","","UGP2014NAM-OT03","","","","","","","","","UGP2014NAM-OT03-00636","","","","3","2","2","3","6","3","6","2","1","1","0.06","0.02","2","2","1","1","3","9","0.02","0.08","2.08","2","0.06","0.02","0.04","1","0.666666667","0.5","0.333333333","0.04","0.026666667","1","0.666666667","50","3.846153846","66.66666667","0.666666667","0.888888889","22.22222222","23.11111111","1","1.333333333","33.33333333","34.66666667"
"","","UGP2014NAM-OT03","","","","","","","","","UGP2014NAM-OT03-00637","","","","3","3","2","3","7","1","3","3","5","11","2.2","0.16","4","2","1","1","7","5","3.03","2.36","6.36","16","0.44","0.014545455","0.1475","5.333333333","5.333333333","1.666666667","1.666666667","0.786666667","0.786666667","1.333333333","1.333333333","31.25","37.10691824","100","24.44444444","26.22222222","44.44444444","70.66666667","24.44444444","26.22222222","44.44444444","70.66666667"
"","","UGP2014NAM-OT03","","","","","","","","","UGP2014NAM-OT03-00638","","","","3","3","1","6","9","1","3","3","6","6","0.86","0.24","4","6","1","1","3","3","0.15","1.1","5.1","12","0.143333333","0.04","0.091666667","4","4","2","2","0.366666667","0.366666667","1.333333333","1.333333333","50","21.56862745","100","9.555555556","12.22222222","44.44444444","56.66666667","9.555555556","12.22222222","44.44444444","56.66666667"
"","","UGP2014NAM-OT03","","","","","","","","","UGP2014NAM-OT03-00639","","","","3","2","2","3","5","4","6","2","0","0","0","0","1.5","","","","","","","0","1.5","0","","","","0","0","0","0","0","0","0.75","0.5","","0","66.66666667","0","0","16.66666667","16.66666667","0","0","25","25"
"","","UGP2014NAM-OT03","","","","","","","","","UGP2014NAM-OT03-00640","","","","3","2","1","6","6","3","5","2","2","0","0.8","0","1","2","1","1","4","1","0.12","0.8","1.8","2","0.4","","0.4","1","0.666666667","1","0.666666667","0.4","0.266666667","0.5","0.333333333","100","44.44444444","66.66666667","8.888888889","8.888888889","11.11111111","20","13.33333333","13.33333333","16.66666667","30"
"","","UGP2014NAM-OT03","","","","","","","","","UGP2014NAM-OT03-00641","","","","3","3","1","3","5","3","6","3","1","0","0.12","0","1","8","1","1","1","7","0.15","0.12","1.12","1","0.12","","0.12","0.333333333","0.333333333","0.333333333","0.333333333","0.04","0.04","0.333333333","0.333333333","100","10.71428571","100","1.333333333","1.333333333","11.11111111","12.44444444","1.333333333","1.333333333","11.11111111","12.44444444"
"","","UGP2014NAM-OT03","","","","","","","","","UGP2014NAM-OT03-00642","","","","3","2","2","3","6","3","6","2","1","0","0.24","0","2","8","2","3","1","3","0.12","0.24","2.24","1","0.24","","0.24","0.5","0.333333333","0.5","0.333333333","0.12","0.08","1","0.666666667","100","10.71428571","66.66666667","2.666666667","2.666666667","22.22222222","24.88888889","4","4","33.33333333","37.33333333"
"","","UGP2014NAM-OT03","","","","","","","","","UGP2014NAM-OT03-00643","","","","3","2","3","8","8","3","5","2","1","0","0.2","0","4.5","6","1","1","1","5","0.15","0.2","4.7","1","0.2","","0.2","0.5","0.333333333","0.5","0.333333333","0.1","0.066666667","2.25","1.5","100","4.255319149","66.66666667","2.222222222","2.222222222","50","52.22222222","3.333333333","3.333333333","75","78.33333333"
"","","UGP2014NAM-OT03","","","","","","","","","UGP2014NAM-OT03-00644","","","","3","2","1","2","6","2","4","2","2","1","1.2","0.01","1.5","2","1","1","3","1","0.15","1.21","2.71","3","0.6","0.01","0.403333333","1.5","1","1","0.666666667","0.605","0.403333333","0.75","0.5","66.66666667","44.64944649","66.66666667","13.33333333","13.44444444","16.66666667","30.11111111","20","20.16666667","25","45.16666667"
"","","UGP2014NAM-OT03","","","","","","","","","UGP2014NAM-OT03-00645","","","","3","3","1","4","8","1","3","3","5","4","1.12","0.12","2.5","9","1","1","6","3","0","1.24","3.74","9","0.224","0.03","0.137777778","3","3","1.666666667","1.666666667","0.413333333","0.413333333","0.833333333","0.833333333","55.55555556","33.15508021","100","12.44444444","13.77777778","27.77777778","41.55555556","12.44444444","13.77777778","27.77777778","41.55555556"
"","","UGP2014NAM-OT03","","","","","","","","","UGP2014NAM-OT03-00646","","","","3","1","1","3","9","1","2","1","4","0","0.6","0","12","2","1","1","8","5","0","0.6","12.6","4","0.15","","0.15","4","1.333333333","4","1.333333333","0.6","0.2","12","4","100","4.761904762","33.33333333","6.666666667","6.666666667","133.3333333","140","20","20","400","420"
"","","UGP2014NAM-OT03","","","","","","","","","UGP2014NAM-OT03-00647","","","","3","1","2","3","6","2","4","1","0","0","0","0","0.5","","","","","","","0","0.5","0","","","","0","0","0","0","0","0","0.5","0.166666667","","0","33.33333333","0","0","5.555555556","5.555555556","0","0","16.66666667","16.66666667"
"","","UGP2014NAM-OT03","","","","","","","","","UGP2014NAM-OT03-00648","","","","3","3","2","6","5","2","4","3","0","0","0","0","2.2","","","","","","","0","2.2","0","","","","0","0","0","0","0","0","0.733333333","0.733333333","","0","100","0","0","24.44444444","24.44444444","0","0","24.44444444","24.44444444"
"","","UGP2014NAM-OT03","","","","","","","","","UGP2014NAM-OT03-00649","","","","3","1","2","6","6","4","7","1","1","2","0.1","0.1","1.5","8","1","1","4","7","0.15","0.2","1.7","3","0.1","0.05","0.066666667","3","1","1","0.333333333","0.2","0.066666667","1.5","0.5","33.33333333","11.76470588","33.33333333","1.111111111","2.222222222","16.66666667","18.88888889","3.333333333","6.666666667","50","56.66666667"
"","","UGP2014NAM-OT03","","","","","","","","","UGP2014NAM-OT03-00650","","","","3","0","","","","","","0","0","0","0","0","0","","","","","","","0","0","0","","","","","0","","0","","0","","0","","","0","0","0","0","0","","","",""
"","","UGP2014NAM-OT03","","","","","","","","","UGP2014NAM-OT03-00651","","","","3","3","1","3","7","2","4","3","4","4","1.04","0.1","3","9","2","2","1","3","0","1.14","4.14","8","0.26","0.025","0.1425","2.666666667","2.666666667","1.333333333","1.333333333","0.38","0.38","1","1","50","27.53623188","100","11.55555556","12.66666667","33.33333333","46","11.55555556","12.66666667","33.33333333","46"
"","","UGP2014NAM-OT03","","","","","","","","","UGP2014NAM-OT03-00652","","","","3","3","1","6","9","1","3","3","0","0","0","0","3.5","","","","","","","0","3.5","0","","","","0","0","0","0","0","0","1.166666667","1.166666667","","0","100","0","0","38.88888889","38.88888889","0","0","38.88888889","38.88888889"
"","","UGP2014NAM-OT03","","","","","","","","","UGP2014NAM-OT03-00653","","","","3","3","2","3","9","1","3","3","0","0","0","0","4.5","","","","","","","0","4.5","0","","","","0","0","0","0","0","0","1.5","1.5","","0","100","0","0","50","50","0","0","50","50"
"","","UGP2014NAM-OT03","","","","","","","","","UGP2014NAM-OT03-00654","","","","3","1","1","7","5","1","2","1","0","0","0","0","1","","","","","","","0","1","0","","","","0","0","0","0","0","0","1","0.333333333","","0","33.33333333","0","0","11.11111111","11.11111111","0","0","33.33333333","33.33333333"
"","","UGP2014NAM-OT03","","","","","","","","","UGP2014NAM-OT03-00655","","","","3","2","2","3","6","4","7","2","2","1","0.3","0.01","1","8","1","1","4","5","0.12","0.31","1.31","3","0.15","0.01","0.103333333","1.5","1","1","0.666666667","0.155","0.103333333","0.5","0.333333333","66.66666667","23.66412214","66.66666667","3.333333333","3.444444444","11.11111111","14.55555556","5","5.166666667","16.66666667","21.83333333"
"","","UGP2014NAM-OT03","","","","","","","","","UGP2014NAM-OT03-00656","","","","3","3","1","2","5","3","6","3","0","0","0","0","1.5","","","","","","","0","1.5","0","","","","0","0","0","0","0","0","0.5","0.5","","0","100","0","0","16.66666667","16.66666667","0","0","16.66666667","16.66666667"
"","","UGP2014NAM-OT03","","","","","","","","","UGP2014NAM-OT03-00657","","","","3","2","1","2","5","1","2","2","2","0","0.14","0","2","8","1","1","3","7","0.15","0.14","2.14","2","0.07","","0.07","1","0.666666667","1","0.666666667","0.07","0.046666667","1","0.666666667","100","6.542056075","66.66666667","1.555555556","1.555555556","22.22222222","23.77777778","2.333333333","2.333333333","33.33333333","35.66666667"
"","","UGP2014NAM-OT03","","","","","","","","","UGP2014NAM-OT03-00658","","","","3","3","1","4","7","2","4","3","4","1","0.6","0.06","2","9","1","2","4","3","0.12","0.66","2.66","5","0.15","0.06","0.132","1.666666667","1.666666667","1.333333333","1.333333333","0.22","0.22","0.666666667","0.666666667","80","24.81203008","100","6.666666667","7.333333333","22.22222222","29.55555556","6.666666667","7.333333333","22.22222222","29.55555556"
"","","UGP2014NAM-OT03","","","","","","","","","UGP2014NAM-OT03-00659","","","","3","2","1","4","7","1","3","2","0","0","0","0","1.3","","","","","","","0","1.3","0","","","","0","0","0","0","0","0","0.65","0.433333333","","0","66.66666667","0","0","14.44444444","14.44444444","0","0","21.66666667","21.66666667"
"","","UGP2014NAM-OT03","","","","","","","","","UGP2014NAM-OT03-00660","","","","3","3","1","3","7","1","3","3","2","4","0.22","0.08","3.5","8","1","1","6","3","1.5","0.3","3.8","6","0.11","0.02","0.05","2","2","0.666666667","0.666666667","0.1","0.1","1.166666667","1.166666667","33.33333333","7.894736842","100","2.444444444","3.333333333","38.88888889","42.22222222","2.444444444","3.333333333","38.88888889","42.22222222"
"","","UGP2014NAM-OT03","","","","","","","","","UGP2014NAM-OT03-00661","","","","3","3","1","6","7","1","2","3","1","4","0.06","0.06","3","8","1","1","9","9","0.15","0.12","3.12","5","0.06","0.015","0.024","1.666666667","1.666666667","0.333333333","0.333333333","0.04","0.04","1","1","20","3.846153846","100","0.666666667","1.333333333","33.33333333","34.66666667","0.666666667","1.333333333","33.33333333","34.66666667"
"","","UGP2014NAM-OT03","","","","","","","","","UGP2014NAM-OT03-00662","","","","3","1","1","3","5","3","6","1","1","0","0.1","0","0.5","8","1","1","9","7","0.12","0.1","0.6","1","0.1","","0.1","1","0.333333333","1","0.333333333","0.1","0.033333333","0.5","0.166666667","100","16.66666667","33.33333333","1.111111111","1.111111111","5.555555556","6.666666667","3.333333333","3.333333333","16.66666667","20"
"","","UGP2014NAM-OT03","","","","","","","","","UGP2014NAM-OT03-00663","","","","3","3","1","3","6","2","4","3","0","0","0","0","1.6","","","","","","","0","1.6","0","","","","0","0","0","0","0","0","0.533333333","0.533333333","","0","100","0","0","17.77777778","17.77777778","0","0","17.77777778","17.77777778"
"","","UGP2014NAM-OT03","","","","","","","","","UGP2014NAM-OT03-00664","","","","3","3","1","3","6","1","2","3","2","6","0.84","0.14","4.5","9","1","1","6","5","0","0.98","5.48","8","0.42","0.023333333","0.1225","2.666666667","2.666666667","0.666666667","0.666666667","0.326666667","0.326666667","1.5","1.5","25","17.88321168","100","9.333333333","10.88888889","50","60.88888889","9.333333333","10.88888889","50","60.88888889"
"","","UGP2014NAM-OT03","","","","","","","","","UGP2014NAM-OT03-00665","","","","3","2","2","3","5","2","4","2","2","1","0.6","0.04","2","2","1","1","1","3","0.12","0.64","2.64","3","0.3","0.04","0.213333333","1.5","1","1","0.666666667","0.32","0.213333333","1","0.666666667","66.66666667","24.24242424","66.66666667","6.666666667","7.111111111","22.22222222","29.33333333","10","10.66666667","33.33333333","44"
"","","UGP2014NAM-OT03","","","","","","","","","UGP2014NAM-OT03-00666","","","","3","2","2","2","5","1","3","2","2","1","0.14","0.01","3","6","1","1","3","7","1.65","0.15","3.15","3","0.07","0.01","0.05","1.5","1","1","0.666666667","0.075","0.05","1.5","1","66.66666667","4.761904762","66.66666667","1.555555556","1.666666667","33.33333333","35","2.333333333","2.5","50","52.5"
"","","UGP2014NAM-OT03","","","","","","","","","UGP2014NAM-OT03-00667","","","","3","3","1","3","5","2","4","3","2","0","0.18","0","1.6","9","1","1","2","5","0.02","0.18","1.78","2","0.09","","0.09","0.666666667","0.666666667","0.666666667","0.666666667","0.06","0.06","0.533333333","0.533333333","100","10.11235955","100","2","2","17.77777778","19.77777778","2","2","17.77777778","19.77777778"
"","","UGP2014NAM-OT03","","","","","","","","","UGP2014NAM-OT03-00668","","","","3","3","1","2","8","1","3","3","8","1","1.08","0.04","9","9","1","1","3","3","0.15","1.12","10.12","9","0.135","0.04","0.124444444","3","3","2.666666667","2.666666667","0.373333333","0.373333333","3","3","88.88888889","11.06719368","100","12","12.44444444","100","112.4444444","12","12.44444444","100","112.4444444"
"","","UGP2014NAM-OT03","","","","","","","","","UGP2014NAM-OT03-00670","","","","3","3","2","2","8","1","3","3","3","0","1","0","3","2","1","1","5","6","0.12","1","4","3","0.333333333","","0.333333333","1","1","1","1","0.333333333","0.333333333","1","1","100","25","100","11.11111111","11.11111111","33.33333333","44.44444444","11.11111111","11.11111111","33.33333333","44.44444444"
"","","UGP2014NAM-OT03","","","","","","","","","UGP2014NAM-OT03-00671","","","","3","2","2","2","8","3","5","2","0","0","0","0","6.2","","","","","","","0","6.2","0","","","","0","0","0","0","0","0","3.1","2.066666667","","0","66.66666667","0","0","68.88888889","68.88888889","0","0","103.3333333","103.3333333"
"","","UGP2014NAM-OT03","","","","","","","","","UGP2014NAM-OT03-00673","","","","3","2","1","2","5","5","8","2","1","0","0.08","0","2.2","2","1","1","2","9","0.02","0.08","2.28","1","0.08","","0.08","0.5","0.333333333","0.5","0.333333333","0.04","0.026666667","1.1","0.733333333","100","3.50877193","66.66666667","0.888888889","0.888888889","24.44444444","25.33333333","1.333333333","1.333333333","36.66666667","38"
"","","UGP2014NAM-OT03","","","","","","","","","UGP2014NAM-OT03-00674","","","","3","1","1","2","8","1","3","1","1","1","0.1","0.04","1.5","2","1","1","3","7","0.12","0.14","1.64","2","0.1","0.04","0.07","2","0.666666667","1","0.333333333","0.14","0.046666667","1.5","0.5","50","8.536585366","33.33333333","1.111111111","1.555555556","16.66666667","18.22222222","3.333333333","4.666666667","50","54.66666667"
"","","UGP2014NAM-OT03","","","","","","","","","UGP2014NAM-OT03-00675","","","","3","3","1","2","8","1","3","3","5","3","0.9","0.06","5","2","2","2","2","3","1.38","0.96","5.96","8","0.18","0.02","0.12","2.666666667","2.666666667","1.666666667","1.666666667","0.32","0.32","1.666666667","1.666666667","62.5","16.10738255","100","10","10.66666667","55.55555556","66.22222222","10","10.66666667","55.55555556","66.22222222"
"","","UGP2014NAM-OT03","","","","","","","","","UGP2014NAM-OT03-00676","","","","3","2","2","3","6","2","4","2","0","0","0","0","0.3","","","","","","","0","0.3","0","","","","0","0","0","0","0","0","0.15","0.1","","0","66.66666667","0","0","3.333333333","3.333333333","0","0","5","5"
"","","UGP2014NAM-OT03","","","","","","","","","UGP2014NAM-OT03-00677","","","","3","0","","","","","","0","0","0","0","0","0","","","","","","","0","0","0","","","","","0","","0","","0","","0","","","0","0","0","0","0","","","",""
"","","UGP2014NAM-OT03","","","","","","","","","UGP2014NAM-OT03-00678","","","","3","2","5","6","8","2","4","2","0","0","0","0","4","","","","","","","0","4","0","","","","0","0","0","0","0","0","2","1.333333333","","0","66.66666667","0","0","44.44444444","44.44444444","0","0","66.66666667","66.66666667"
"","","UGP2014NAM-OT03","","","","","","","","","UGP2014NAM-OT03-00679","","","","3","3","2","2","6","5","7","3","2","2","0.3","0.08","0.5","2","1","1","3","7","0","0.38","0.88","4","0.15","0.04","0.095","1.333333333","1.333333333","0.666666667","0.666666667","0.126666667","0.126666667","0.166666667","0.166666667","50","43.18181818","100","3.333333333","4.222222222","5.555555556","9.777777778","3.333333333","4.222222222","5.555555556","9.777777778"
"","","UGP2014NAM-OT03","","","","","","","","","UGP2014NAM-OT03-00680","","","","3","3","1","6","8","1","3","3","0","0","0","0","4.3","","","","","","","0","4.3","0","","","","0","0","0","0","0","0","1.433333333","1.433333333","","0","100","0","0","47.77777778","47.77777778","0","0","47.77777778","47.77777778"
"","","UGP2014NAM-OT03","","","","","","","","","UGP2014NAM-OT03-00681","","","","3","3","1","3","5","4","7","3","0","1","0","0.04","2.5","2","1","1","9","9","0.12","0.04","2.54","1","","0.04","0.04","0.333333333","0.333333333","0","0","0.013333333","0.013333333","0.833333333","0.833333333","0","1.57480315","100","0","0.444444444","27.77777778","28.22222222","0","0.444444444","27.77777778","28.22222222"
"","","UGP2014NAM-OT03","","","","","","","","","UGP2014NAM-OT03-00682","","","","3","1","1","3","5","1","2","1","0","1","0","0.04","0.2","2","1","1","9","9","0.15","0.04","0.24","1","","0.04","0.04","1","0.333333333","0","0","0.04","0.013333333","0.2","0.066666667","0","16.66666667","33.33333333","0","0.444444444","2.222222222","2.666666667","0","1.333333333","6.666666667","8"
"","","UGP2014NAM-OT03","","","","","","","","","UGP2014NAM-OT03-00683","","","","3","2","1","3","9","3","6","2","1","1","0.06","0.08","10","9","1","1","9","9","0.12","0.14","10.14","2","0.06","0.08","0.07","1","0.666666667","0.5","0.333333333","0.07","0.046666667","5","3.333333333","50","1.380670611","66.66666667","0.666666667","1.555555556","111.1111111","112.6666667","1","2.333333333","166.6666667","169"
"","","UGP2014NAM-OT03","","","","","","","","","UGP2014NAM-OT03-00684","","","","3","1","2","2","6","4","7","1","4","1","0.3","0.04","3","6","1","1","4","5","0.12","0.34","3.34","5","0.075","0.04","0.068","5","1.666666667","4","1.333333333","0.34","0.113333333","3","1","80","10.17964072","33.33333333","3.333333333","3.777777778","33.33333333","37.11111111","10","11.33333333","100","111.3333333"
"","","UGP2014NAM-OT03","","","","","","","","","UGP2014NAM-OT03-00685","","","","3","2","2","2","8","1","3","2","1","4","0.1","0.14","1.5","2","2","1","3","7","0.15","0.24","1.74","5","0.1","0.035","0.048","2.5","1.666666667","0.5","0.333333333","0.12","0.08","0.75","0.5","20","13.79310345","66.66666667","1.111111111","2.666666667","16.66666667","19.33333333","1.666666667","4","25","29"
"","","UGP2014NAM-OT03","","","","","","","","","UGP2014NAM-OT03-00686","","","","3","1","4","6","7","2","4","1","4","10","0.4","0.1","0.6","6","2","2","1","5","0.12","0.5","1.1","14","0.1","0.01","0.035714286","14","4.666666667","4","1.333333333","0.5","0.166666667","0.6","0.2","28.57142857","45.45454545","33.33333333","4.444444444","5.555555556","6.666666667","12.22222222","13.33333333","16.66666667","20","36.66666667"
"","","UGP2014NAM-OT03","","","","","","","","","UGP2014NAM-OT03-00687","","","","3","3","1","2","8","3","5","3","0","0","0","0","4.3","","","","","","","0","4.3","0","","","","0","0","0","0","0","0","1.433333333","1.433333333","","0","100","0","0","47.77777778","47.77777778","0","0","47.77777778","47.77777778"
"","","UGP2014NAM-OT03","","","","","","","","","UGP2014NAM-OT03-00688","","","","3","3","2","2","8","2","4","3","1","0","0.44","0","2","2","1","1","4","2","0.12","0.44","2.44","1","0.44","","0.44","0.333333333","0.333333333","0.333333333","0.333333333","0.146666667","0.146666667","0.666666667","0.666666667","100","18.03278689","100","4.888888889","4.888888889","22.22222222","27.11111111","4.888888889","4.888888889","22.22222222","27.11111111"
"","","UGP2014NAM-OT03","","","","","","","","","UGP2014NAM-OT03-00689","","","","3","2","2","2","9","1","2","2","1","1","0.1","0.04","1","8","1","1","2","7","3.03","0.14","1.14","2","0.1","0.04","0.07","1","0.666666667","0.5","0.333333333","0.07","0.046666667","0.5","0.333333333","50","12.28070175","66.66666667","1.111111111","1.555555556","11.11111111","12.66666667","1.666666667","2.333333333","16.66666667","19"
"","","UGP2014NAM-OT03","","","","","","","","","UGP2014NAM-OT03-00690","","","","3","3","1","3","6","1","3","3","3","0","0.52","0","8","8","1","1","4","5","0.02","0.52","8.52","3","0.173333333","","0.173333333","1","1","1","1","0.173333333","0.173333333","2.666666667","2.666666667","100","6.103286385","100","5.777777778","5.777777778","88.88888889","94.66666667","5.777777778","5.777777778","88.88888889","94.66666667"
"","","UGP2014NAM-OT03","","","","","","","","","UGP2014NAM-OT03-00691","","","","3","3","2","3","5","3","6","3","2","0","0.2","0","0.3","8","1","1","4","7","0","0.2","0.5","2","0.1","","0.1","0.666666667","0.666666667","0.666666667","0.666666667","0.066666667","0.066666667","0.1","0.1","100","40","100","2.222222222","2.222222222","3.333333333","5.555555556","2.222222222","2.222222222","3.333333333","5.555555556"
"","","UGP2014NAM-OT03","","","","","","","","","UGP2014NAM-OT03-00692","","","","3","1","2","2","5","1","3","1","1","0","0.102","0","0.3","2","1","1","3","7","0.12","0.102","0.402","1","0.102","","0.102","1","0.333333333","1","0.333333333","0.102","0.034","0.3","0.1","100","25.37313433","33.33333333","1.133333333","1.133333333","3.333333333","4.466666667","3.4","3.4","10","13.4"
"","","UGP2014NAM-OT03","","","","","","","","","UGP2014NAM-OT03-00693","","","","3","1","3","6","6","2","4","1","4","4","0.4","0.22","0.5","2","1","1","3","7","0.12","0.62","1.12","8","0.1","0.055","0.0775","8","2.666666667","4","1.333333333","0.62","0.206666667","0.5","0.166666667","50","55.35714286","33.33333333","4.444444444","6.888888889","5.555555556","12.44444444","13.33333333","20.66666667","16.66666667","37.33333333"
"","","UGP2014NAM-OT03","","","","","","","","","UGP2014NAM-OT03-00694","","","","3","3","3","6","6","1","2","3","0","0","0","0","2","","","","","","","0","2","0","","","","0","0","0","0","0","0","0.666666667","0.666666667","","0","100","0","0","22.22222222","22.22222222","0","0","22.22222222","22.22222222"
"","","UGP2014NAM-OT03","","","","","","","","","UGP2014NAM-OT03-00695","","","","3","3","3","2","8","4","7","3","2","0","0.4","0","2","8","1","1","3","5","0.12","0.4","2.4","2","0.2","","0.2","0.666666667","0.666666667","0.666666667","0.666666667","0.133333333","0.133333333","0.666666667","0.666666667","100","16.66666667","100","4.444444444","4.444444444","22.22222222","26.66666667","4.444444444","4.444444444","22.22222222","26.66666667"
"","","UGP2014NAM-OT03","","","","","","","","","UGP2014NAM-OT03-00696","","","","3","2","3","2","7","1","2","2","9","1","3.5","0.02","3","2","1","1","4","3","0.12","3.52","6.52","10","0.388888889","0.02","0.352","5","3.333333333","4.5","3","1.76","1.173333333","1.5","1","90","53.98773006","66.66666667","38.88888889","39.11111111","33.33333333","72.44444444","58.33333333","58.66666667","50","108.6666667"
"","","UGP2014NAM-OT03","","","","","","","","","UGP2014NAM-OT03-00698","","","","3","3","1","2","4","4","7","0","0","0","0","0","0","","","","","","","0","0","0","","","","","0","","0","","0","","0","","","0","0","0","0","0","","","",""
"","","UGP2014NAM-OT03","","","","","","","","","UGP2014NAM-OT03-00699","","","","3","1","1","3","4","1","3","1","2","0","0.1","0","1.5","6","1","1","7","7","1.5","0.1","1.6","2","0.05","","0.05","2","0.666666667","2","0.666666667","0.1","0.033333333","1.5","0.5","100","6.25","33.33333333","1.111111111","1.111111111","16.66666667","17.77777778","3.333333333","3.333333333","50","53.33333333"
"","","UGP2014NAM-OT03","","","","","","","","","UGP2014NAM-OT03-00700","","","","3","3","1","2","5","4","6","3","3","0","0.3","0","3","6","1","1","3","9","1.38","0.3","3.3","3","0.1","","0.1","1","1","1","1","0.1","0.1","1","1","100","9.090909091","100","3.333333333","3.333333333","33.33333333","36.66666667","3.333333333","3.333333333","33.33333333","36.66666667"
"","","UGP2014NAM-OT03","","","","","","","","","UGP2014NAM-OT03-00701","","","","3","3","1","3","7","1","3","3","4","2","0.36","0.04","5","8","1","1","5","5","0.02","0.4","5.4","6","0.09","0.02","0.066666667","2","2","1.333333333","1.333333333","0.133333333","0.133333333","1.666666667","1.666666667","66.66666667","7.407407407","100","4","4.444444444","55.55555556","60","4","4.444444444","55.55555556","60"
"","","UGP2014NAM-OT03","","","","","","","","","UGP2014NAM-OT03-00702","","","","3","2","1","3","7","1","2","2","12","9","2","0.18","2.5","6","1","1","6","5","3.03","2.18","4.68","21","0.166666667","0.02","0.103809524","10.5","7","6","4","1.09","0.726666667","1.25","0.833333333","57.14285714","46.58119658","66.66666667","22.22222222","24.22222222","27.77777778","52","33.33333333","36.33333333","41.66666667","78"
"","","UGP2014NAM-OT03","","","","","","","","","UGP2014NAM-OT03-00703","","","","3","3","1","3","5","3","6","3","1","3","0.06","0.04","1","2","1","1","8","7","0","0.1","1.1","4","0.06","0.013333333","0.025","1.333333333","1.333333333","0.333333333","0.333333333","0.033333333","0.033333333","0.333333333","0.333333333","25","9.090909091","100","0.666666667","1.111111111","11.11111111","12.22222222","0.666666667","1.111111111","11.11111111","12.22222222"
"","","UGP2014NAM-OT03","","","","","","","","","UGP2014NAM-OT03-00704","","","","3","3","5","6","5","2","4","3","1","0","0.08","0","5","2","1","1","6","7","0.12","0.08","5.08","1","0.08","","0.08","0.333333333","0.333333333","0.333333333","0.333333333","0.026666667","0.026666667","1.666666667","1.666666667","100","1.57480315","100","0.888888889","0.888888889","55.55555556","56.44444444","0.888888889","0.888888889","55.55555556","56.44444444"
"","","UGP2014NAM-OT03","","","","","","","","","UGP2014NAM-OT03-00705","","","","3","3","2","2","6","1","2","3","1","2","0.2","0.08","2.8","6","1","1","3","3","7.76","0.28","3.08","3","0.2","0.04","0.093333333","1","1","0.333333333","0.333333333","0.093333333","0.093333333","0.933333333","0.933333333","33.33333333","9.090909091","100","2.222222222","3.111111111","31.11111111","34.22222222","2.222222222","3.111111111","31.11111111","34.22222222"
"","","UGP2014NAM-OT03","","","","","","","","","UGP2014NAM-OT03-00707","","","","3","2","1","4","6","1","3","2","1","2","0.12","0.04","8","2","1","1","8","7","0.02","0.16","8.16","3","0.12","0.02","0.053333333","1.5","1","0.5","0.333333333","0.08","0.053333333","4","2.666666667","33.33333333","1.960784314","66.66666667","1.333333333","1.777777778","88.88888889","90.66666667","2","2.666666667","133.3333333","136"
"","","UGP2014NAM-OT03","","","","","","","","","UGP2014NAM-OT03-00708","","","","3","2","1","2","7","1","3","2","8","4","0.24","0.1","2.5","8","2","1","3","3","0.15","0.34","2.84","12","0.03","0.025","0.028333333","6","4","4","2.666666667","0.17","0.113333333","1.25","0.833333333","66.66666667","11.97183099","66.66666667","2.666666667","3.777777778","27.77777778","31.55555556","4","5.666666667","41.66666667","47.33333333"
"","","UGP2014NAM-OT03","","","","","","","","","UGP2014NAM-OT03-00709","","","","3","1","2","2","5","5","8","1","4","6","0.64","0.28","1","8","1","3","4","5","1.38","0.92","1.92","10","0.16","0.046666667","0.092","10","3.333333333","4","1.333333333","0.92","0.306666667","1","0.333333333","40","47.91666667","33.33333333","7.111111111","10.22222222","11.11111111","21.33333333","21.33333333","30.66666667","33.33333333","64"
"","","UGP2014NAM-OT03","","","","","","","","","UGP2014NAM-OT03-00710","","","","3","3","4","6","6","1","3","3","3","1","0.12","0.04","3","9","1","1","4","3","0.02","0.16","3.16","4","0.04","0.04","0.04","1.333333333","1.333333333","1","1","0.053333333","0.053333333","1","1","75","5.063291139","100","1.333333333","1.777777778","33.33333333","35.11111111","1.333333333","1.777777778","33.33333333","35.11111111"
"","","UGP2014NAM-OT03","","","","","","","","","UGP2014NAM-OT03-00711","","","","3","3","6","8","5","1","2","3","2","1","0.12","0.02","2.5","8","1","1","5","6","1.65","0.14","2.64","3","0.06","0.02","0.046666667","1","1","0.666666667","0.666666667","0.046666667","0.046666667","0.833333333","0.833333333","66.66666667","5.303030303","100","1.333333333","1.555555556","27.77777778","29.33333333","1.333333333","1.555555556","27.77777778","29.33333333"
"","","UGP2014NAM-OT03","","","","","","","","","UGP2014NAM-OT03-00712","","","","3","3","3","7","8","1","3","3","12","23","2.6","0.66","5","2","2","2","6","3","6.12","3.26","8.26","35","0.216666667","0.028695652","0.093142857","11.66666667","11.66666667","4","4","1.086666667","1.086666667","1.666666667","1.666666667","34.28571429","39.46731235","100","28.88888889","36.22222222","55.55555556","91.77777778","28.88888889","36.22222222","55.55555556","91.77777778"
"","","UGP2014NAM-OT03","","","","","","","","","UGP2014NAM-OT03-00713","","","","3","2","1","3","5","1","2","2","1","0","0.09","0","6.2","8","1","1","9","7","0.12","0.09","6.29","1","0.09","","0.09","0.5","0.333333333","0.5","0.333333333","0.045","0.03","3.1","2.066666667","100","1.430842607","66.66666667","1","1","68.88888889","69.88888889","1.5","1.5","103.3333333","104.8333333"
"","","UGP2014NAM-OT03","","","","","","","","","UGP2014NAM-OT03-00714","","","","3","2","3","6","6","1","3","2","8","0","0.48","0","8.5","2","2","1","2","5","1.76","0.48","8.98","8","0.06","","0.06","4","2.666666667","4","2.666666667","0.24","0.16","4.25","2.833333333","100","5.345211581","66.66666667","5.333333333","5.333333333","94.44444444","99.77777778","8","8","141.6666667","149.6666667"
"","","UGP2014NAM-OT03","","","","","","","","","UGP2014NAM-OT03-00715","","","","3","2","3","5","7","2","4","2","0","0","0","0","7.5","","","","","","","0","7.5","0","","","","0","0","0","0","0","0","3.75","2.5","","0","66.66666667","0","0","83.33333333","83.33333333","0","0","125","125"
"","","UGP2014NAM-OT03","","","","","","","","","UGP2014NAM-OT03-00716","","","","3","2","3","3","4","3","6","2","0","0","0","0","1","","","","","","","0","1","0","","","","0","0","0","0","0","0","0.5","0.333333333","","0","66.66666667","0","0","11.11111111","11.11111111","0","0","16.66666667","16.66666667"
"","","UGP2014NAM-OT03","","","","","","","","","UGP2014NAM-OT03-00717","","","","3","3","3","4","5","2","4","3","0","0","0","0","1.5","","","","","","","0","1.5","0","","","","0","0","0","0","0","0","0.5","0.5","","0","100","0","0","16.66666667","16.66666667","0","0","16.66666667","16.66666667"
"","","UGP2014NAM-OT03","","","","","","","","","UGP2014NAM-OT03-00718","","","","3","2","3","3","5","3","6","2","1","1","0.2","0.01","2.9","9","1","1","1","3","0.02","0.21","3.11","2","0.2","0.01","0.105","1","0.666666667","0.5","0.333333333","0.105","0.07","1.45","0.966666667","50","6.752411576","66.66666667","2.222222222","2.333333333","32.22222222","34.55555556","3.333333333","3.5","48.33333333","51.83333333"
"","","UGP2014NAM-OT03","","","","","","","","","UGP2014NAM-OT03-00719","","","","3","2","2","6","6","1","3","2","3","0","0.38","0","5.5","2","1","1","3","5","1.38","0.38","5.88","3","0.126666667","","0.126666667","1.5","1","1.5","1","0.19","0.126666667","2.75","1.833333333","100","6.462585034","66.66666667","4.222222222","4.222222222","61.11111111","65.33333333","6.333333333","6.333333333","91.66666667","98"
"","","UGP2014NAM-OT03","","","","","","","","","UGP2014NAM-OT03-00720","","","","3","2","2","4","6","2","4","2","2","2","0.12","0.06","1.15","8","1","1","3","7","0","0.18","1.33","4","0.06","0.03","0.045","2","1.333333333","1","0.666666667","0.09","0.06","0.575","0.383333333","50","13.53383459","66.66666667","1.333333333","2","12.77777778","14.77777778","2","3","19.16666667","22.16666667"
"","","UGP2014NAM-OT03","","","","","","","","","UGP2014NAM-OT03-00721","","","","3","2","6","8","5","1","2","2","2","6","0.22","0.1","3.4","9","1","1","2","5","0.15","0.32","3.72","8","0.11","0.016666667","0.04","4","2.666666667","1","0.666666667","0.16","0.106666667","1.7","1.133333333","25","8.602150538","66.66666667","2.444444444","3.555555556","37.77777778","41.33333333","3.666666667","5.333333333","56.66666667","62"
"","","UGP2014NAM-OT03","","","","","","","","","UGP2014NAM-OT03-00722","","","","3","1","3","3","6","3","6","1","0","0","0","0","1.5","","","","","","","0","1.5","0","","","","0","0","0","0","0","0","1.5","0.5","","0","33.33333333","0","0","16.66666667","16.66666667","0","0","50","50"
"","","UGP2014NAM-OT03","","","","","","","","","UGP2014NAM-OT03-00723","","","","3","","2","4","7","1","3","0","0","0","0","0","0","","","","","","","0","0","0","","","","","0","","0","","0","","0","","","0","0","0","0","0","","","",""
"","","UGP2014NAM-OT03","","","","","","","","","UGP2014NAM-OT03-00724","","","","3","2","4","7","7","1","3","2","1","13","0.08","0.024","1.5","2","1","1","8","9","0.02","0.104","1.604","14","0.08","0.001846154","0.007428571","7","4.666666667","0.5","0.333333333","0.052","0.034666667","0.75","0.5","7.142857143","6.483790524","66.66666667","0.888888889","1.155555556","16.66666667","17.82222222","1.333333333","1.733333333","25","26.73333333"
"","","UGP2014NAM-OT03","","","","","","","","","UGP2014NAM-OT03-00725","","","","3","3","2","2","4","1","3","3","8","6","0.06","0.01","0.36","6","1","1","3","7","1.5","0.07","0.43","14","0.0075","0.001666667","0.005","4.666666667","4.666666667","2.666666667","2.666666667","0.023333333","0.023333333","0.12","0.12","57.14285714","16.27906977","100","0.666666667","0.777777778","4","4.777777778","0.666666667","0.777777778","4","4.777777778"
"","","UGP2014NAM-OT03","","","","","","","","","UGP2014NAM-OT03-00726","","","","3","3","2","3","8","1","2","3","11","10","0.38","0.24","3","2","1","1","3","7","0.15","0.62","3.62","21","0.034545455","0.024","0.02952381","7","7","3.666666667","3.666666667","0.206666667","0.206666667","1","1","52.38095238","17.12707182","100","4.222222222","6.888888889","33.33333333","40.22222222","4.222222222","6.888888889","33.33333333","40.22222222"
"","","UGP2014NAM-OT03","","","","","","","","","UGP2014NAM-OT03-00727","","","","3","","3","6","7","1","2","","0","0","0","0","5.5","","","","","","","0","5.5","0","","","","","0","","0","","0","","1.833333333","","0","","0","0","61.11111111","61.11111111","","","",""
"","","UGP2014NAM-OT03","","","","","","","","","UGP2014NAM-OT03-00728","","","","3","2","3","8","7","1","3","2","5","5","0.4","0.12","3.2","6","2","2","3","5","14.37","0.52","3.72","10","0.08","0.024","0.052","5","3.333333333","2.5","1.666666667","0.26","0.173333333","1.6","1.066666667","50","13.97849462","66.66666667","4.444444444","5.777777778","35.55555556","41.33333333","6.666666667","8.666666667","53.33333333","62"
"","","UGP2014NAM-OT03","","","","","","","","","UGP2014NAM-OT03-00729","","","","3","2","2","2","6","4","6","2","1","0","0.14","0","0.4","6","2","2","1","5","0.02","0.14","0.54","1","0.14","","0.14","0.5","0.333333333","0.5","0.333333333","0.07","0.046666667","0.2","0.133333333","100","25.92592593","66.66666667","1.555555556","1.555555556","4.444444444","6","2.333333333","2.333333333","6.666666667","9"
"","","UGP2014NAM-OT03","","","","","","","","","UGP2014NAM-OT03-00730","","","","3","3","2","3","7","3","6","3","5","0","4","0","4","8","2","2","4","1","0.12","4","8","5","0.8","","0.8","1.666666667","1.666666667","1.666666667","1.666666667","1.333333333","1.333333333","1.333333333","1.333333333","100","50","100","44.44444444","44.44444444","44.44444444","88.88888889","44.44444444","44.44444444","44.44444444","88.88888889"
"","","UGP2014NAM-OT03","","","","","","","","","UGP2014NAM-OT03-00731","","","","3","1","2","3","7","4","7","1","8","11","0.42","0.16","1.2","2","1","1","3","7","0","0.58","1.78","19","0.0525","0.014545455","0.030526316","19","6.333333333","8","2.666666667","0.58","0.193333333","1.2","0.4","42.10526316","32.58426966","33.33333333","4.666666667","6.444444444","13.33333333","19.77777778","14","19.33333333","40","59.33333333"
"","","UGP2014NAM-OT03","","","","","","","","","UGP2014NAM-OT03-00732","","","","3","3","2","3","5","1","2","3","0","0","0","0","3.1","","","","","","","0","3.1","0","","","","0","0","0","0","0","0","1.033333333","1.033333333","","0","100","0","0","34.44444444","34.44444444","0","0","34.44444444","34.44444444"
"","","UGP2014NAM-OT03","","","","","","","","","UGP2014NAM-OT03-00733","","","","3","2","1","3","7","1","2","2","0","0","0","0","2.2","","","","","","","0","2.2","0","","","","0","0","0","0","0","0","1.1","0.733333333","","0","66.66666667","0","0","24.44444444","24.44444444","0","0","36.66666667","36.66666667"
"","","UGP2014NAM-OT03","","","","","","","","","UGP2014NAM-OT03-00734","","","","3","2","1","5","8","1","2","2","1","4","0.1","0.04","3","8","1","1","8","7","0.15","0.14","3.14","5","0.1","0.01","0.028","2.5","1.666666667","0.5","0.333333333","0.07","0.046666667","1.5","1","20","4.458598726","66.66666667","1.111111111","1.555555556","33.33333333","34.88888889","1.666666667","2.333333333","50","52.33333333"
"","","UGP2014NAM-OT03","","","","","","","","","UGP2014NAM-OT03-00735","","","","3","0","","","","","","0","0","0","0","0","0","","","","","","","0","0","0","","","","","0","","0","","0","","0","","","0","0","0","0","0","","","",""
"","","UGP2014NAM-OT03","","","","","","","","","UGP2014NAM-OT03-00736","","","","3","3","2","2","4","1","7","3","0","0","0","0","1.5","","","","","","","0","1.5","0","","","","0","0","0","0","0","0","0.5","0.5","","0","100","0","0","16.66666667","16.66666667","0","0","16.66666667","16.66666667"
"","","UGP2014NAM-OT03","","","","","","","","","UGP2014NAM-OT03-00737","","","","3","3","2","3","9","1","2","3","0","0","0","0","4","","","","","","","0","4","0","","","","0","0","0","0","0","0","1.333333333","1.333333333","","0","100","0","0","44.44444444","44.44444444","0","0","44.44444444","44.44444444"
"","","UGP2014NAM-OT03","","","","","","","","","UGP2014NAM-OT03-00738","","","","3","0","","","","","","0","0","0","0","0","0","","","","","","","0","0","0","","","","","0","","0","","0","","0","","","0","0","0","0","0","","","",""
"","","UGP2014NAM-OT03","","","","","","","","","UGP2014NAM-OT03-00739","","","","3","2","2","3","5","3","6","2","0","0","0","0","2.2","","","","","","","0","2.2","0","","","","0","0","0","0","0","0","1.1","0.733333333","","0","66.66666667","0","0","24.44444444","24.44444444","0","0","36.66666667","36.66666667"
"","","UGP2014NAM-OT03","","","","","","","","","UGP2014NAM-OT03-00740","","","","3","2","1","4","6","1","3","2","0","0","0","0","4.3","","","","","","","0","4.3","0","","","","0","0","0","0","0","0","2.15","1.433333333","","0","66.66666667","0","0","47.77777778","47.77777778","0","0","71.66666667","71.66666667"
"","","UGP2014NAM-OT03","","","","","","","","","UGP2014NAM-OT03-00741","","","","3","0","","","","","","0","0","0","0","0","0","","","","","","","0","0","0","","","","","0","","0","","0","","0","","","0","0","0","0","0","","","",""
"","","UGP2014NAM-OT03","","","","","","","","","UGP2014NAM-OT03-00742","","","","3","2","1","3","8","1","2","2","1","0","0.12","0","2.2","2","1","1","3","7","0.02","0.12","2.32","1","0.12","","0.12","0.5","0.333333333","0.5","0.333333333","0.06","0.04","1.1","0.733333333","100","5.172413793","66.66666667","1.333333333","1.333333333","24.44444444","25.77777778","2","2","36.66666667","38.66666667"
"","","UGP2014NAM-OT03","","","","","","","","","UGP2014NAM-OT03-00743","","","","3","2","1","2","7","3","5","2","2","0","0.49","0","1.3","2","3","1","1","5","0","0.49","1.79","2","0.245","","0.245","1","0.666666667","1","0.666666667","0.245","0.163333333","0.65","0.433333333","100","27.37430168","66.66666667","5.444444444","5.444444444","14.44444444","19.88888889","8.166666667","8.166666667","21.66666667","29.83333333"
"","","UGP2014NAM-OT03","","","","","","","","","UGP2014NAM-OT03-00744","","","","3","2","1","2","6","4","7","2","1","0","0.46","0","0.4","2","1","1","4","3","1.65","0.46","0.86","1","0.46","","0.46","0.5","0.333333333","0.5","0.333333333","0.23","0.153333333","0.2","0.133333333","100","53.48837209","66.66666667","5.111111111","5.111111111","4.444444444","9.555555556","7.666666667","7.666666667","6.666666667","14.33333333"
"","","UGP2014NAM-OT03","","","","","","","","","UGP2014NAM-OT03-00745","","","","3","2","2","6","5","1","2","2","0","2","0","0.04","2","2","1","1","3","9","0","0.04","2.04","2","","0.02","0.02","1","0.666666667","0","0","0.02","0.013333333","1","0.666666667","0","1.960784314","66.66666667","0","0.444444444","22.22222222","22.66666667","0","0.666666667","33.33333333","34"
"","","UGP2014NAM-OT03","","","","","","","","","UGP2014NAM-OT03-00746","","","","3","1","2","2","5","2","4","1","1","2","0.018","0.06","1","2","1","1","3","5","0.02","0.078","1.078","3","0.018","0.03","0.026","3","1","1","0.333333333","0.078","0.026","1","0.333333333","33.33333333","7.235621521","33.33333333","0.2","0.866666667","11.11111111","11.97777778","0.6","2.6","33.33333333","35.93333333"
"","","UGP2014NAM-OT03","","","","","","","","","UGP2014NAM-OT03-00747","","","","3","3","2","2","8","1","3","3","4","5","0.68","0.1","5","2","4","2","4","3","0.02","0.78","5.78","9","0.17","0.02","0.086666667","3","3","1.333333333","1.333333333","0.26","0.26","1.666666667","1.666666667","44.44444444","13.49480969","100","7.555555556","8.666666667","55.55555556","64.22222222","7.555555556","8.666666667","55.55555556","64.22222222"
"","","UGP2014NAM-OT03","","","","","","","","","UGP2014NAM-OT03-00748","","","","3","3","5","9","7","1","2","3","8","4","0.9","0.2","3.5","2","1","1","2","3","3.03","1.1","4.6","12","0.1125","0.05","0.091666667","4","4","2.666666667","2.666666667","0.366666667","0.366666667","1.166666667","1.166666667","66.66666667","23.91304348","100","10","12.22222222","38.88888889","51.11111111","10","12.22222222","38.88888889","51.11111111"
"","","UGP2014NAM-OT03","","","","","","","","","UGP2014NAM-OT03-00749","","","","3","0","","","","","","0","0","0","0","0","0","","","","","","","0","0","0","","","","","0","","0","","0","","0","","","0","0","0","0","0","","","",""
"","","UGP2014NAM-OT03","","","","","","","","","UGP2014NAM-OT03-00750","","","","3","3","1","3","7","1","2","3","9","0","1.4","0","3","8","2","1","3","3","1.76","1.4","4.4","9","0.155555556","","0.155555556","3","3","3","3","0.466666667","0.466666667","1","1","100","31.81818182","100","15.55555556","15.55555556","33.33333333","48.88888889","15.55555556","15.55555556","33.33333333","48.88888889"
"","","UGP2014NAM-OT03","","","","","","","","","UGP2014NAM-OT03-00751","","","","3","1","1","2","5","2","4","1","0","0","0","0","1","","","","","","","0","1","0","","","","0","0","0","0","0","0","1","0.333333333","","0","33.33333333","0","0","11.11111111","11.11111111","0","0","33.33333333","33.33333333"
"","","UGP2014NAM-OT03","","","","","","","","","UGP2014NAM-OT03-00752","","","","3","2","1","6","6","1","3","2","2","2","0.36","0.01","5","2","2","1","5","3","0.02","0.37","5.37","4","0.18","0.005","0.0925","2","1.333333333","1","0.666666667","0.185","0.123333333","2.5","1.666666667","50","6.890130354","66.66666667","4","4.111111111","55.55555556","59.66666667","6","6.166666667","83.33333333","89.5"
"","","UGP2014NAM-OT03","","","","","","","","","UGP2014NAM-OT03-00753","","","","3","3","1","4","7","2","4","3","4","2","0.5","0.08","6.5","8","1","1","2","5","0.12","0.58","7.08","6","0.125","0.04","0.096666667","2","2","1.333333333","1.333333333","0.193333333","0.193333333","2.166666667","2.166666667","66.66666667","8.192090395","100","5.555555556","6.444444444","72.22222222","78.66666667","5.555555556","6.444444444","72.22222222","78.66666667"
"","","UGP2014NAM-OT03","","","","","","","","","UGP2014NAM-OT03-00754","","","","3","2","1","3","4","1","3","2","2","0","0.56","0","0.2","2","1","1","5","5","1.5","0.56","0.76","2","0.28","","0.28","1","0.666666667","1","0.666666667","0.28","0.186666667","0.1","0.066666667","100","73.68421053","66.66666667","6.222222222","6.222222222","2.222222222","8.444444444","9.333333333","9.333333333","3.333333333","12.66666667"
"","","UGP2014NAM-OT03","","","","","","","","","UGP2014NAM-OT03-00755","","","","3","3","3","6","8","1","2","3","8","8","0.9","0.28","2","2","1","1","2","3","4.41","1.18","3.18","16","0.1125","0.035","0.07375","5.333333333","5.333333333","2.666666667","2.666666667","0.393333333","0.393333333","0.666666667","0.666666667","50","37.10691824","100","10","13.11111111","22.22222222","35.33333333","10","13.11111111","22.22222222","35.33333333"
"","","UGP2014NAM-OT03","","","","","","","","","UGP2014NAM-OT03-00756","","","","3","2","3","6","6","1","2","2","4","4","0.4","0.14","7.2","9","1","1","2","5","0.15","0.54","7.74","8","0.1","0.035","0.0675","4","2.666666667","2","1.333333333","0.27","0.18","3.6","2.4","50","6.976744186","66.66666667","4.444444444","6","80","86","6.666666667","9","120","129"
"","","UGP2014NAM-OT03","","","","","","","","","UGP2014NAM-OT03-00757","","","","3","0","","","","","","0","0","0","0","0","0","","","","","","","0","0","0","","","","","0","","0","","0","","0","","","0","0","0","0","0","","","",""
"","","UGP2014NAM-OT03","","","","","","","","","UGP2014NAM-OT03-00758","","","","3","1","1","2","5","3","6","0","0","0","0","0","0","","","","","","","0","0","0","","","","","0","","0","","0","","0","","","0","0","0","0","0","","","",""
"","","UGP2014NAM-OT03","","","","","","","","","UGP2014NAM-OT03-00759","","","","3","3","2","4","5","1","3","3","2","9","0.4","0.14","3.2","2","1","1","3","5","0","0.54","3.74","11","0.2","0.015555556","0.049090909","3.666666667","3.666666667","0.666666667","0.666666667","0.18","0.18","1.066666667","1.066666667","18.18181818","14.43850267","100","4.444444444","6","35.55555556","41.55555556","4.444444444","6","35.55555556","41.55555556"
"","","UGP2014NAM-OT03","","","","","","","","","UGP2014NAM-OT03-00760","","","","3","3","3","6","5","1","3","3","3","2","0.36","0.06","3","2","3","1","4","5","0.02","0.42","3.42","5","0.12","0.03","0.084","1.666666667","1.666666667","1","1","0.14","0.14","1","1","60","12.28070175","100","4","4.666666667","33.33333333","38","4","4.666666667","33.33333333","38"
"","","UGP2014NAM-OT03","","","","","","","","","UGP2014NAM-OT03-00761","","","","3","3","1","2","6","1","3","3","0","0","0","0","3.5","","","","","","","0","3.5","0","","","","0","0","0","0","0","0","1.166666667","1.166666667","","0","100","0","0","38.88888889","38.88888889","0","0","38.88888889","38.88888889"
"","","UGP2014NAM-OT03","","","","","","","","","UGP2014NAM-OT03-00762","","","","3","2","3","6","7","1","3","2","3","2","0.56","0.08","6.5","9","1","1","8","3","0.12","0.64","7.14","5","0.186666667","0.04","0.128","2.5","1.666666667","1.5","1","0.32","0.213333333","3.25","2.166666667","60","8.963585434","66.66666667","6.222222222","7.111111111","72.22222222","79.33333333","9.333333333","10.66666667","108.3333333","119"
"","","UGP2014NAM-OT03","","","","","","","","","UGP2014NAM-OT03-00763","","","","3","2","3","6","8","1","2","2","0","0","0","0","9","","","","","","","0","9","0","","","","0","0","0","0","0","0","4.5","3","","0","66.66666667","0","0","100","100","0","0","150","150"
"","","UGP2014NAM-OT03","","","","","","","","","UGP2014NAM-OT03-00764","","","","3","3","1","2","7","1","3","3","2","0","0.28","0","2.5","9","1","1","2","5","0.02","0.28","2.78","2","0.14","","0.14","0.666666667","0.666666667","0.666666667","0.666666667","0.093333333","0.093333333","0.833333333","0.833333333","100","10.07194245","100","3.111111111","3.111111111","27.77777778","30.88888889","3.111111111","3.111111111","27.77777778","30.88888889"
"","","UGP2014NAM-OT03","","","","","","","","","UGP2014NAM-OT03-00765","","","","3","2","1","3","6","4","7","2","3","6","0.38","0.08","3","2","1","1","4","3","0.12","0.46","3.46","9","0.126666667","0.013333333","0.051111111","4.5","3","1.5","1","0.23","0.153333333","1.5","1","33.33333333","13.29479769","66.66666667","4.222222222","5.111111111","33.33333333","38.44444444","6.333333333","7.666666667","50","57.66666667"
"","","UGP2014NAM-OT03","","","","","","","","","UGP2014NAM-OT03-00766","","","","3","3","1","2","8","3","6","3","6","2","4.4","0.06","4.8","2","1","1","8","1","0.12","4.46","9.26","8","0.733333333","0.03","0.5575","2.666666667","2.666666667","2","2","1.486666667","1.486666667","1.6","1.6","75","48.16414687","100","48.88888889","49.55555556","53.33333333","102.8888889","48.88888889","49.55555556","53.33333333","102.8888889"
"","","UGP2014NAM-OT03","","","","","","","","","UGP2014NAM-OT03-00767","","","","3","3","2","3","5","1","3","3","1","7","0.2","0.12","0.4","6","1","1","8","7","7.76","0.32","0.72","8","0.2","0.017142857","0.04","2.666666667","2.666666667","0.333333333","0.333333333","0.106666667","0.106666667","0.133333333","0.133333333","12.5","44.44444444","100","2.222222222","3.555555556","4.444444444","8","2.222222222","3.555555556","4.444444444","8"
"","","UGP2014NAM-OT03","","","","","","","","","UGP2014NAM-OT03-00768","","","","3","2","1","7","5","4","7","2","6","0","1.08","0","1.6","2","2","1","1","3","0.12","1.08","2.68","6","0.18","","0.18","3","2","3","2","0.54","0.36","0.8","0.533333333","100","40.29850746","66.66666667","12","12","17.77777778","29.77777778","18","18","26.66666667","44.66666667"
"","","UGP2014NAM-OT03","","","","","","","","","UGP2014NAM-OT03-00769","","","","3","3","2","3","5","1","3","3","4","3","0.8","0.12","1.5","2","1","1","2","3","0.12","0.92","2.42","7","0.2","0.04","0.131428571","2.333333333","2.333333333","1.333333333","1.333333333","0.306666667","0.306666667","0.5","0.5","57.14285714","38.01652893","100","8.888888889","10.22222222","16.66666667","26.88888889","8.888888889","10.22222222","16.66666667","26.88888889"
"","","UGP2014NAM-OT03","","","","","","","","","UGP2014NAM-OT03-00770","","","","3","0","","","","","","0","0","0","0","0","0","","","","","","","0","0","0","","","","","0","","0","","0","","0","","","0","0","0","0","0","","","",""
"","","UGP2014NAM-OT03","","","","","","","","","UGP2014NAM-OT03-00771","","","","3","3","2","3","5","4","6","3","3","0","0.56","0","2.5","8","1","3","1","3","0.02","0.56","3.06","3","0.186666667","","0.186666667","1","1","1","1","0.186666667","0.186666667","0.833333333","0.833333333","100","18.30065359","100","6.222222222","6.222222222","27.77777778","34","6.222222222","6.222222222","27.77777778","34"
"","","UGP2014NAM-OT03","","","","","","","","","UGP2014NAM-OT03-00772","","","","3","2","2","3","5","1","2","2","2","0","0.52","0","1","2","1","2","1","3","0.12","0.52","1.52","2","0.26","","0.26","1","0.666666667","1","0.666666667","0.26","0.173333333","0.5","0.333333333","100","34.21052632","66.66666667","5.777777778","5.777777778","11.11111111","16.88888889","8.666666667","8.666666667","16.66666667","25.33333333"
"","","UGP2014NAM-OT03","","","","","","","","","UGP2014NAM-OT03-00773","","","","3","","2","4","5","2","4","","0","0","0","0","3","","","","","","","0","3","0","","","","","0","","0","","0","","1","","0","","0","0","33.33333333","33.33333333","","","",""
"","","UGP2014NAM-OT03","","","","","","","","","UGP2014NAM-OT03-00774","","","","3","3","1","3","8","3","6","3","1","0","0.32","0","4","2","1","1","1","1","0.12","0.32","4.32","1","0.32","","0.32","0.333333333","0.333333333","0.333333333","0.333333333","0.106666667","0.106666667","1.333333333","1.333333333","100","7.407407407","100","3.555555556","3.555555556","44.44444444","48","3.555555556","3.555555556","44.44444444","48"
"","","UGP2014NAM-OT03","","","","","","","","","UGP2014NAM-OT03-00775","","","","3","0","","","","","","0","0","0","0","0","0","","","","","","","0","0","0","","","","","0","","0","","0","","0","","","0","0","0","0","0","","","",""
"","","UGP2014NAM-OT03","","","","","","","","","UGP2014NAM-OT03-00776","","","","3","2","1","2","5","4","7","2","0","0","0","0","1","","","","","","","0","1","0","","","","0","0","0","0","0","0","0.5","0.333333333","","0","66.66666667","0","0","11.11111111","11.11111111","0","0","16.66666667","16.66666667"
"","","UGP2014NAM-OT03","","","","","","","","","UGP2014NAM-OT03-00777","","","","3","3","1","3","5","3","6","3","3","1","0.56","0.14","0.2","2","2","1","3","3","0.12","0.7","0.9","4","0.186666667","0.14","0.175","1.333333333","1.333333333","1","1","0.233333333","0.233333333","0.066666667","0.066666667","75","77.77777778","100","6.222222222","7.777777778","2.222222222","10","6.222222222","7.777777778","2.222222222","10"
"","","UGP2014NAM-OT03","","","","","","","","","UGP2014NAM-OT03-00778","","","","3","2","1","2","7","3","6","2","2","0","0.58","0","0.1","2","1","1","1","3","0.02","0.58","0.68","2","0.29","","0.29","1","0.666666667","1","0.666666667","0.29","0.193333333","0.05","0.033333333","100","85.29411765","66.66666667","6.444444444","6.444444444","1.111111111","7.555555556","9.666666667","9.666666667","1.666666667","11.33333333"
"","","UGP2014NAM-OT03","","","","","","","","","UGP2014NAM-OT03-00779","","","","3","3","1","3","7","1","3","3","3","2","0.38","0.02","2","2","1","1","2","5","0.15","0.4","2.4","5","0.126666667","0.01","0.08","1.666666667","1.666666667","1","1","0.133333333","0.133333333","0.666666667","0.666666667","60","16.66666667","100","4.222222222","4.444444444","22.22222222","26.66666667","4.222222222","4.444444444","22.22222222","26.66666667"
"","","UGP2014NAM-OT03","","","","","","","","","UGP2014NAM-OT03-00780","","","","3","2","2","2","6","1","3","2","8","13","0.88","0.28","5","6","2","1","9","3","3.96","1.16","6.16","21","0.11","0.021538462","0.055238095","10.5","7","4","2.666666667","0.58","0.386666667","2.5","1.666666667","38.0952381","18.83116883","66.66666667","9.777777778","12.88888889","55.55555556","68.44444444","14.66666667","19.33333333","83.33333333","102.6666667"
"","","UGP2014NAM-OT03","","","","","","","","","UGP2014NAM-OT03-00781","","","","3","0","","","","","","0","0","0","0","0","0","","","","","","","0","0","0","","","","","0","","0","","0","","0","","","0","0","0","0","0","","","",""
"","","UGP2014NAM-OT03","","","","","","","","","UGP2014NAM-OT03-00782","","","","3","2","2","3","5","3","5","2","2","0","0.12","0","1.5","8","1","1","2","9","0","0.12","1.62","2","0.06","","0.06","1","0.666666667","1","0.666666667","0.06","0.04","0.75","0.5","100","7.407407407","66.66666667","1.333333333","1.333333333","16.66666667","18","2","2","25","27"
"","","UGP2014NAM-OT03","","","","","","","","","UGP2014NAM-OT03-00783","","","","3","2","2","2","5","3","6","2","0","0","0","0","0.12","","","","","","","0","0.12","0","","","","0","0","0","0","0","0","0.06","0.04","","0","66.66666667","0","0","1.333333333","1.333333333","0","0","2","2"
"","","UGP2014NAM-OT03","","","","","","","","","UGP2014NAM-OT03-00784","","","","3","3","2","2","6","4","6","3","0","0","0","0","1","","","","","","","0","1","0","","","","0","0","0","0","0","0","0.333333333","0.333333333","","0","100","0","0","11.11111111","11.11111111","0","0","11.11111111","11.11111111"
"","","UGP2014NAM-OT03","","","","","","","","","UGP2014NAM-OT03-00785","","","","3","3","1","2","7","1","2","3","2","3","0.38","0.1","2.5","8","1","1","8","5","0","0.48","2.98","5","0.19","0.033333333","0.096","1.666666667","1.666666667","0.666666667","0.666666667","0.16","0.16","0.833333333","0.833333333","40","16.10738255","100","4.222222222","5.333333333","27.77777778","33.11111111","4.222222222","5.333333333","27.77777778","33.11111111"
"","","UGP2014NAM-OT03","","","","","","","","","UGP2014NAM-OT03-00786","","","","3","1","1","6","5","2","4","1","0","0","0","0","1","","","","","","","0","1","0","","","","0","0","0","0","0","0","1","0.333333333","","0","33.33333333","0","0","11.11111111","11.11111111","0","0","33.33333333","33.33333333"
"","","UGP2014NAM-OT03","","","","","","","","","UGP2014NAM-OT03-00787","","","","3","3","2","3","6","3","6","3","2","3","0.28","0.08","1.5","8","2","4","3","5","0.02","0.36","1.86","5","0.14","0.026666667","0.072","1.666666667","1.666666667","0.666666667","0.666666667","0.12","0.12","0.5","0.5","40","19.35483871","100","3.111111111","4","16.66666667","20.66666667","3.111111111","4","16.66666667","20.66666667"
"","","UGP2014NAM-OT03","","","","","","","","","UGP2014NAM-OT03-00788","","","","3","1","1","2","4","4","7","1","0","1","0","0.04","0.08","8","1","1","1","9","0.15","0.04","0.12","1","","0.04","0.04","1","0.333333333","0","0","0.04","0.013333333","0.08","0.026666667","0","33.33333333","33.33333333","0","0.444444444","0.888888889","1.333333333","0","1.333333333","2.666666667","4"
"","","UGP2014NAM-OT03","","","","","","","","","UGP2014NAM-OT03-00789","","","","3","2","1","3","8","1","2","2","1","22","0.22","0.42","1.5","9","1","1","2","7","0","0.64","2.14","23","0.22","0.019090909","0.027826087","11.5","7.666666667","0.5","0.333333333","0.32","0.213333333","0.75","0.5","4.347826087","29.90654206","66.66666667","2.444444444","7.111111111","16.66666667","23.77777778","3.666666667","10.66666667","25","35.66666667"
"","","UGP2014NAM-OT03","","","","","","","","","UGP2014NAM-OT03-00790","","","","3","2","2","6","5","1","2","2","0","10","0","0.18","4","8","2","2","9","9","0.02","0.18","4.18","10","","0.018","0.018","5","3.333333333","0","0","0.09","0.06","2","1.333333333","0","4.306220096","66.66666667","0","2","44.44444444","46.44444444","0","3","66.66666667","69.66666667"
"","","UGP2014NAM-OT03","","","","","","","","","UGP2014NAM-OT03-00791","","","","3","2","1","2","5","1","3","2","0","0","0","0","1.7","","","","","","","0","1.7","0","","","","0","0","0","0","0","0","0.85","0.566666667","","0","66.66666667","0","0","18.88888889","18.88888889","0","0","28.33333333","28.33333333"
"","","UGP2014NAM-OT03","","","","","","","","","UGP2014NAM-OT03-00792","","","","3","2","1","2","6","1","3","2","4","2","0.3","0.04","7","2","1","1","2","5","0","0.34","7.34","6","0.075","0.02","0.056666667","3","2","2","1.333333333","0.17","0.113333333","3.5","2.333333333","66.66666667","4.632152589","66.66666667","3.333333333","3.777777778","77.77777778","81.55555556","5","5.666666667","116.6666667","122.3333333"
"","","UGP2014NAM-OT03","","","","","","","","","UGP2014NAM-OT03-00793","","","","3","3","1","2","5","2","4","3","0","0","0","0","2.7","","","","","","","0","2.7","0","","","","0","0","0","0","0","0","0.9","0.9","","0","100","0","0","30","30","0","0","30","30"
"","","UGP2014NAM-OT03","","","","","","","","","UGP2014NAM-OT03-00794","","","","3","2","1","2","5","3","6","2","2","0","0.5","0","1.5","8","1","1","4","3","0.12","0.5","2","2","0.25","","0.25","1","0.666666667","1","0.666666667","0.25","0.166666667","0.75","0.5","100","25","66.66666667","5.555555556","5.555555556","16.66666667","22.22222222","8.333333333","8.333333333","25","33.33333333"
"","","UGP2014NAM-OT03","","","","","","","","","UGP2014NAM-OT03-00795","","","","3","2","3","4","5","3","6","2","2","0","1.4","0","2.5","2","1","1","2","3","0.12","1.4","3.9","2","0.7","","0.7","1","0.666666667","1","0.666666667","0.7","0.466666667","1.25","0.833333333","100","35.8974359","66.66666667","15.55555556","15.55555556","27.77777778","43.33333333","23.33333333","23.33333333","41.66666667","65"
"","","UGP2014NAM-OT03","","","","","","","","","UGP2014NAM-OT03-00796","","","","3","2","1","3","5","2","6","2","2","3","0.18","0.08","1.5","8","2","1","8","7","0","0.26","1.76","5","0.09","0.026666667","0.052","2.5","1.666666667","1","0.666666667","0.13","0.086666667","0.75","0.5","40","14.77272727","66.66666667","2","2.888888889","16.66666667","19.55555556","3","4.333333333","25","29.33333333"
"","","UGP2014NAM-OT03","","","","","","","","","UGP2014NAM-OT03-00797","","","","3","3","1","6","9","1","3","3","4","4","0.4","0.04","5.5","9","1","1","2","5","0.12","0.44","5.94","8","0.1","0.01","0.055","2.666666667","2.666666667","1.333333333","1.333333333","0.146666667","0.146666667","1.833333333","1.833333333","50","7.407407407","100","4.444444444","4.888888889","61.11111111","66","4.444444444","4.888888889","61.11111111","66"
"","","UGP2014NAM-OT03","","","","","","","","","UGP2014NAM-OT03-00798","","","","3","1","1","2","5","1","2","1","0","2","0","0.04","1.6","9","1","1","2","9","0.12","0.04","1.64","2","","0.02","0.02","2","0.666666667","0","0","0.04","0.013333333","1.6","0.533333333","0","2.43902439","33.33333333","0","0.444444444","17.77777778","18.22222222","0","1.333333333","53.33333333","54.66666667"
"","","UGP2014NAM-OT03","","","","","","","","","UGP2014NAM-OT03-00799","","","","3","2","1","2","4","3","6","2","0","0","0","0","0.36","","","","","","","0","0.36","0","","","","0","0","0","0","0","0","0.18","0.12","","0","66.66666667","0","0","4","4","0","0","6","6"
"","","UGP2014NAM-OT03","","","","","","","","","UGP2014NAM-OT03-00800","","","","3","1","1","2","5","2","6","1","2","4","0.18","0.08","0.4","2","1","1","4","7","3.03","0.26","0.66","6","0.09","0.02","0.043333333","6","2","2","0.666666667","0.26","0.086666667","0.4","0.133333333","33.33333333","39.39393939","33.33333333","2","2.888888889","4.444444444","7.333333333","6","8.666666667","13.33333333","22"
"","","UGP2014NAM-OT03","","","","","","","","","UGP2014NAM-OT03-00801","","","","3","3","1","3","6","3","6","3","3","3","0.32","0.04","1","9","1","1","4","7","0","0.36","1.36","6","0.106666667","0.013333333","0.06","2","2","1","1","0.12","0.12","0.333333333","0.333333333","50","26.47058824","100","3.555555556","4","11.11111111","15.11111111","3.555555556","4","11.11111111","15.11111111"
"","","UGP2014NAM-OT03","","","","","","","","","UGP2014NAM-OT03-00802","","","","3","3","1","3","7","3","6","3","3","8","0.2","0.24","3","8","1","1","3","7","0.12","0.44","3.44","11","0.066666667","0.03","0.04","3.666666667","3.666666667","1","1","0.146666667","0.146666667","1","1","27.27272727","12.79069767","100","2.222222222","4.888888889","33.33333333","38.22222222","2.222222222","4.888888889","33.33333333","38.22222222"
"","","UGP2014NAM-OT03","","","","","","","","","UGP2014NAM-OT03-00803","","","","3","1","1","2","7","2","4","1","2","0","0.68","0","0.4","6","2","1","9","3","0.12","0.68","1.08","2","0.34","","0.34","2","0.666666667","2","0.666666667","0.68","0.226666667","0.4","0.133333333","100","62.96296296","33.33333333","7.555555556","7.555555556","4.444444444","12","22.66666667","22.66666667","13.33333333","36"
"","","UGP2014NAM-OT03","","","","","","","","","UGP2014NAM-OT03-00804","","","","3","1","2","3","9","2","3","1","0","0","0","0","1.1","","","","","","","0","1.1","0","","","","0","0","0","0","0","0","1.1","0.366666667","","0","33.33333333","0","0","12.22222222","12.22222222","0","0","36.66666667","36.66666667"
"","","UGP2014NAM-OT03","","","","","","","","","UGP2014NAM-OT03-00805","","","","3","2","2","3","5","2","2","2","0","0","0","0","0.2","","","","","","","0","0.2","0","","","","0","0","0","0","0","0","0.1","0.066666667","","0","66.66666667","0","0","2.222222222","2.222222222","0","0","3.333333333","3.333333333"
"","","UGP2014NAM-OT03","","","","","","","","","UGP2014NAM-OT03-00806","","","","3","0","","","","","","0","0","0","0","0","0","","","","","","","0","0","0","","","","","0","","0","","0","","0","","","0","0","0","0","0","","","",""
"","","UGP2014NAM-OT03","","","","","","","","","UGP2014NAM-OT03-00807","","","","3","2","2","3","6","4","6","2","6","2","0.64","0.08","1","8","2","1","4","5","3.03","0.72","1.72","8","0.106666667","0.04","0.09","4","2.666666667","3","2","0.36","0.24","0.5","0.333333333","75","41.86046512","66.66666667","7.111111111","8","11.11111111","19.11111111","10.66666667","12","16.66666667","28.66666667"
"","","UGP2014NAM-OT03","","","","","","","","","UGP2014NAM-OT03-00808","","","","3","0","","","","","","0","0","0","0","0","0","","","","","","","0","0","0","","","","","0","","0","","0","","0","","","0","0","0","0","0","","","",""
"","","UGP2014NAM-OT03","","","","","","","","","UGP2014NAM-OT03-00809","","","","3","2","1","4","9","1","2","2","4","1","0.96","0.04","3","8","1","1","5","3","0.02","1","4","5","0.24","0.04","0.2","2.5","1.666666667","2","1.333333333","0.5","0.333333333","1.5","1","80","25","66.66666667","10.66666667","11.11111111","33.33333333","44.44444444","16","16.66666667","50","66.66666667"
"","","UGP2014NAM-OT03","","","","","","","","","UGP2014NAM-OT03-00810","","","","3","2","1","3","6","2","4","2","2","0","0.18","0","3.5","6","1","1","2","7","0.12","0.18","3.68","2","0.09","","0.09","1","0.666666667","1","0.666666667","0.09","0.06","1.75","1.166666667","100","4.891304348","66.66666667","2","2","38.88888889","40.88888889","3","3","58.33333333","61.33333333"
"","","UGP2014NAM-OT03","","","","","","","","","UGP2014NAM-OT03-00811","","","","3","3","2","2","7","2","4","3","2","1","0.6","0.01","3","2","1","1","4","3","0","0.61","3.61","3","0.3","0.01","0.203333333","1","1","0.666666667","0.666666667","0.203333333","0.203333333","1","1","66.66666667","16.89750693","100","6.666666667","6.777777778","33.33333333","40.11111111","6.666666667","6.777777778","33.33333333","40.11111111"
"","","UGP2014NAM-OT03","","","","","","","","","UGP2014NAM-OT03-00812","","","","3","3","1","7","8","1","2","3","3","3","0.28","0.08","3.2","2","1","1","2","5","0","0.36","3.56","6","0.093333333","0.026666667","0.06","2","2","1","1","0.12","0.12","1.066666667","1.066666667","50","10.11235955","100","3.111111111","4","35.55555556","39.55555556","3.111111111","4","35.55555556","39.55555556"
"","","UGP2014NAM-OT03","","","","","","","","","UGP2014NAM-OT03-00813","","","","3","2","1","2","5","1","4","2","0","0","0","0","2.5","","","","","","","0","2.5","0","","","","0","0","0","0","0","0","1.25","0.833333333","","0","66.66666667","0","0","27.77777778","27.77777778","0","0","41.66666667","41.66666667"
"","","UGP2014NAM-OT03","","","","","","","","","UGP2014NAM-OT03-00814","","","","3","3","1","2","6","3","3","3","12","2","3","0.08","4.5","8","2","2","1","3","0","3.08","7.58","14","0.25","0.04","0.22","4.666666667","4.666666667","4","4","1.026666667","1.026666667","1.5","1.5","85.71428571","40.63324538","100","33.33333333","34.22222222","50","84.22222222","33.33333333","34.22222222","50","84.22222222"
"","","UGP2014NAM-OT03","","","","","","","","","UGP2014NAM-OT03-00815","","","","3","3","3","6","7","6","3","3","9","4","1.8","0.12","4","9","1","1","2","3","0","1.92","5.92","13","0.2","0.03","0.147692308","4.333333333","4.333333333","3","3","0.64","0.64","1.333333333","1.333333333","69.23076923","32.43243243","100","20","21.33333333","44.44444444","65.77777778","20","21.33333333","44.44444444","65.77777778"
"","","UGP2014NAM-OT03","","","","","","","","","UGP2014NAM-OT03-00816","","","","3","2","1","2","5","1","3","2","0","0","0","0","0.16","","","","","","","0","0.16","0","","","","0","0","0","0","0","0","0.08","0.053333333","","0","66.66666667","0","0","1.777777778","1.777777778","0","0","2.666666667","2.666666667"
"","","UGP2014NAM-OT03","","","","","","","","","UGP2014NAM-OT03-00817","","","","3","2","3","6","7","1","3","2","4","2","0.48","0.04","2.5","9","1","1","2","3","0","0.52","3.02","6","0.12","0.02","0.086666667","3","2","2","1.333333333","0.26","0.173333333","1.25","0.833333333","66.66666667","17.21854305","66.66666667","5.333333333","5.777777778","27.77777778","33.55555556","8","8.666666667","41.66666667","50.33333333"
"","","UGP2014NAM-OT03","","","","","","","","","UGP2014NAM-OT03-00818","","","","3","1","1","3","5","2","2","1","1","1","0.18","0.01","1.5","2","1","1","4","5","0.12","0.19","1.69","2","0.18","0.01","0.095","2","0.666666667","1","0.333333333","0.19","0.063333333","1.5","0.5","50","11.24260355","33.33333333","2","2.111111111","16.66666667","18.77777778","6","6.333333333","50","56.33333333"
"","","UGP2014NAM-OT03","","","","","","","","","UGP2014NAM-OT03-00819","","","","3","1","2","3","5","1","2","1","0","2","0","0.05","0.5","8","1","1","4","9","0.12","0.05","0.55","2","","0.025","0.025","2","0.666666667","0","0","0.05","0.016666667","0.5","0.166666667","0","9.090909091","33.33333333","0","0.555555556","5.555555556","6.111111111","0","1.666666667","16.66666667","18.33333333"
"","","UGP2014NAM-OT03","","","","","","","","","UGP2014NAM-OT03-00820","","","","3","3","1","2","6","3","4","3","0","0","0","0","8.5","","","","","","","0","8.5","0","","","","0","0","0","0","0","0","2.833333333","2.833333333","","0","100","0","0","94.44444444","94.44444444","0","0","94.44444444","94.44444444"
"","","UGP2014NAM-OT03","","","","","","","","","UGP2014NAM-OT03-00821","","","","3","3","1","3","7","2","3","3","14","7","2.5","0.18","4","8","1","1","8","3","1.5","2.68","6.68","21","0.178571429","0.025714286","0.127619048","7","7","4.666666667","4.666666667","0.893333333","0.893333333","1.333333333","1.333333333","66.66666667","40.11976048","100","27.77777778","29.77777778","44.44444444","74.22222222","27.77777778","29.77777778","44.44444444","74.22222222"
"","","UGP2014NAM-OT03","","","","","","","","","UGP2014NAM-OT03-00822","","","","3","1","1","3","7","2","3","1","1","3","0.18","0.08","4.7","2","1","1","4","5","0","0.26","4.96","4","0.18","0.026666667","0.065","4","1.333333333","1","0.333333333","0.26","0.086666667","4.7","1.566666667","25","5.241935484","33.33333333","2","2.888888889","52.22222222","55.11111111","6","8.666666667","156.6666667","165.3333333"
"","","UGP2014NAM-OT03","","","","","","","","","UGP2014NAM-OT03-00823","","","","3","2","1","2","6","2","5","2","3","3","1.38","0.1","2.5","2","2","2","9","3","0.02","1.48","3.98","6","0.46","0.033333333","0.246666667","3","2","1.5","1","0.74","0.493333333","1.25","0.833333333","50","37.18592965","66.66666667","15.33333333","16.44444444","27.77777778","44.22222222","23","24.66666667","41.66666667","66.33333333"
"","","UGP2014NAM-OT03","","","","","","","","","UGP2014NAM-OT03-00824","","","","3","2","3","6","5","3","7","2","0","0","0","0","0.5","","","","","","","0","0.5","0","","","","0","0","0","0","0","0","0.25","0.166666667","","0","66.66666667","0","0","5.555555556","5.555555556","0","0","8.333333333","8.333333333"
"","","UGP2014NAM-OT03","","","","","","","","","UGP2014NAM-OT03-00825","","","","3","1","3","4","5","1","3","1","0","0","0","0","5","","","","","","","0","5","0","","","","0","0","0","0","0","0","5","1.666666667","","0","33.33333333","0","0","55.55555556","55.55555556","0","0","166.6666667","166.6666667"
"","","UGP2014NAM-OT03","","","","","","","","","UGP2014NAM-OT03-00826","","","","3","3","3","6","8","1","3","3","3","0","0.8","0","4.3","2","1","1","5","3","0.12","0.8","5.1","3","0.266666667","","0.266666667","1","1","1","1","0.266666667","0.266666667","1.433333333","1.433333333","100","15.68627451","100","8.888888889","8.888888889","47.77777778","56.66666667","8.888888889","8.888888889","47.77777778","56.66666667"
"","","UGP2014NAM-OT03","","","","","","","","","UGP2014NAM-OT03-00827","","","","3","3","1","2","7","3","6","3","2","0","0.5","0","3","2","1","1","4","3","0.12","0.5","3.5","2","0.25","","0.25","0.666666667","0.666666667","0.666666667","0.666666667","0.166666667","0.166666667","1","1","100","14.28571429","100","5.555555556","5.555555556","33.33333333","38.88888889","5.555555556","5.555555556","33.33333333","38.88888889"
"","","UGP2014NAM-OT03","","","","","","","","","UGP2014NAM-OT03-00828","","","","3","3","1","3","6","1","3","3","0","0","0","0","4.5","","","","","","","0","4.5","0","","","","0","0","0","0","0","0","1.5","1.5","","0","100","0","0","50","50","0","0","50","50"
"","","UGP2014NAM-OT03","","","","","","","","","UGP2014NAM-OT03-00829","","","","3","2","2","2","5","3","8","2","2","1","0.2","0.04","0.12","8","1","1","1","7","10.5","0.24","0.36","3","0.1","0.04","0.08","1.5","1","1","0.666666667","0.12","0.08","0.06","0.04","66.66666667","66.66666667","66.66666667","2.222222222","2.666666667","1.333333333","4","3.333333333","4","2","6"
"","","UGP2014NAM-OT03","","","","","","","","","UGP2014NAM-OT03-00830","","","","3","3","2","7","5","3","7","3","0","0","0","0","2.6","","","","","","","0","2.6","0","","","","0","0","0","0","0","0","0.866666667","0.866666667","","0","100","0","0","28.88888889","28.88888889","0","0","28.88888889","28.88888889"
"","","UGP2014NAM-OT03","","","","","","","","","UGP2014NAM-OT03-00831","","","","3","0","","","","","","0","0","0","0","0","0","","","","","","","0","0","0","","","","","0","","0","","0","","0","","","0","0","0","0","0","","","",""
"","","UGP2014NAM-OT03","","","","","","","","","UGP2014NAM-OT03-00832","","","","3","2","1","3","5","3","6","2","1","1","0.08","0.01","3.3","2","1","1","2","9","0.12","0.09","3.39","2","0.08","0.01","0.045","1","0.666666667","0.5","0.333333333","0.045","0.03","1.65","1.1","50","2.654867257","66.66666667","0.888888889","1","36.66666667","37.66666667","1.333333333","1.5","55","56.5"
"","","UGP2014NAM-OT03","","","","","","","","","UGP2014NAM-OT03-00833","","","","3","1","2","3","6","4","7","1","1","0","0.38","0","1","2","2","1","5","3","0","0.38","1.38","1","0.38","","0.38","1","0.333333333","1","0.333333333","0.38","0.126666667","1","0.333333333","100","27.53623188","33.33333333","4.222222222","4.222222222","11.11111111","15.33333333","12.66666667","12.66666667","33.33333333","46"
"","","UGP2014NAM-OT03","","","","","","","","","UGP2014NAM-OT03-00834","","","","3","3","1","2","9","1","3","3","0","1","0","0.01","8","8","1","1","9","9","0","0.01","8.01","1","","0.01","0.01","0.333333333","0.333333333","0","0","0.003333333","0.003333333","2.666666667","2.666666667","0","0.124843945","100","0","0.111111111","88.88888889","89","0","0.111111111","88.88888889","89"
"","","UGP2014NAM-OT03","","","","","","","","","UGP2014NAM-OT03-00835","","","","3","3","2","2","8","1","2","3","0","0","0","0","4","","","","","","","0","4","0","","","","0","0","0","0","0","0","1.333333333","1.333333333","","0","100","0","0","44.44444444","44.44444444","0","0","44.44444444","44.44444444"
"","","UGP2014NAM-OT03","","","","","","","","","UGP2014NAM-OT03-00836","","","","3","1","2","3","5","3","6","1","0","0","0","0","3.5","","","","","","","0","3.5","0","","","","0","0","0","0","0","0","3.5","1.166666667","","0","33.33333333","0","0","38.88888889","38.88888889","0","0","116.6666667","116.6666667"
"","","UGP2014NAM-OT03","","","","","","","","","UGP2014NAM-OT03-00837","","","","3","2","2","2","7","2","3","2","1","11","0.12","0.24","1.5","2","1","1","9","9","0","0.36","1.86","12","0.12","0.021818182","0.03","6","4","0.5","0.333333333","0.18","0.12","0.75","0.5","8.333333333","19.35483871","66.66666667","1.333333333","4","16.66666667","20.66666667","2","6","25","31"
"","","UGP2014NAM-OT03","","","","","","","","","UGP2014NAM-OT03-00838","","","","3","1","1","3","9","2","3","1","8","10","1.38","0.3","5.5","8","1","1","8","5","0.02","1.68","7.18","18","0.1725","0.03","0.093333333","18","6","8","2.666666667","1.68","0.56","5.5","1.833333333","44.44444444","23.39832869","33.33333333","15.33333333","18.66666667","61.11111111","79.77777778","46","56","183.3333333","239.3333333"
"","","UGP2014NAM-OT03","","","","","","","","","UGP2014NAM-OT03-00839","","","","3","2","1","6","7","3","5","2","0","0","0","0","2","","","","","","","0","2","0","","","","0","0","0","0","0","0","1","0.666666667","","0","66.66666667","0","0","22.22222222","22.22222222","0","0","33.33333333","33.33333333"
"","","UGP2014NAM-OT03","","","","","","","","","UGP2014NAM-OT03-00840","","","","3","3","1","3","8","3","4","3","2","0","0.28","0","9.5","2","1","1","3","5","0.12","0.28","9.78","2","0.14","","0.14","0.666666667","0.666666667","0.666666667","0.666666667","0.093333333","0.093333333","3.166666667","3.166666667","100","2.862985685","100","3.111111111","3.111111111","105.5555556","108.6666667","3.111111111","3.111111111","105.5555556","108.6666667"
"","","UGP2014NAM-OT03","","","","","","","","","UGP2014NAM-OT03-00841","","","","3","0","","","","","","0","0","0","0","0","0","","","","","","","0","0","0","","","","","0","","0","","0","","0","","","0","0","0","0","0","","","",""
"","","UGP2014NAM-OT03","","","","","","","","","UGP2014NAM-OT03-00842","","","","3","1","2","6","8","1","3","1","1","0","0.24","0","2","6","1","1","2","5","0.12","0.24","2.24","1","0.24","","0.24","1","0.333333333","1","0.333333333","0.24","0.08","2","0.666666667","100","10.71428571","33.33333333","2.666666667","2.666666667","22.22222222","24.88888889","8","8","66.66666667","74.66666667"
"","","UGP2014NAM-OT03","","","","","","","","","UGP2014NAM-OT03-00843","","","","3","2","1","3","8","1","3","2","3","0","0.18","0","3","8","1","1","8","7","0.12","0.18","3.18","3","0.06","","0.06","1.5","1","1.5","1","0.09","0.06","1.5","1","100","5.660377358","66.66666667","2","2","33.33333333","35.33333333","3","3","50","53"
"","","UGP2014NAM-OT03","","","","","","","","","UGP2014NAM-OT03-00844","","","","3","1","1","3","7","3","4","1","0","0","0","0","3.2","","","","","","","0","3.2","0","","","","0","0","0","0","0","0","3.2","1.066666667","","0","33.33333333","0","0","35.55555556","35.55555556","0","0","106.6666667","106.6666667"
"","","UGP2014NAM-OT03","","","","","","","","","UGP2014NAM-OT03-00845","","","","3","1","3","6","6","2","3","1","0","0","0","0","3.4","","","","","","","0","3.4","0","","","","0","0","0","0","0","0","3.4","1.133333333","","0","33.33333333","0","0","37.77777778","37.77777778","0","0","113.3333333","113.3333333"
"","","UGP2014NAM-OT03","","","","","","","","","UGP2014NAM-OT03-00846","","","","3","1","3","6","7","1","3","1","0","0","0","0","2.5","","","","","","","0","2.5","0","","","","0","0","0","0","0","0","2.5","0.833333333","","0","33.33333333","0","0","27.77777778","27.77777778","0","0","83.33333333","83.33333333"
"","","UGP2014NAM-OT03","","","","","","","","","UGP2014NAM-OT03-00847","","","","3","1","3","6","7","2","3","1","8","4","1.64","0.16","4.7","2","1","1","5","3","0","1.8","6.5","12","0.205","0.04","0.15","12","4","8","2.666666667","1.8","0.6","4.7","1.566666667","66.66666667","27.69230769","33.33333333","18.22222222","20","52.22222222","72.22222222","54.66666667","60","156.6666667","216.6666667"
"","","UGP2014NAM-OT03","","","","","","","","","UGP2014NAM-OT03-00848","","","","3","1","1","2","8","2","3","1","14","15","2","0.4","3.5","8","1","1","3","5","0.15","2.4","5.9","29","0.142857143","0.026666667","0.082758621","29","9.666666667","14","4.666666667","2.4","0.8","3.5","1.166666667","48.27586207","40.6779661","33.33333333","22.22222222","26.66666667","38.88888889","65.55555556","66.66666667","80","116.6666667","196.6666667"
"","","UGP2014NAM-OT03","","","","","","","","","UGP2014NAM-OT03-00849","","","","3","0","","","","","","0","0","0","0","0","0","","","","","","","0","0","0","","","","","0","","0","","0","","0","","","0","0","0","0","0","","","",""
"","","UGP2014NAM-OT03","","","","","","","","","UGP2014NAM-OT03-00850","","","","3","2","1","2","5","1","2","2","1","0","0.28","0","0.28","2","1","1","1","3","0.15","0.28","0.56","1","0.28","","0.28","0.5","0.333333333","0.5","0.333333333","0.14","0.093333333","0.14","0.093333333","100","50","66.66666667","3.111111111","3.111111111","3.111111111","6.222222222","4.666666667","4.666666667","4.666666667","9.333333333"
"","","UGP2014NAM-OT03","","","","","","","","","UGP2014NAM-OT03-00851","","","","3","2","1","3","9","2","3","2","0","0","0","0","3.5","","","","","","","0","3.5","0","","","","0","0","0","0","0","0","1.75","1.166666667","","0","66.66666667","0","0","38.88888889","38.88888889","0","0","58.33333333","58.33333333"
"","","UGP2014NAM-OT03","","","","","","","","","UGP2014NAM-OT03-00852","","","","3","3","1","7","8","2","4","3","4","6","0.28","0.2","2.6","2","2","1","2","7","0.12","0.48","3.08","10","0.07","0.033333333","0.048","3.333333333","3.333333333","1.333333333","1.333333333","0.16","0.16","0.866666667","0.866666667","40","15.58441558","100","3.111111111","5.333333333","28.88888889","34.22222222","3.111111111","5.333333333","28.88888889","34.22222222"
"","","UGP2014NAM-OT03","","","","","","","","","UGP2014NAM-OT03-00853","","","","3","2","1","2","5","3","7","2","0","0","0","0","0.3","","","","","","","0","0.3","0","","","","0","0","0","0","0","0","0.15","0.1","","0","66.66666667","0","0","3.333333333","3.333333333","0","0","5","5"
"","","UGP2014NAM-OT03","","","","","","","","","UGP2014NAM-OT03-00854","","","","3","1","1","4","5","3","7","1","2","2","0.12","0.08","0.7","9","1","1","3","7","0.15","0.2","0.9","4","0.06","0.04","0.05","4","1.333333333","2","0.666666667","0.2","0.066666667","0.7","0.233333333","50","22.22222222","33.33333333","1.333333333","2.222222222","7.777777778","10","4","6.666666667","23.33333333","30"
"","","UGP2014NAM-OT03","","","","","","","","","UGP2014NAM-OT03-00855","","","","3","3","1","7","6","3","6","3","3","1","0.68","0.02","1","6","1","1","4","3","0","0.7","1.7","4","0.226666667","0.02","0.175","1.333333333","1.333333333","1","1","0.233333333","0.233333333","0.333333333","0.333333333","75","41.17647059","100","7.555555556","7.777777778","11.11111111","18.88888889","7.555555556","7.777777778","11.11111111","18.88888889"
"","","UGP2014NAM-OT03","","","","","","","","","UGP2014NAM-OT03-00856","","","","3","3","1","3","5","3","4","3","2","8","0.18","0.04","1.2","2","1","1","9","3","0","0.22","1.42","10","0.09","0.005","0.022","3.333333333","3.333333333","0.666666667","0.666666667","0.073333333","0.073333333","0.4","0.4","20","15.49295775","100","2","2.444444444","13.33333333","15.77777778","2","2.444444444","13.33333333","15.77777778"
"","","UGP2014NAM-OT03","","","","","","","","","UGP2014NAM-OT03-00857","","","","3","3","2","2","5","3","7","3","1","0","0.1","0","2.4","2","1","1","3","7","0.12","0.1","2.5","1","0.1","","0.1","0.333333333","0.333333333","0.333333333","0.333333333","0.033333333","0.033333333","0.8","0.8","100","4","100","1.111111111","1.111111111","26.66666667","27.77777778","1.111111111","1.111111111","26.66666667","27.77777778"
"","","UGP2014NAM-OT03","","","","","","","","","UGP2014NAM-OT03-00858","","","","3","3","3","7","6","2","3","3","1","0","0.08","0","0.8","2","1","1","3","9","1.5","0.08","0.88","1","0.08","","0.08","0.333333333","0.333333333","0.333333333","0.333333333","0.026666667","0.026666667","0.266666667","0.266666667","100","9.090909091","100","0.888888889","0.888888889","8.888888889","9.777777778","0.888888889","0.888888889","8.888888889","9.777777778"
"","","UGP2014NAM-OT03","","","","","","","","","UGP2014NAM-OT03-00859","","","","3","3","3","6","6","2","3","3","2","5","0.18","0.08","0.5","8","1","1","2","7","0.12","0.26","0.76","7","0.09","0.016","0.037142857","2.333333333","2.333333333","0.666666667","0.666666667","0.086666667","0.086666667","0.166666667","0.166666667","28.57142857","34.21052632","100","2","2.888888889","5.555555556","8.444444444","2","2.888888889","5.555555556","8.444444444"
"","","UGP2014NAM-OT03","","","","","","","","","UGP2014NAM-OT03-00860","","","","3","2","2","3","8","1","3","2","7","30","0.7","0.6","5","9","1","1","1","5","1.04","1.3","6.3","37","0.1","0.02","0.035135135","18.5","12.33333333","3.5","2.333333333","0.65","0.433333333","2.5","1.666666667","18.91891892","20.63492063","66.66666667","7.777777778","14.44444444","55.55555556","70","11.66666667","21.66666667","83.33333333","105"
"","","UGP2014NAM-OT03","","","","","","","","","UGP2014NAM-OT03-00862","","","","3","2","1","3","5","3","8","2","5","4","0.27","0.1","3","9","1","1","8","7","6.12","0.37","3.37","9","0.054","0.025","0.041111111","4.5","3","2.5","1.666666667","0.185","0.123333333","1.5","1","55.55555556","10.97922849","66.66666667","3","4.111111111","33.33333333","37.44444444","4.5","6.166666667","50","56.16666667"
"","","UGP2014NAM-OT03","","","","","","","","","UGP2014NAM-OT03-00863","","","","3","3","1","2","7","2","3","3","0","0","0","0","4.5","","","","","","","0","4.5","0","","","","0","0","0","0","0","0","1.5","1.5","","0","100","0","0","50","50","0","0","50","50"
"","","UGP2014NAM-OT03","","","","","","","","","UGP2014NAM-OT03-00864","","","","3","2","1","2","","3","7","2","0","0","0","0","0.5","","","","","","","0","0.5","0","","","","0","0","0","0","0","0","0.25","0.166666667","","0","66.66666667","0","0","5.555555556","5.555555556","0","0","8.333333333","8.333333333"
"","","UGP2014NAM-OT03","","","","","","","","","UGP2014NAM-OT03-00865","","","","3","2","1","3","6","4","8","2","0","0","0","0","2","","","","","","","0","2","0","","","","0","0","0","0","0","0","1","0.666666667","","0","66.66666667","0","0","22.22222222","22.22222222","0","0","33.33333333","33.33333333"
"","","UGP2014NAM-OT03","","","","","","","","","UGP2014NAM-OT03-00866","","","","3","2","1","3","5","3","7","2","1","2","0.1","0.08","1.5","2","4","1","3","9","0.12","0.18","1.68","3","0.1","0.04","0.06","1.5","1","0.5","0.333333333","0.09","0.06","0.75","0.5","33.33333333","10.71428571","66.66666667","1.111111111","2","16.66666667","18.66666667","1.666666667","3","25","28"
"","","UGP2014NAM-OT03","","","","","","","","","UGP2014NAM-OT03-00867","","","","3","0","","","","","","0","0","0","0","0","0","","","","","","","0","0","0","","","","","0","","0","","0","","0","","","0","0","0","0","0","","","",""
"","","UGP2014NAM-OT03","","","","","","","","","UGP2014NAM-OT03-00868","","","","3","2","1","3","8","1","2","2","6","8","0.5","0.2","3.6","8","1","1","3","5","0.02","0.7","4.3","14","0.083333333","0.025","0.05","7","4.666666667","3","2","0.35","0.233333333","1.8","1.2","42.85714286","16.27906977","66.66666667","5.555555556","7.777777778","40","47.77777778","8.333333333","11.66666667","60","71.66666667"
"","","UGP2014NAM-OT03","","","","","","","","","UGP2014NAM-OT03-00869","","","","3","2","1","2","8","2","3","2","1","1","0.08","0.01","2.5","9","1","1","9","9","0","0.09","2.59","2","0.08","0.01","0.045","1","0.666666667","0.5","0.333333333","0.045","0.03","1.25","0.833333333","50","3.474903475","66.66666667","0.888888889","1","27.77777778","28.77777778","1.333333333","1.5","41.66666667","43.16666667"
"","","UGP2014NAM-OT03","","","","","","","","","UGP2014NAM-OT03-00870","","","","3","1","1","2","6","3","4","1","2","2","0.29","0.07","0.5","9","1","2","1","3","0.12","0.36","0.86","4","0.145","0.035","0.09","4","1.333333333","2","0.666666667","0.36","0.12","0.5","0.166666667","50","41.86046512","33.33333333","3.222222222","4","5.555555556","9.555555556","9.666666667","12","16.66666667","28.66666667"
"","","UGP2014NAM-OT03","","","","","","","","","UGP2014NAM-OT03-00871","","","","3","2","1","2","7","2","6","2","2","2","0.7","0.04","1.5","8","1","1","4","1","0","0.74","2.24","4","0.35","0.02","0.185","2","1.333333333","1","0.666666667","0.37","0.246666667","0.75","0.5","50","33.03571429","66.66666667","7.777777778","8.222222222","16.66666667","24.88888889","11.66666667","12.33333333","25","37.33333333"
"","","UGP2014NAM-OT03","","","","","","","","","UGP2014NAM-OT03-00872","","","","3","2","1","2","5","4","7","2","0","0","0","0","0.2","","","","","","","0","0.2","0","","","","0","0","0","0","0","0","0.1","0.066666667","","0","66.66666667","0","0","2.222222222","2.222222222","0","0","3.333333333","3.333333333"
"","","UGP2014NAM-OT03","","","","","","","","","UGP2014NAM-OT03-00873","","","","3","3","1","3","8","2","4","3","5","2","0.6","0.08","8.5","8","1","1","3","5","4.41","0.68","9.18","7","0.12","0.04","0.097142857","2.333333333","2.333333333","1.666666667","1.666666667","0.226666667","0.226666667","2.833333333","2.833333333","71.42857143","7.407407407","100","6.666666667","7.555555556","94.44444444","102","6.666666667","7.555555556","94.44444444","102"
"","","UGP2014NAM-OT03","","","","","","","","","UGP2014NAM-OT03-00874","","","","3","3","1","3","9","1","3","3","4","11","0.48","0.2","5.5","9","1","1","2","5","0.02","0.68","6.18","15","0.12","0.018181818","0.045333333","5","5","1.333333333","1.333333333","0.226666667","0.226666667","1.833333333","1.833333333","26.66666667","11.00323625","100","5.333333333","7.555555556","61.11111111","68.66666667","5.333333333","7.555555556","61.11111111","68.66666667"
"","","UGP2014NAM-OT03","","","","","","","","","UGP2014NAM-OT03-00875","","","","3","2","1","3","7","3","5","2","1","1","0.28","0.04","3.7","9","1","1","4","5","0.12","0.32","4.02","2","0.28","0.04","0.16","1","0.666666667","0.5","0.333333333","0.16","0.106666667","1.85","1.233333333","50","7.960199005","66.66666667","3.111111111","3.555555556","41.11111111","44.66666667","4.666666667","5.333333333","61.66666667","67"
"","","UGP2014NAM-OT03","","","","","","","","","UGP2014NAM-OT03-00876","","","","3","2","3","5","8","2","3","2","2","1","1.18","0.01","3.5","9","1","1","4","1","0.02","1.19","4.69","3","0.59","0.01","0.396666667","1.5","1","1","0.666666667","0.595","0.396666667","1.75","1.166666667","66.66666667","25.37313433","66.66666667","13.11111111","13.22222222","38.88888889","52.11111111","19.66666667","19.83333333","58.33333333","78.16666667"
"","","UGP2014NAM-OT03","","","","","","","","","UGP2014NAM-OT03-00877","","","","3","2","3","4","2","2","4","2","0","0","0","0","4","","","","","","","0","4","0","","","","0","0","0","0","0","0","2","1.333333333","","0","66.66666667","0","0","44.44444444","44.44444444","0","0","66.66666667","66.66666667"
"","","UGP2014NAM-OT03","","","","","","","","","UGP2014NAM-OT03-00878","","","","3","1","1","2","7","2","3","1","0","0","0","0","3","","","","","","","0","3","0","","","","0","0","0","0","0","0","3","1","","0","33.33333333","0","0","33.33333333","33.33333333","0","0","100","100"
"","","UGP2014NAM-OT03","","","","","","","","","UGP2014NAM-OT03-00879","","","","3","1","3","6","7","2","4","1","2","0","0.2","0","4.1","9","1","1","2","5","0.02","0.2","4.3","2","0.1","","0.1","2","0.666666667","2","0.666666667","0.2","0.066666667","4.1","1.366666667","100","4.651162791","33.33333333","2.222222222","2.222222222","45.55555556","47.77777778","6.666666667","6.666666667","136.6666667","143.3333333"
"","","UGP2014NAM-OT03","","","","","","","","","UGP2014NAM-OT03-00880","","","","3","1","1","3","6","1","3","1","1","0","0.88","0","3","8","3","3","1","3","0.15","0.88","3.88","1","0.88","","0.88","1","0.333333333","1","0.333333333","0.88","0.293333333","3","1","100","22.68041237","33.33333333","9.777777778","9.777777778","33.33333333","43.11111111","29.33333333","29.33333333","100","129.3333333"
"","","UGP2014NAM-OT03","","","","","","","","","UGP2014NAM-OT03-00881","","","","3","1","2","3","6","2","3","1","0","0","0","0","0.4","","","","","","","0","0.4","0","","","","0","0","0","0","0","0","0.4","0.133333333","","0","33.33333333","0","0","4.444444444","4.444444444","0","0","13.33333333","13.33333333"
"","","UGP2014NAM-OT03","","","","","","","","","UGP2014NAM-OT03-00882","","","","3","3","2","3","7","3","5","3","11","6","1.6","0.2","3.6","9","1","3","6","3","0","1.8","5.4","17","0.145454545","0.033333333","0.105882353","5.666666667","5.666666667","3.666666667","3.666666667","0.6","0.6","1.2","1.2","64.70588235","33.33333333","100","17.77777778","20","40","60","17.77777778","20","40","60"
"","","UGP2014NAM-OT03","","","","","","","","","UGP2014NAM-OT03-00883","","","","3","0","","","","","","0","0","0","0","0","0","","","","","","","0","0","0","","","","","0","","0","","0","","0","","","0","0","0","0","0","","","",""
"","","UGP2014NAM-OT03","","","","","","","","","UGP2014NAM-OT03-00884","","","","3","2","2","3","6","1","2","2","0","0","0","0","1","","","","","","","0","1","0","","","","0","0","0","0","0","0","0.5","0.333333333","","0","66.66666667","0","0","11.11111111","11.11111111","0","0","16.66666667","16.66666667"
"","","UGP2014NAM-OT03","","","","","","","","","UGP2014NAM-OT03-00885","","","","3","3","1","3","8","2","3","3","0","2","0","0.04","4","9","1","1","2","9","0.02","0.04","4.04","2","","0.02","0.02","0.666666667","0.666666667","0","0","0.013333333","0.013333333","1.333333333","1.333333333","0","0.99009901","100","0","0.444444444","44.44444444","44.88888889","0","0.444444444","44.44444444","44.88888889"
"","","UGP2014NAM-OT03","","","","","","","","","UGP2014NAM-OT03-00886","","","","3","2","1","2","5","2","3","2","3","3","0.12","0.08","1.7","2","1","1","9","9","1.65","0.2","1.9","6","0.04","0.026666667","0.033333333","3","2","1.5","1","0.1","0.066666667","0.85","0.566666667","50","10.52631579","66.66666667","1.333333333","2.222222222","18.88888889","21.11111111","2","3.333333333","28.33333333","31.66666667"
"","","UGP2014NAM-OT03","","","","","","","","","UGP2014NAM-OT03-00887","","","","3","3","1","3","6","4","6","3","2","1","0.2","0.04","1","9","1","1","5","5","0","0.24","1.24","3","0.1","0.04","0.08","1","1","0.666666667","0.666666667","0.08","0.08","0.333333333","0.333333333","66.66666667","19.35483871","100","2.222222222","2.666666667","11.11111111","13.77777778","2.222222222","2.666666667","11.11111111","13.77777778"
"","","UGP2014NAM-OT03","","","","","","","","","UGP2014NAM-OT03-00888","","","","3","3","1","4","7","1","3","3","0","6","0","0.12","3.5","2","1","1","1","9","7.76","0.12","3.62","6","","0.02","0.02","2","2","0","0","0.04","0.04","1.166666667","1.166666667","0","3.314917127","100","0","1.333333333","38.88888889","40.22222222","0","1.333333333","38.88888889","40.22222222"
"","","UGP2014NAM-OT03","","","","","","","","","UGP2014NAM-OT03-00889","","","","3","3","2","3","7","2","5","3","1","1","0.16","0.04","4","2","1","1","2","7","7.76","0.2","4.2","2","0.16","0.04","0.1","0.666666667","0.666666667","0.333333333","0.333333333","0.066666667","0.066666667","1.333333333","1.333333333","50","4.761904762","100","1.777777778","2.222222222","44.44444444","46.66666667","1.777777778","2.222222222","44.44444444","46.66666667"
"","","UGP2014NAM-OT03","","","","","","","","","UGP2014NAM-OT03-00890","","","","3","2","1","4","5","1","3","2","2","1","0.28","0.4","6.2","2","1","1","2","5","0.15","0.68","6.88","3","0.14","0.4","0.226666667","1.5","1","1","0.666666667","0.34","0.226666667","3.1","2.066666667","66.66666667","9.88372093","66.66666667","3.111111111","7.555555556","68.88888889","76.44444444","4.666666667","11.33333333","103.3333333","114.6666667"
"","","UGP2014NAM-OT03","","","","","","","","","UGP2014NAM-OT03-00891","","","","3","2","2","2","8","1","3","2","7","2","0.88","0.04","3.5","2","2","1","3","3","12.39","0.92","4.42","9","0.125714286","0.02","0.102222222","4.5","3","3.5","2.333333333","0.46","0.306666667","1.75","1.166666667","77.77777778","20.81447964","66.66666667","9.777777778","10.22222222","38.88888889","49.11111111","14.66666667","15.33333333","58.33333333","73.66666667"
"","","UGP2014NAM-OT03","","","","","","","","","UGP2014NAM-OT03-00892","","","","3","2","2","3","7","2","4","2","1","0","0.12","0","1.6","4","1","1","5","7","","0.12","1.72","1","0.12","","0.12","0.5","0.333333333","0.5","0.333333333","0.06","0.04","0.8","0.533333333","100","6.976744186","66.66666667","1.333333333","1.333333333","17.77777778","19.11111111","2","2","26.66666667","28.66666667"
"","","UGP2014NAM-OT03","","","","","","","","","UGP2014NAM-OT03-00893","","","","3","1","3","7","6","3","6","1","2","2","0.2","0.08","1.5","2","2","1","4","7","0.02","0.28","1.78","4","0.1","0.04","0.07","4","1.333333333","2","0.666666667","0.28","0.093333333","1.5","0.5","50","15.73033708","33.33333333","2.222222222","3.111111111","16.66666667","19.77777778","6.666666667","9.333333333","50","59.33333333"
"","","UGP2014NAM-OT03","","","","","","","","","UGP2014NAM-OT03-00894","","","","3","2","1","2","5","2","4","2","3","0","0.7","0","0.7","6","1","1","1","3","0","0.7","1.4","3","0.233333333","","0.233333333","1.5","1","1.5","1","0.35","0.233333333","0.35","0.233333333","100","50","66.66666667","7.777777778","7.777777778","7.777777778","15.55555556","11.66666667","11.66666667","11.66666667","23.33333333"
"","","UGP2014NAM-OT03","","","","","","","","","UGP2014NAM-OT03-00895","","","","3","2","1","3","6","3","6","2","2","3","0.24","0.04","1","2","1","1","2","5","0.02","0.28","1.28","5","0.12","0.013333333","0.056","2.5","1.666666667","1","0.666666667","0.14","0.093333333","0.5","0.333333333","40","21.875","66.66666667","2.666666667","3.111111111","11.11111111","14.22222222","4","4.666666667","16.66666667","21.33333333"
"","","UGP2014NAM-OT03","","","","","","","","","UGP2014NAM-OT03-00896","","","","3","2","3","6","6","2","3","2","0","0","0","0","1.5","","","","","","","0","1.5","0","","","","0","0","0","0","0","0","0.75","0.5","","0","66.66666667","0","0","16.66666667","16.66666667","0","0","25","25"
"","","UGP2014NAM-OT03","","","","","","","","","UGP2014NAM-OT03-00897","","","","3","2","1","2","8","2","3","2","2","0","0.28","0","8","2","1","1","9","7","1.5","0.28","8.28","2","0.14","","0.14","1","0.666666667","1","0.666666667","0.14","0.093333333","4","2.666666667","100","3.381642512","66.66666667","3.111111111","3.111111111","88.88888889","92","4.666666667","4.666666667","133.3333333","138"
"","","UGP2014NAM-OT03","","","","","","","","","UGP2014NAM-OT03-00898","","","","3","3","1","3","5","1","3","3","2","4","0.16","0.08","0.7","2","1","1","8","7","1.65","0.24","0.94","6","0.08","0.02","0.04","2","2","0.666666667","0.666666667","0.08","0.08","0.233333333","0.233333333","33.33333333","25.53191489","100","1.777777778","2.666666667","7.777777778","10.44444444","1.777777778","2.666666667","7.777777778","10.44444444"
"","","UGP2014NAM-OT03","","","","","","","","","UGP2014NAM-OT03-00899","","","","3","1","1","3","6","3","5","1","0","0","0","0","0.4","","","","","","","0","0.4","0","","","","0","0","0","0","0","0","0.4","0.133333333","","0","33.33333333","0","0","4.444444444","4.444444444","0","0","13.33333333","13.33333333"
"","","UGP2014NAM-OT03","","","","","","","","","UGP2014NAM-OT03-00900","","","","3","2","1","3","6","4","7","2","2","0","0.4","0","1.5","8","2","1","4","3","0.02","0.4","1.9","2","0.2","","0.2","1","0.666666667","1","0.666666667","0.2","0.133333333","0.75","0.5","100","21.05263158","66.66666667","4.444444444","4.444444444","16.66666667","21.11111111","6.666666667","6.666666667","25","31.66666667"
"","","UGP2014NAM-OT03","","","","","","","","","UGP2014NAM-OT03-00901","","","","3","3","1","2","5","3","7","3","3","1","0.18","0.01","3","6","1","1","8","7","0.03","0.19","3.19","4","0.06","0.01","0.0475","1.333333333","1.333333333","1","1","0.063333333","0.063333333","1","1","75","5.956112853","100","2","2.111111111","33.33333333","35.44444444","2","2.111111111","33.33333333","35.44444444"
"","","UGP2014NAM-OT03","","","","","","","","","UGP2014NAM-OT03-00902","","","","3","1","1","2","5","3","6","1","1","0","0.12","0","0.08","9","1","1","1","7","14.37","0.12","0.2","1","0.12","","0.12","1","0.333333333","1","0.333333333","0.12","0.04","0.08","0.026666667","100","60","33.33333333","1.333333333","1.333333333","0.888888889","2.222222222","4","4","2.666666667","6.666666667"
"","","UGP2014NAM-OT03","","","","","","","","","UGP2014NAM-OT03-00903","","","","3","3","1","3","6","2","5","3","5","0","0.25","0","3","2","1","1","3","7","1.5","0.25","3.25","5","0.05","","0.05","1.666666667","1.666666667","1.666666667","1.666666667","0.083333333","0.083333333","1","1","100","7.692307692","100","2.777777778","2.777777778","33.33333333","36.11111111","2.777777778","2.777777778","33.33333333","36.11111111"
"","","UGP2014NAM-OT03","","","","","","","","","UGP2014NAM-OT03-00904","","","","3","0","","","","","","0","0","0","0","0","0","","","","","","","0","0","0","","","","","0","","0","","0","","0","","","0","0","0","0","0","","","",""
"","","UGP2014NAM-OT03","","","","","","","","","UGP2014NAM-OT03-00905","","","","3","1","2","3","7","2","5","1","7","3","0.88","0.04","3","9","1","1","5","3","0.15","0.92","3.92","10","0.125714286","0.013333333","0.092","10","3.333333333","7","2.333333333","0.92","0.306666667","3","1","70","23.46938776","33.33333333","9.777777778","10.22222222","33.33333333","43.55555556","29.33333333","30.66666667","100","130.6666667"
"","","UGP2014NAM-OT03","","","","","","","","","UGP2014NAM-OT03-00906","","","","3","2","1","3","8","3","7","2","0","0","0","0","5","","","","","","","0","5","0","","","","0","0","0","0","0","0","2.5","1.666666667","","0","66.66666667","0","0","55.55555556","55.55555556","0","0","83.33333333","83.33333333"
"","","UGP2014NAM-OT03","","","","","","","","","UGP2014NAM-OT03-00907","","","","3","1","1","2","8","2","5","1","5","1","0.3","0.04","6.7","8","1","1","8","5","1.65","0.34","7.04","6","0.06","0.04","0.056666667","6","2","5","1.666666667","0.34","0.113333333","6.7","2.233333333","83.33333333","4.829545455","33.33333333","3.333333333","3.777777778","74.44444444","78.22222222","10","11.33333333","223.3333333","234.6666667"
"","","UGP2014NAM-OT03","","","","","","","","","UGP2014NAM-OT03-00908","","","","3","2","1","3","7","1","3","2","6","3","0.36","0.05","1.5","9","1","1","3","5","0.12","0.41","1.91","9","0.06","0.016666667","0.045555556","4.5","3","3","2","0.205","0.136666667","0.75","0.5","66.66666667","21.46596859","66.66666667","4","4.555555556","16.66666667","21.22222222","6","6.833333333","25","31.83333333"
"","","UGP2014NAM-OT03","","","","","","","","","UGP2014NAM-OT03-00909","","","","3","2","1","2","5","3","4","2","0","0","0","0","1","","","","","","","0","1","0","","","","0","0","0","0","0","0","0.5","0.333333333","","0","66.66666667","0","0","11.11111111","11.11111111","0","0","16.66666667","16.66666667"
"","","UGP2014NAM-OT03","","","","","","","","","UGP2014NAM-OT03-00910","","","","3","2","1","2","7","1","3","2","4","2","2","0.08","5","9","1","1","5","1","0","2.08","7.08","6","0.5","0.04","0.346666667","3","2","2","1.333333333","1.04","0.693333333","2.5","1.666666667","66.66666667","29.37853107","66.66666667","22.22222222","23.11111111","55.55555556","78.66666667","33.33333333","34.66666667","83.33333333","118"
"","","UGP2014NAM-OT03","","","","","","","","","UGP2014NAM-OT03-00911","","","","3","3","1","2","6","2","3","3","0","2","0","0.1","2","2","1","1","2","9","1.65","0.1","2.1","2","","0.05","0.05","0.666666667","0.666666667","0","0","0.033333333","0.033333333","0.666666667","0.666666667","0","4.761904762","100","0","1.111111111","22.22222222","23.33333333","0","1.111111111","22.22222222","23.33333333"
"","","UGP2014NAM-OT03","","","","","","","","","UGP2014NAM-OT03-00912","","","","3","2","1","2","5","3","4","2","1","2","0.14","0.03","2.4","2","1","1","4","4","0.12","0.17","2.57","3","0.14","0.015","0.056666667","1.5","1","0.5","0.333333333","0.085","0.056666667","1.2","0.8","33.33333333","6.614785992","66.66666667","1.555555556","1.888888889","26.66666667","28.55555556","2.333333333","2.833333333","40","42.83333333"
"","","UGP2014NAM-OT03","","","","","","","","","UGP2014NAM-OT03-00913","","","","3","3","2","5","5","2","5","3","10","3","1.5","0.1","3.1","9","1","1","3","5","0","1.6","4.7","13","0.15","0.033333333","0.123076923","4.333333333","4.333333333","3.333333333","3.333333333","0.533333333","0.533333333","1.033333333","1.033333333","76.92307692","34.04255319","100","16.66666667","17.77777778","34.44444444","52.22222222","16.66666667","17.77777778","34.44444444","52.22222222"
"","","UGP2014NAM-OT03","","","","","","","","","UGP2014NAM-OT03-00914","","","","3","3","5","6","7","1","2","3","7","7","0.28","0.12","4","2","1","1","9","9","1.65","0.4","4.4","14","0.04","0.017142857","0.028571429","4.666666667","4.666666667","2.333333333","2.333333333","0.133333333","0.133333333","1.333333333","1.333333333","50","9.090909091","100","3.111111111","4.444444444","44.44444444","48.88888889","3.111111111","4.444444444","44.44444444","48.88888889"
"","","UGP2014NAM-OT03","","","","","","","","","UGP2014NAM-OT03-00915","","","","3","1","1","2","9","2","2","1","14","5","3","0.12","6","2","1","1","2","3","1.5","3.12","9.12","19","0.214285714","0.024","0.164210526","19","6.333333333","14","4.666666667","3.12","1.04","6","2","73.68421053","34.21052632","33.33333333","33.33333333","34.66666667","66.66666667","101.3333333","100","104","200","304"
"","","UGP2014NAM-OT03","","","","","","","","","UGP2014NAM-OT03-00916","","","","3","2","1","2","9","2","3","2","1","2","0.08","0.04","5","2","1","1","2","7","0.12","0.12","5.12","3","0.08","0.02","0.04","1.5","1","0.5","0.333333333","0.06","0.04","2.5","1.666666667","33.33333333","2.34375","66.66666667","0.888888889","1.333333333","55.55555556","56.88888889","1.333333333","2","83.33333333","85.33333333"
"","","UGP2014NAM-OT03","","","","","","","","","UGP2014NAM-OT03-00917","","","","3","3","2","4","8","2","3","3","13","13","1","0.24","4.5","8","1","1","2","5","1.65","1.24","5.74","26","0.076923077","0.018461538","0.047692308","8.666666667","8.666666667","4.333333333","4.333333333","0.413333333","0.413333333","1.5","1.5","50","21.60278746","100","11.11111111","13.77777778","50","63.77777778","11.11111111","13.77777778","50","63.77777778"
"","","UGP2014NAM-OT03","","","","","","","","","UGP2014NAM-OT03-00918","","","","3","2","3","6","8","2","3","2","10","6","0.96","0.12","0.5","6","2","2","5","3","0","1.08","1.58","16","0.096","0.02","0.0675","8","5.333333333","5","3.333333333","0.54","0.36","0.25","0.166666667","62.5","68.35443038","66.66666667","10.66666667","12","5.555555556","17.55555556","16","18","8.333333333","26.33333333"
"","","UGP2014NAM-OT03","","","","","","","","","UGP2014NAM-OT03-00919","","","","3","2","3","3","6","2","4","2","9","2","1.2","0.08","3.5","6","2","2","5","3","0.12","1.28","4.78","11","0.133333333","0.04","0.116363636","5.5","3.666666667","4.5","3","0.64","0.426666667","1.75","1.166666667","81.81818182","26.77824268","66.66666667","13.33333333","14.22222222","38.88888889","53.11111111","20","21.33333333","58.33333333","79.66666667"
"","","UGP2014NAM-OT03","","","","","","","","","UGP2014NAM-OT03-00920","","","","3","3","3","3","7","3","7","3","2","0","0.16","0","","6","2","3","4","5","0.12","0.16","","2","0.08","","0.08","0.666666667","0.666666667","0.666666667","0.666666667","0.053333333","0.053333333","","","100","","100","1.777777778","1.777777778","","","1.777777778","1.777777778","",""
"","","UGP2014NAM-OT03","","","","","","","","","UGP2014NAM-OT03-00921","","","","3","1","2","2","5","3","6","1","8","1","1.2","0.04","5","6","1","1","2","3","0.02","1.24","6.24","9","0.15","0.04","0.137777778","9","3","8","2.666666667","1.24","0.413333333","5","1.666666667","88.88888889","19.87179487","33.33333333","13.33333333","13.77777778","55.55555556","69.33333333","40","41.33333333","166.6666667","208"
"","","UGP2014NAM-OT03","","","","","","","","","UGP2014NAM-OT03-00922","","","","3","2","2","3","8","2","3","2","3","4","0.3","0.11","6.5","6","1","1","3","5","0.12","0.41","6.91","7","0.1","0.0275","0.058571429","3.5","2.333333333","1.5","1","0.205","0.136666667","3.25","2.166666667","42.85714286","5.933429812","66.66666667","3.333333333","4.555555556","72.22222222","76.77777778","5","6.833333333","108.3333333","115.1666667"
"","","UGP2014NAM-OT03","","","","","","","","","UGP2014NAM-OT03-00923","","","","3","1","3","6","9","2","3","1","1","0","0.12","0","4.5","2","1","1","8","7","0","0.12","4.62","1","0.12","","0.12","1","0.333333333","1","0.333333333","0.12","0.04","4.5","1.5","100","2.597402597","33.33333333","1.333333333","1.333333333","50","51.33333333","4","4","150","154"
"","","UGP2014NAM-OT03","","","","","","","","","UGP2014NAM-OT03-00924","","","","3","1","3","4","8","2","3","1","1","0","0.08","0","2","8","1","1","3","7","0.12","0.08","2.08","1","0.08","","0.08","1","0.333333333","1","0.333333333","0.08","0.026666667","2","0.666666667","100","3.846153846","33.33333333","0.888888889","0.888888889","22.22222222","23.11111111","2.666666667","2.666666667","66.66666667","69.33333333"
"","","UGP2014NAM-OT03","","","","","","","","","UGP2014NAM-OT03-00925","","","","3","3","1","3","7","1","3","3","2","0","0.28","0","1","2","1","1","4","5","0.02","0.28","1.28","2","0.14","","0.14","0.666666667","0.666666667","0.666666667","0.666666667","0.093333333","0.093333333","0.333333333","0.333333333","100","21.875","100","3.111111111","3.111111111","11.11111111","14.22222222","3.111111111","3.111111111","11.11111111","14.22222222"
"","","UGP2014NAM-OT03","","","","","","","","","UGP2014NAM-OT03-00926","","","","3","1","1","2","6","3","4","1","1","2","0.08","0.01","4.5","2","1","1","5","7","0.12","0.09","4.59","3","0.08","0.005","0.03","3","1","1","0.333333333","0.09","0.03","4.5","1.5","33.33333333","1.960784314","33.33333333","0.888888889","1","50","51","2.666666667","3","150","153"
"","","UGP2014NAM-OT03","","","","","","","","","UGP2014NAM-OT03-00927","","","","3","2","1","2","6","3","4","2","1","3","0.16","0.01","1.5","8","2","1","7","2","0.12","0.17","1.67","4","0.16","0.003333333","0.0425","2","1.333333333","0.5","0.333333333","0.085","0.056666667","0.75","0.5","25","10.17964072","66.66666667","1.777777778","1.888888889","16.66666667","18.55555556","2.666666667","2.833333333","25","27.83333333"
"","","UGP2014NAM-OT03","","","","","","","","","UGP2014NAM-OT03-00928","","","","3","1","1","3","6","2","3","1","3","1","0.28","0.04","6","2","1","1","9","7","0","0.32","6.32","4","0.093333333","0.04","0.08","4","1.333333333","3","1","0.32","0.106666667","6","2","75","5.063291139","33.33333333","3.111111111","3.555555556","66.66666667","70.22222222","9.333333333","10.66666667","200","210.6666667"
"","","UGP2014NAM-OT03","","","","","","","","","UGP2014NAM-OT03-00929","","","","3","3","3","4","9","1","2","3","2","3","0.36","0.1","6.2","8","1","1","3","5","0.12","0.46","6.66","5","0.18","0.033333333","0.092","1.666666667","1.666666667","0.666666667","0.666666667","0.153333333","0.153333333","2.066666667","2.066666667","40","6.906906907","100","4","5.111111111","68.88888889","74","4","5.111111111","68.88888889","74"
"","","UGP2014NAM-OT03","","","","","","","","","UGP2014NAM-OT03-00930","","","","3","3","3","3","9","1","3","3","2","0","0.18","0","3.2","2","1","1","3","2","0.12","0.18","3.38","2","0.09","","0.09","0.666666667","0.666666667","0.666666667","0.666666667","0.06","0.06","1.066666667","1.066666667","100","5.325443787","100","2","2","35.55555556","37.55555556","2","2","35.55555556","37.55555556"
"","","UGP2014NAM-OT03","","","","","","","","","UGP2014NAM-OT03-00931","","","","3","1","6","8","5","4","8","1","0","0","0","0","0.2","","","","","","","0","0.2","0","","","","0","0","0","0","0","0","0.2","0.066666667","","0","33.33333333","0","0","2.222222222","2.222222222","0","0","6.666666667","6.666666667"
"","","UGP2014NAM-OT03","","","","","","","","","UGP2014NAM-OT03-00932","","","","3","1","2","3","8","3","4","1","3","0","0.88","0","2.5","9","1","1","8","1","0.12","0.88","3.38","3","0.293333333","","0.293333333","3","1","3","1","0.88","0.293333333","2.5","0.833333333","100","26.03550296","33.33333333","9.777777778","9.777777778","27.77777778","37.55555556","29.33333333","29.33333333","83.33333333","112.6666667"
"","","UGP2014NAM-OT03","","","","","","","","","UGP2014NAM-OT03-00933","","","","3","1","2","2","5","2","3","1","1","1","0.4","0.04","0.5","2","1","1","4","3","0.12","0.44","0.94","2","0.4","0.04","0.22","2","0.666666667","1","0.333333333","0.44","0.146666667","0.5","0.166666667","50","46.80851064","33.33333333","4.444444444","4.888888889","5.555555556","10.44444444","13.33333333","14.66666667","16.66666667","31.33333333"
"","","UGP2014NAM-OT03","","","","","","","","","UGP2014NAM-OT03-00934","","","","3","2","2","3","6","3","4","2","3","0","0.2","0","5","2","1","1","9","9","0","0.2","5.2","3","0.066666667","","0.066666667","1.5","1","1.5","1","0.1","0.066666667","2.5","1.666666667","100","3.846153846","66.66666667","2.222222222","2.222222222","55.55555556","57.77777778","3.333333333","3.333333333","83.33333333","86.66666667"
"","","UGP2014NAM-OT03","","","","","","","","","UGP2014NAM-OT03-00935","","","","3","2","2","2","5","3","5","2","0","0","0","0","1","","","","","","","0","1","0","","","","0","0","0","0","0","0","0.5","0.333333333","","0","66.66666667","0","0","11.11111111","11.11111111","0","0","16.66666667","16.66666667"
"","","UGP2014NAM-OT03","","","","","","","","","UGP2014NAM-OT03-00936","","","","3","1","1","3","7","2","5","1","6","5","0.4","0.04","2.5","2","1","1","3","5","0.12","0.44","2.94","11","0.066666667","0.008","0.04","11","3.666666667","6","2","0.44","0.146666667","2.5","0.833333333","54.54545455","14.96598639","33.33333333","4.444444444","4.888888889","27.77777778","32.66666667","13.33333333","14.66666667","83.33333333","98"
"","","UGP2014NAM-OT03","","","","","","","","","UGP2014NAM-OT03-00937","","","","3","3","2","3","5","4","8","3","0","0","0","0","0.5","","","","","","","0","0.5","0","","","","0","0","0","0","0","0","0.166666667","0.166666667","","0","100","0","0","5.555555556","5.555555556","0","0","5.555555556","5.555555556"
"","","UGP2014NAM-OT03","","","","","","","","","UGP2014NAM-OT03-00938","","","","3","3","2","2","6","2","3","3","0","1","0","0.04","0.44","6","1","1","1","9","0.02","0.04","0.48","1","","0.04","0.04","0.333333333","0.333333333","0","0","0.013333333","0.013333333","0.146666667","0.146666667","0","8.333333333","100","0","0.444444444","4.888888889","5.333333333","0","0.444444444","4.888888889","5.333333333"
"","","UGP2014NAM-OT03","","","","","","","","","UGP2014NAM-OT03-00939","","","","3","2","2","3","6","4","7","2","12","4","1.8","0.12","5","6","1","1","5","3","4.92","1.92","6.92","16","0.15","0.03","0.12","8","5.333333333","6","4","0.96","0.64","2.5","1.666666667","75","27.74566474","66.66666667","20","21.33333333","55.55555556","76.88888889","30","32","83.33333333","115.3333333"
"","","UGP2014NAM-OT03","","","","","","","","","UGP2014NAM-OT03-00940","","","","3","2","2","4","8","2","3","2","6","2","0.08","0.2","2","2","4","2","2","5","0","0.28","2.28","8","0.013333333","0.1","0.035","4","2.666666667","3","2","0.14","0.093333333","1","0.666666667","75","12.28070175","66.66666667","0.888888889","3.111111111","22.22222222","25.33333333","1.333333333","4.666666667","33.33333333","38"
"","","UGP2014NAM-OT03","","","","","","","","","UGP2014NAM-OT03-00941","","","","3","0","","","","","","0","0","0","0","0","0","","","","","","","0","0","0","","","","","0","","0","","0","","0","","","0","0","0","0","0","","","",""
"","","UGP2014NAM-OT03","","","","","","","","","UGP2014NAM-OT03-00942","","","","3","3","1","3","8","2","3","3","9","3","0.96","0.08","5","2","1","1","3","5","0","1.04","6.04","12","0.106666667","0.026666667","0.086666667","4","4","3","3","0.346666667","0.346666667","1.666666667","1.666666667","75","17.21854305","100","10.66666667","11.55555556","55.55555556","67.11111111","10.66666667","11.55555556","55.55555556","67.11111111"
"","","UGP2014NAM-OT03","","","","","","","","","UGP2014NAM-OT03-00943","","","","3","0","","","","","","0","0","0","0","0","0","","","","","","","0","0","0","","","","","0","","0","","0","","0","","","0","0","0","0","0","","","",""
"","","UGP2014NAM-OT03","","","","","","","","","UGP2014NAM-OT03-00944","","","","3","2","1","3","5","2","3","2","0","0","0","0","0.2","","","","","","","0","0.2","0","","","","0","0","0","0","0","0","0.1","0.066666667","","0","66.66666667","0","0","2.222222222","2.222222222","0","0","3.333333333","3.333333333"
"","","UGP2014NAM-OT03","","","","","","","","","UGP2014NAM-OT03-00945","","","","3","2","3","6","5","3","4","2","0","0","0","0","0.28","","","","","","","0","0.28","0","","","","0","0","0","0","0","0","0.14","0.093333333","","0","66.66666667","0","0","3.111111111","3.111111111","0","0","4.666666667","4.666666667"
"","","UGP2014NAM-OT03","","","","","","","","","UGP2014NAM-OT03-00946","","","","3","3","1","2","6","4","6","3","2","6","0.38","0.04","2.6","2","1","1","1","5","0.12","0.42","3.02","8","0.19","0.006666667","0.0525","2.666666667","2.666666667","0.666666667","0.666666667","0.14","0.14","0.866666667","0.866666667","25","13.90728477","100","4.222222222","4.666666667","28.88888889","33.55555556","4.222222222","4.666666667","28.88888889","33.55555556"
"","","UGP2014NAM-OT03","","","","","","","","","UGP2014NAM-OT03-00947","","","","3","2","1","2","8","2","3","2","8","1","0.84","0.03","7.5","9","1","1","4","5","7.76","0.87","8.37","9","0.105","0.03","0.096666667","4.5","3","4","2.666666667","0.435","0.29","3.75","2.5","88.88888889","10.39426523","66.66666667","9.333333333","9.666666667","83.33333333","93","14","14.5","125","139.5"
"","","UGP2014NAM-OT03","","","","","","","","","UGP2014NAM-OT03-00948","","","","3","2","1","2","7","2","3","2","5","5","0.6","0.12","5","2","1","1","9","5","0.02","0.72","5.72","10","0.12","0.024","0.072","5","3.333333333","2.5","1.666666667","0.36","0.24","2.5","1.666666667","50","12.58741259","66.66666667","6.666666667","8","55.55555556","63.55555556","10","12","83.33333333","95.33333333"
"","","UGP2014NAM-OT03","","","","","","","","","UGP2014NAM-OT03-00949","","","","3","2","1","2","7","3","4","2","0","1","0","0.04","1.4","9","1","1","9","9","0.15","0.04","1.44","1","","0.04","0.04","0.5","0.333333333","0","0","0.02","0.013333333","0.7","0.466666667","0","2.777777778","66.66666667","0","0.444444444","15.55555556","16","0","0.666666667","23.33333333","24"
"","","UGP2014NAM-OT03","","","","","","","","","UGP2014NAM-OT03-00950","","","","3","2","1","2","7","1","2","2","0","0","0","0","3.5","","","","","","","0","3.5","0","","","","0","0","0","0","0","0","1.75","1.166666667","","0","66.66666667","0","0","38.88888889","38.88888889","0","0","58.33333333","58.33333333"
"","","UGP2014NAM-OT03","","","","","","","","","UGP2014NAM-OT03-00951","","","","3","2","1","2","5","3","5","2","1","2","0.18","0.05","1","8","1","1","4","7","11.03","0.23","1.23","3","0.18","0.025","0.076666667","1.5","1","0.5","0.333333333","0.115","0.076666667","0.5","0.333333333","33.33333333","18.69918699","66.66666667","2","2.555555556","11.11111111","13.66666667","3","3.833333333","16.66666667","20.5"
"","","UGP2014NAM-OT03","","","","","","","","","UGP2014NAM-OT03-00952","","","","3","2","1","3","7","3","4","2","5","1","1.04","0.04","2","2","1","1","2","3","0","1.08","3.08","6","0.208","0.04","0.18","3","2","2.5","1.666666667","0.54","0.36","1","0.666666667","83.33333333","35.06493506","66.66666667","11.55555556","12","22.22222222","34.22222222","17.33333333","18","33.33333333","51.33333333"
"","","UGP2014NAM-OT03","","","","","","","","","UGP2014NAM-OT03-00953","","","","3","1","5","6","6","2","3","1","1","0","0.18","0","4.5","9","1","1","2","7","0.12","0.18","4.68","1","0.18","","0.18","1","0.333333333","1","0.333333333","0.18","0.06","4.5","1.5","100","3.846153846","33.33333333","2","2","50","52","6","6","150","156"
"","","UGP2014NAM-OT03","","","","","","","","","UGP2014NAM-OT03-00954","","","","3","1","1","2","5","1","2","1","0","1","0","0.04","1","2","1","1","6","7","4.92","0.04","1.04","1","","0.04","0.04","1","0.333333333","0","0","0.04","0.013333333","1","0.333333333","0","3.846153846","33.33333333","0","0.444444444","11.11111111","11.55555556","0","1.333333333","33.33333333","34.66666667"
"","","UGP2014NAM-OT03","","","","","","","","","UGP2014NAM-OT03-00955","","","","3","3","1","3","6","3","5","3","2","0","0.6","0","1.7","8","2","1","4","1","0","0.6","2.3","2","0.3","","0.3","0.666666667","0.666666667","0.666666667","0.666666667","0.2","0.2","0.566666667","0.566666667","100","26.08695652","100","6.666666667","6.666666667","18.88888889","25.55555556","6.666666667","6.666666667","18.88888889","25.55555556"
"","","UGP2014NAM-OT03","","","","","","","","","UGP2014NAM-OT03-00956","","","","3","1","1","2","6","3","8","1","0","0","0","0","0.5","","","","","","","0","0.5","0","","","","0","0","0","0","0","0","0.5","0.166666667","","0","33.33333333","0","0","5.555555556","5.555555556","0","0","16.66666667","16.66666667"
"","","UGP2014NAM-OT03","","","","","","","","","UGP2014NAM-OT03-00958","","","","3","2","1","3","7","2","3","2","8","4","1.56","0.12","6.2","9","1","1","5","3","0.12","1.68","7.88","12","0.195","0.03","0.14","6","4","4","2.666666667","0.84","0.56","3.1","2.066666667","66.66666667","21.31979695","66.66666667","17.33333333","18.66666667","68.88888889","87.55555556","26","28","103.3333333","131.3333333"
"","","UGP2014NAM-OT03","","","","","","","","","UGP2014NAM-OT03-00959","","","","3","2","1","2","5","1","2","2","12","12","1.24","0.16","4.2","2","2","1","5","5","4.92","1.4","5.6","24","0.103333333","0.013333333","0.058333333","12","8","6","4","0.7","0.466666667","2.1","1.4","50","25","66.66666667","13.77777778","15.55555556","46.66666667","62.22222222","20.66666667","23.33333333","70","93.33333333"
"","","UGP2014NAM-OT03","","","","","","","","","UGP2014NAM-OT03-00960","","","","3","1","2","2","5","2","3","1","3","0","0.37","0","1.8","6","1","1","3","5","6.12","0.37","2.17","3","0.123333333","","0.123333333","3","1","3","1","0.37","0.123333333","1.8","0.6","100","17.05069124","33.33333333","4.111111111","4.111111111","20","24.11111111","12.33333333","12.33333333","60","72.33333333"
"","","UGP2014NAM-OT03","","","","","","","","","UGP2014NAM-OT03-00961","","","","3","3","2","3","5","2","3","3","8","2","0.78","0.04","1.1","6","2","1","6","5","7.76","0.82","1.92","10","0.0975","0.02","0.082","3.333333333","3.333333333","2.666666667","2.666666667","0.273333333","0.273333333","0.366666667","0.366666667","80","42.70833333","100","8.666666667","9.111111111","12.22222222","21.33333333","8.666666667","9.111111111","12.22222222","21.33333333"
"","","UGP2014NAM-OT03","","","","","","","","","UGP2014NAM-OT03-00963","","","","3","3","2","2","7","2","3","3","12","13","1.5","0.48","2.5","8","1","1","4","5","0.12","1.98","4.48","25","0.125","0.036923077","0.0792","8.333333333","8.333333333","4","4","0.66","0.66","0.833333333","0.833333333","48","44.19642857","100","16.66666667","22","27.77777778","49.77777778","16.66666667","22","27.77777778","49.77777778"
"","","UGP2014NAM-OT03","","","","","","","","","UGP2014NAM-OT03-00964","","","","3","1","1","2","5","2","4","1","1","0","0.24","0","1","8","1","1","4","3","0","0.24","1.24","1","0.24","","0.24","1","0.333333333","1","0.333333333","0.24","0.08","1","0.333333333","100","19.35483871","33.33333333","2.666666667","2.666666667","11.11111111","13.77777778","8","8","33.33333333","41.33333333"
"","","UGP2014NAM-OT03","","","","","","","","","UGP2014NAM-OT03-00965","","","","3","0","","","","","","0","0","0","0","0","0","","","","","","","0","0","0","","","","","0","","0","","0","","0","","","0","0","0","0","0","","","",""
"","","UGP2014NAM-OT03","","","","","","","","","UGP2014NAM-OT03-00966","","","","3","1","1","2","5","1","2","1","0","0","0","0","1","","","","","","","0","1","0","","","","0","0","0","0","0","0","1","0.333333333","","0","33.33333333","0","0","11.11111111","11.11111111","0","0","33.33333333","33.33333333"
"","","UGP2014NAM-OT03","","","","","","","","","UGP2014NAM-OT03-00967","","","","3","1","1","3","7","3","4","1","2","0","0.16","0","2.5","9","1","1","2","7","10.5","0.16","2.66","2","0.08","","0.08","2","0.666666667","2","0.666666667","0.16","0.053333333","2.5","0.833333333","100","6.015037594","33.33333333","1.777777778","1.777777778","27.77777778","29.55555556","5.333333333","5.333333333","83.33333333","88.66666667"
"","","UGP2014NAM-OT03","","","","","","","","","UGP2014NAM-OT03-00968","","","","3","1","1","3","6","1","2","1","2","1","0.24","0.05","2","8","2","1","3","7","4.41","0.29","2.29","3","0.12","0.05","0.096666667","3","1","2","0.666666667","0.29","0.096666667","2","0.666666667","66.66666667","12.66375546","33.33333333","2.666666667","3.222222222","22.22222222","25.44444444","8","9.666666667","66.66666667","76.33333333"
"","","UGP2014NAM-OT03","","","","","","","","","UGP2014NAM-OT03-00969","","","","3","1","","","","","","1","0","0","0","0","0.8","","","","","","","0","0.8","0","","","","0","0","0","0","0","0","0.8","0.266666667","","0","33.33333333","0","0","8.888888889","8.888888889","0","0","26.66666667","26.66666667"
"","","UGP2014NAM-OT03","","","","","","","","","UGP2014NAM-OT03-00970","","","","3","3","2","3","5","3","5","3","3","1","0.16","0.01","2","8","1","1","4","9","0.02","0.17","2.17","4","0.053333333","0.01","0.0425","1.333333333","1.333333333","1","1","0.056666667","0.056666667","0.666666667","0.666666667","75","7.834101382","100","1.777777778","1.888888889","22.22222222","24.11111111","1.777777778","1.888888889","22.22222222","24.11111111"
"","","UGP2014NAM-OT03","","","","","","","","","UGP2014NAM-OT03-00971","","","","3","3","2","3","5","4","6","3","0","0","0","0","0.8","","","","","","","0","0.8","0","","","","0","0","0","0","0","0","0.266666667","0.266666667","","0","100","0","0","8.888888889","8.888888889","0","0","8.888888889","8.888888889"
"","","UGP2014NAM-OT03","","","","","","","","","UGP2014NAM-OT03-00972","","","","3","2","2","2","6","1","2","2","4","0","0.28","0","1.7","8","1","1","3","7","0.02","0.28","1.98","4","0.07","","0.07","2","1.333333333","2","1.333333333","0.14","0.093333333","0.85","0.566666667","100","14.14141414","66.66666667","3.111111111","3.111111111","18.88888889","22","4.666666667","4.666666667","28.33333333","33"
"","","UGP2014NAM-OT03","","","","","","","","","UGP2014NAM-OT03-00973","","","","3","1","1","2","5","1","3","1","0","0","0","0","3.5","","","","","","","0","3.5","0","","","","0","0","0","0","0","0","3.5","1.166666667","","0","33.33333333","0","0","38.88888889","38.88888889","0","0","116.6666667","116.6666667"
"","","UGP2014NAM-OT03","","","","","","","","","UGP2014NAM-OT03-00974","","","","3","1","2","3","5","2","4","1","0","0","0","0","2","","","","","","","0","2","0","","","","0","0","0","0","0","0","2","0.666666667","","0","33.33333333","0","0","22.22222222","22.22222222","0","0","66.66666667","66.66666667"
"","","UGP2014NAM-OT03","","","","","","","","","UGP2014NAM-OT03-00975","","","","3","1","2","4","6","2","3","1","2","0","0.4","0","0.5","2","4","4","2","5","0.12","0.4","0.9","2","0.2","","0.2","2","0.666666667","2","0.666666667","0.4","0.133333333","0.5","0.166666667","100","44.44444444","33.33333333","4.444444444","4.444444444","5.555555556","10","13.33333333","13.33333333","16.66666667","30"
"","","UGP2014NAM-OT03","","","","","","","","","UGP2014NAM-OT03-00976","","","","3","1","1","3","6","2","4","1","1","0","0.16","0","14","2","1","1","3","5","0.02","0.16","14.16","1","0.16","","0.16","1","0.333333333","1","0.333333333","0.16","0.053333333","14","4.666666667","100","1.129943503","33.33333333","1.777777778","1.777777778","155.5555556","157.3333333","5.333333333","5.333333333","466.6666667","472"
"","","UGP2014NAM-OT03","","","","","","","","","UGP2014NAM-OT03-00977","","","","3","3","1","6","7","3","5","3","5","5","1","0.12","1.6","2","1","1","4","1","3.03","1.12","2.72","10","0.2","0.024","0.112","3.333333333","3.333333333","1.666666667","1.666666667","0.373333333","0.373333333","0.533333333","0.533333333","50","41.17647059","100","11.11111111","12.44444444","17.77777778","30.22222222","11.11111111","12.44444444","17.77777778","30.22222222"
"","","UGP2014NAM-OT03","","","","","","","","","UGP2014NAM-OT03-00978","","","","3","3","3","3","6","4","8","3","0","0","0","0","3.5","","","","","","","0","3.5","0","","","","0","0","0","0","0","0","1.166666667","1.166666667","","0","100","0","0","38.88888889","38.88888889","0","0","38.88888889","38.88888889"
"","","UGP2014NAM-OT03","","","","","","","","","UGP2014NAM-OT03-00979","","","","3","1","1","2","6","3","5","1","1","2","0.08","0.1","1.4","8","1","1","4","7","0.02","0.18","1.58","3","0.08","0.05","0.06","3","1","1","0.333333333","0.18","0.06","1.4","0.466666667","33.33333333","11.39240506","33.33333333","0.888888889","2","15.55555556","17.55555556","2.666666667","6","46.66666667","52.66666667"
"","","UGP2014NAM-OT03","","","","","","","","","UGP2014NAM-OT03-00980","","","","3","2","1","3","5","3","6","2","3","3","0.37","0.08","2.3","2","1","1","5","1","0.12","0.45","2.75","6","0.123333333","0.026666667","0.075","3","2","1.5","1","0.225","0.15","1.15","0.766666667","50","16.36363636","66.66666667","4.111111111","5","25.55555556","30.55555556","6.166666667","7.5","38.33333333","45.83333333"
"","","UGP2014NAM-OT03","","","","","","","","","UGP2014NAM-OT03-00981","","","","3","3","2","6","6","2","3","3","3","","0.48","0.01","3.5","9","1","1","2","5","0.12","0.49","3.99","","0.16","","","","","1","1","0.163333333","0.163333333","1.166666667","1.166666667","","12.28070175","100","5.333333333","5.444444444","38.88888889","44.33333333","5.333333333","5.444444444","38.88888889","44.33333333"
"","","UGP2014NAM-OT03","","","","","","","","","UGP2014NAM-OT03-00982","","","","3","2","1","2","6","2","3","2","0","0","0","0","1","","","","","","","0","1","0","","","","0","0","0","0","0","0","0.5","0.333333333","","0","66.66666667","0","0","11.11111111","11.11111111","0","0","16.66666667","16.66666667"
"","","UGP2014NAM-OT03","","","","","","","","","UGP2014NAM-OT03-00983","","","","3","3","2","3","7","2","4","3","1","5","0.1","0.16","4.2","2","1","1","9","9","0.12","0.26","4.46","6","0.1","0.032","0.043333333","2","2","0.333333333","0.333333333","0.086666667","0.086666667","1.4","1.4","16.66666667","5.829596413","100","1.111111111","2.888888889","46.66666667","49.55555556","1.111111111","2.888888889","46.66666667","49.55555556"
"","","UGP2014NAM-OT03","","","","","","","","","UGP2014NAM-OT03-00984","","","","3","2","2","2","6","2","4","2","1","1","0.24","0.02","1.6","2","1","1","2","5","0.12","0.26","1.86","2","0.24","0.02","0.13","1","0.666666667","0.5","0.333333333","0.13","0.086666667","0.8","0.533333333","50","13.97849462","66.66666667","2.666666667","2.888888889","17.77777778","20.66666667","4","4.333333333","26.66666667","31"
"","","UGP2014NAM-OT03","","","","","","","","","UGP2014NAM-OT03-00985","","","","3","3","2","3","7","3","5","3","2","0","0.88","0","1.5","2","1","1","1","1","0.12","0.88","2.38","2","0.44","","0.44","0.666666667","0.666666667","0.666666667","0.666666667","0.293333333","0.293333333","0.5","0.5","100","36.97478992","100","9.777777778","9.777777778","16.66666667","26.44444444","9.777777778","9.777777778","16.66666667","26.44444444"
"","","UGP2014NAM-OT03","","","","","","","","","UGP2014NAM-OT03-00986","","","","3","2","5","8","6","2","4","2","3","3","0.28","0.08","1.7","6","1","1","3","5","0.12","0.36","2.06","6","0.093333333","0.026666667","0.06","3","2","1.5","1","0.18","0.12","0.85","0.566666667","50","17.47572816","66.66666667","3.111111111","4","18.88888889","22.88888889","4.666666667","6","28.33333333","34.33333333"
"","","UGP2014NAM-OT03","","","","","","","","","UGP2014NAM-OT03-00987","","","","3","1","3","4","5","2","3","1","1","0","0.2","0","0.2","8","1","1","1","5","5.46","0.2","0.4","1","0.2","","0.2","1","0.333333333","1","0.333333333","0.2","0.066666667","0.2","0.066666667","100","50","33.33333333","2.222222222","2.222222222","2.222222222","4.444444444","6.666666667","6.666666667","6.666666667","13.33333333"
"","","UGP2014NAM-OT03","","","","","","","","","UGP2014NAM-OT03-00988","","","","3","2","1","3","7","3","5","2","3","2","0.3","0.05","0.7","6","1","2","1","7","4.41","0.35","1.05","5","0.1","0.025","0.07","2.5","1.666666667","1.5","1","0.175","0.116666667","0.35","0.233333333","60","33.33333333","66.66666667","3.333333333","3.888888889","7.777777778","11.66666667","5","5.833333333","11.66666667","17.5"
"","","UGP2014NAM-OT03","","","","","","","","","UGP2014NAM-OT03-00989","","","","3","2","7","8","7","2","3","2","7","2","0.96","0.08","2.5","9","1","1","1","5","7.76","1.04","3.54","9","0.137142857","0.04","0.115555556","4.5","3","3.5","2.333333333","0.52","0.346666667","1.25","0.833333333","77.77777778","29.37853107","66.66666667","10.66666667","11.55555556","27.77777778","39.33333333","16","17.33333333","41.66666667","59"
"","","UGP2014NAM-OT03","","","","","","","","","UGP2014NAM-OT03-00990","","","","3","1","1","2","6","1","2","1","0","5","0","0.1","1","8","1","1","1","9","0","0.1","1.1","5","","0.02","0.02","5","1.666666667","0","0","0.1","0.033333333","1","0.333333333","0","9.090909091","33.33333333","0","1.111111111","11.11111111","12.22222222","0","3.333333333","33.33333333","36.66666667"
"","","UGP2014NAM-OT03","","","","","","","","","UGP2014NAM-OT03-00991","","","","3","2","1","4","8","2","3","2","1","2","0.68","0.08","4.5","9","1","1","1","1","0.02","0.76","5.26","3","0.68","0.04","0.253333333","1.5","1","0.5","0.333333333","0.38","0.253333333","2.25","1.5","33.33333333","14.4486692","66.66666667","7.555555556","8.444444444","50","58.44444444","11.33333333","12.66666667","75","87.66666667"
"","","UGP2014NAM-OT03","","","","","","","","","UGP2014NAM-OT03-00992","","","","3","1","2","3","7","2","3","1","0","0","0","0","4.3","","","","","","","0","4.3","0","","","","0","0","0","0","0","0","4.3","1.433333333","","0","33.33333333","0","0","47.77777778","47.77777778","0","0","143.3333333","143.3333333"
"","","UGP2014NAM-OT03","","","","","","","","","UGP2014NAM-OT03-00993","","","","3","1","1","2","5","2","2","1","0","0","0","0","0.18","","","","","","","0","0.18","0","","","","0","0","0","0","0","0","0.18","0.06","","0","33.33333333","0","0","2","2","0","0","6","6"
"","","UGP2014NAM-OT03","","","","","","","","","UGP2014NAM-OT03-00994","","","","3","2","2","3","6","1","6","2","2","1","0.44","0.04","1.7","9","1","1","1","5","10.5","0.48","2.18","3","0.22","0.04","0.16","1.5","1","1","0.666666667","0.24","0.16","0.85","0.566666667","66.66666667","22.01834862","66.66666667","4.888888889","5.333333333","18.88888889","24.22222222","7.333333333","8","28.33333333","36.33333333"
"","","UGP2014NAM-OT03","","","","","","","","","UGP2014NAM-OT03-00995","","","","3","2","1","2","6","3","4","2","0","0","0","0","1.3","","","","","","","0","1.3","0","","","","0","0","0","0","0","0","0.65","0.433333333","","0","66.66666667","0","0","14.44444444","14.44444444","0","0","21.66666667","21.66666667"
"","","UGP2014NAM-OT03","","","","","","","","","UGP2014NAM-OT03-00996","","","","3","2","1","2","5","2","3","2","0","0","0","0","1.5","","","","","","","0","1.5","0","","","","0","0","0","0","0","0","0.75","0.5","","0","66.66666667","0","0","16.66666667","16.66666667","0","0","25","25"
"","","UGP2014NAM-OT03","","","","","","","","","UGP2014NAM-OT03-00997","","","","3","1","1","2","6","2","7","1","1","0","0.2","0","1","2","1","1","1","5","0","0.2","1.2","1","0.2","","0.2","1","0.333333333","1","0.333333333","0.2","0.066666667","1","0.333333333","100","16.66666667","33.33333333","2.222222222","2.222222222","11.11111111","13.33333333","6.666666667","6.666666667","33.33333333","40"
"","","UGP2014NAM-OT03","","","","","","","","","UGP2014NAM-OT03-00998","","","","3","1","2","4","5","4","3","1","0","0","0","0","0.3","","","","","","","0","0.3","0","","","","0","0","0","0","0","0","0.3","0.1","","0","33.33333333","0","0","3.333333333","3.333333333","0","0","10","10"
"","","UGP2014NAM-OT03","","","","","","","","","UGP2014NAM-OT03-00999","","","","3","1","2","3","6","2","4","1","0","0","0","0","0.2","","","","","","","0","0.2","0","","","","0","0","0","0","0","0","0.2","0.066666667","","0","33.33333333","0","0","2.222222222","2.222222222","0","0","6.666666667","6.666666667"
"","","UGP2014NAM-OT03","","","","","","","","","UGP2014NAM-OT03-01000","","","","3","2","1","2","6","2","7","2","3","0","0.7","0","0.2","8","1","1","1","5","0.12","0.7","0.9","3","0.233333333","","0.233333333","1.5","1","1.5","1","0.35","0.233333333","0.1","0.066666667","100","77.77777778","66.66666667","7.777777778","7.777777778","2.222222222","10","11.66666667","11.66666667","3.333333333","15"
"","","UGP2014NAM-OT03","","","","","","","","","UGP2014NAM-OT03-01001","","","","3","2","1","2","8","4","2","2","2","3","0.68","0.12","4","6","1","1","1","3","0.12","0.8","4.8","5","0.34","0.04","0.16","2.5","1.666666667","1","0.666666667","0.4","0.266666667","2","1.333333333","40","16.66666667","66.66666667","7.555555556","8.888888889","44.44444444","53.33333333","11.33333333","13.33333333","66.66666667","80"
"","","UGP2014NAM-OT03","","","","","","","","","UGP2014NAM-OT03-01002","","","","3","2","1","2","8","1","3","2","1","0","0.12","0","4.5","2","1","2","1","7","3.96","0.12","4.62","1","0.12","","0.12","0.5","0.333333333","0.5","0.333333333","0.06","0.04","2.25","1.5","100","2.597402597","66.66666667","1.333333333","1.333333333","50","51.33333333","2","2","75","77"
"","","UGP2014NAM-OT03","","","","","","","","","UGP2014NAM-OT03-01003","","","","3","1","3","6","8","2","3","1","2","2","0.6","0.02","2.3","6","1","1","1","5","0","0.62","2.92","4","0.3","0.01","0.155","4","1.333333333","2","0.666666667","0.62","0.206666667","2.3","0.766666667","50","21.23287671","33.33333333","6.666666667","6.888888889","25.55555556","32.44444444","20","20.66666667","76.66666667","97.33333333"
"","","UGP2014NAM-OT03","","","","","","","","","UGP2014NAM-OT03-01004","","","","3","3","2","3","7","1","3","3","3","0","0.5","0","2.7","2","1","1","1","5","0.12","0.5","3.2","3","0.166666667","","0.166666667","1","1","1","1","0.166666667","0.166666667","0.9","0.9","100","15.625","100","5.555555556","5.555555556","30","35.55555556","5.555555556","5.555555556","30","35.55555556"
"","","UGP2014NAM-OT03","","","","","","","","","UGP2014NAM-OT03-01005","","","","3","3","1","3","9","1","2","3","0","0","0","0","7","","","","","","","0","7","0","","","","0","0","0","0","0","0","2.333333333","2.333333333","","0","100","0","0","77.77777778","77.77777778","0","0","77.77777778","77.77777778"
"","","UGP2014NAM-OT03","","","","","","","","","UGP2014NAM-OT03-01006","","","","3","2","1","4","5","3","6","2","3","0","0.4","0","2.5","9","1","2","1","3","4.92","0.4","2.9","3","0.133333333","","0.133333333","1.5","1","1.5","1","0.2","0.133333333","1.25","0.833333333","100","13.79310345","66.66666667","4.444444444","4.444444444","27.77777778","32.22222222","6.666666667","6.666666667","41.66666667","48.33333333"
"","","UGP2014NAM-OT03","","","","","","","","","UGP2014NAM-OT03-01007","","","","3","0","","","","","","0","0","0","0","0","0","","","","","","","0","0","0","","","","","0","","0","","0","","0","","","0","0","0","0","0","","","",""
"","","UGP2014NAM-OT03","","","","","","","","","UGP2014NAM-OT03-01008","","","","3","0","","","","","","0","0","0","0","0","0","","","","","","","0","0","0","","","","","0","","0","","0","","0","","","0","0","0","0","0","","","",""
"","","UGP2014NAM-OT03","","","","","","","","","UGP2014NAM-OT03-01009","","","","3","2","2","7","8","2","3","2","3","3","0.02","0.02","3.2","2","1","2","1","5","4.61","0.04","3.24","6","0.006666667","0.006666667","0.006666667","3","2","1.5","1","0.02","0.013333333","1.6","1.066666667","50","1.234567901","66.66666667","0.222222222","0.444444444","35.55555556","36","0.333333333","0.666666667","53.33333333","54"
"","","UGP2014NAM-OT03","","","","","","","","","UGP2014NAM-OT03-01010","","","","3","2","2","2","6","3","6","2","0","0","0","0","1.5","","","","","","","0","1.5","0","","","","0","0","0","0","0","0","0.75","0.5","","0","66.66666667","0","0","16.66666667","16.66666667","0","0","25","25"
"","","UGP2014NAM-OT03","","","","","","","","","UGP2014NAM-OT03-01011","","","","3","2","2","2","5","2","4","2","1","1","0.08","0.08","1.7","2","1","1","1","7","0.15","0.16","1.86","2","0.08","0.08","0.08","1","0.666666667","0.5","0.333333333","0.08","0.053333333","0.85","0.566666667","50","8.602150538","66.66666667","0.888888889","1.777777778","18.88888889","20.66666667","1.333333333","2.666666667","28.33333333","31"
"","","UGP2014NAM-OT03","","","","","","","","","UGP2014NAM-OT03-01012","","","","3","2","2","3","6","1","2","2","2","2","","","3.2","8","1","1","1","3","0","","","4","","","","2","1.333333333","1","0.666666667","","","1.6","1.066666667","50","","66.66666667","","","35.55555556","","","","53.33333333",""
"","","UGP2014NAM-OT03","","","","","","","","","UGP2014NAM-OT03-01013","","","","3","3","1","3","8","3","5","3","2","2","0.08","0.08","2","9","1","1","1","3","0","0.16","2.16","4","0.04","0.04","0.04","1.333333333","1.333333333","0.666666667","0.666666667","0.053333333","0.053333333","0.666666667","0.666666667","50","7.407407407","100","0.888888889","1.777777778","22.22222222","24","0.888888889","1.777777778","22.22222222","24"
"","","UGP2014NAM-OT03","","","","","","","","","UGP2014NAM-OT03-01014","","","","3","1","1","2","6","1","2","1","0","0","0","0","0.6","","","","","","","0","0.6","0","","","","0","0","0","0","0","0","0.6","0.2","","0","33.33333333","0","0","6.666666667","6.666666667","0","0","20","20"
"","","UGP2014NAM-OT03","","","","","","","","","UGP2014NAM-OT03-01015","","","","3","3","1","2","6","4","7","3","5","5","0.08","0.08","1.6","2","1","1","1","7","0.12","0.16","1.76","10","0.016","0.016","0.016","3.333333333","3.333333333","1.666666667","1.666666667","0.053333333","0.053333333","0.533333333","0.533333333","50","9.090909091","100","0.888888889","1.777777778","17.77777778","19.55555556","0.888888889","1.777777778","17.77777778","19.55555556"
"","","UGP2014NAM-OT03","","","","","","","","","UGP2014NAM-OT03-01016","","","","3","2","1","2","5","2","4","2","2","2","0.04","0.04","3","8","1","1","1","5","0","0.08","3.08","4","0.02","0.02","0.02","2","1.333333333","1","0.666666667","0.04","0.026666667","1.5","1","50","2.597402597","66.66666667","0.444444444","0.888888889","33.33333333","34.22222222","0.666666667","1.333333333","50","51.33333333"
"","","UGP2014NAM-OT03","","","","","","","","","UGP2014NAM-OT03-01017","","","","3","1","2","4","6","2","3","1","1","1","0.04","0.04","1","2","1","1","1","3","0.02","0.08","1.08","2","0.04","0.04","0.04","2","0.666666667","1","0.333333333","0.08","0.026666667","1","0.333333333","50","7.407407407","33.33333333","0.444444444","0.888888889","11.11111111","12","1.333333333","2.666666667","33.33333333","36"
"","","UGP2014NAM-OT03","","","","","","","","","UGP2014NAM-OT03-01019","","","","3","2","1","2","5","3","6","2","0","0","0","0","1","","","","","","","0","1","0","","","","0","0","0","0","0","0","0.5","0.333333333","","0","66.66666667","0","0","11.11111111","11.11111111","0","0","16.66666667","16.66666667"
"","","UGP2014NAM-OT03","","","","","","","","","UGP2014NAM-OT03-01020","","","","3","3","1","2","5","3","6","3","2","3","0.28","0.07","0.37","9","1","1","3","5","0","0.35","0.72","5","0.14","0.023333333","0.07","1.666666667","1.666666667","0.666666667","0.666666667","0.116666667","0.116666667","0.123333333","0.123333333","40","48.61111111","100","3.111111111","3.888888889","4.111111111","8","3.111111111","3.888888889","4.111111111","8"
"","","UGP2014NAM-OT03","","","","","","","","","UGP2014NAM-OT03-01021","","","","3","2","1","2","6","4","7","2","5","2","1.4","0.04","3","2","3","2","5","1","7.76","1.44","4.44","7","0.28","0.02","0.205714286","3.5","2.333333333","2.5","1.666666667","0.72","0.48","1.5","1","71.42857143","32.43243243","66.66666667","15.55555556","16","33.33333333","49.33333333","23.33333333","24","50","74"
"","","UGP2014NAM-OT03","","","","","","","","","UGP2014NAM-OT03-01022","","","","3","2","1","3","5","2","5","2","0","2","0","0.08","1","9","1","1","3","9","0.12","0.08","1.08","2","","0.04","0.04","1","0.666666667","0","0","0.04","0.026666667","0.5","0.333333333","0","7.407407407","66.66666667","0","0.888888889","11.11111111","12","0","1.333333333","16.66666667","18"
"","","UGP2014NAM-OT03","","","","","","","","","UGP2014NAM-OT03-01023","","","","3","2","3","4","5","3","6","2","7","0","0.68","0","0.28","2","1","1","4","3","0","0.68","0.96","7","0.097142857","","0.097142857","3.5","2.333333333","3.5","2.333333333","0.34","0.226666667","0.14","0.093333333","100","70.83333333","66.66666667","7.555555556","7.555555556","3.111111111","10.66666667","11.33333333","11.33333333","4.666666667","16"
"","","UGP2014NAM-OT03","","","","","","","","","UGP2014NAM-OT03-01024","","","","3","3","1","2","5","3","7","3","0","0","0","0","1","","","","","","","0","1","0","","","","0","0","0","0","0","0","0.333333333","0.333333333","","0","100","0","0","11.11111111","11.11111111","0","0","11.11111111","11.11111111"
"","","UGP2014NAM-OT03","","","","","","","","","UGP2014NAM-OT03-01025","","","","3","3","1","2","5","3","7","3","1","0","0.28","0","0.9","2","2","2","1","3","0","0.28","1.18","1","0.28","","0.28","0.333333333","0.333333333","0.333333333","0.333333333","0.093333333","0.093333333","0.3","0.3","100","23.72881356","100","3.111111111","3.111111111","10","13.11111111","3.111111111","3.111111111","10","13.11111111"
"","","UGP2014NAM-OT03","","","","","","","","","UGP2014NAM-OT03-01026","","","","3","3","1","2","7","2","7","3","1","3","0.1","0.08","4.3","2","1","1","9","5","0.15","0.18","4.48","4","0.1","0.026666667","0.045","1.333333333","1.333333333","0.333333333","0.333333333","0.06","0.06","1.433333333","1.433333333","25","4.017857143","100","1.111111111","2","47.77777778","49.77777778","1.111111111","2","47.77777778","49.77777778"
"","","UGP2014NAM-OT03","","","","","","","","","UGP2014NAM-OT03-01027","","","","3","3","1","3","8","3","4","3","6","4","0.64","0.12","7","8","1","1","2","5","0.12","0.76","7.76","10","0.106666667","0.03","0.076","3.333333333","3.333333333","2","2","0.253333333","0.253333333","2.333333333","2.333333333","60","9.793814433","100","7.111111111","8.444444444","77.77777778","86.22222222","7.111111111","8.444444444","77.77777778","86.22222222"
"","","UGP2014NAM-OT03","","","","","","","","","UGP2014NAM-OT03-01028","","","","3","3","3","4","7","3","5","3","2","1","0.3","0.04","1.5","9","1","1","3","5","0","0.34","1.84","3","0.15","0.04","0.113333333","1","1","0.666666667","0.666666667","0.113333333","0.113333333","0.5","0.5","66.66666667","18.47826087","100","3.333333333","3.777777778","16.66666667","20.44444444","3.333333333","3.777777778","16.66666667","20.44444444"
"","","UGP2014NAM-OT03","","","","","","","","","UGP2014NAM-OT03-01029","","","","3","3","1","2","5","3","6","3","1","0","0.08","0","0.05","2","1","1","6","7","14.37","0.08","0.13","1","0.08","","0.08","0.333333333","0.333333333","0.333333333","0.333333333","0.026666667","0.026666667","0.016666667","0.016666667","100","61.53846154","100","0.888888889","0.888888889","0.555555556","1.444444444","0.888888889","0.888888889","0.555555556","1.444444444"
"","","UGP2014NAM-OT03","","","","","","","","","UGP2014NAM-OT03-01030","","","","3","0","","","","","","0","0","0","0","0","0","","","","","","","0","0","0","","","","","0","","0","","0","","0","","","0","0","0","0","0","","","",""
"","","UGP2014NAM-OT03","","","","","","","","","UGP2014NAM-OT03-01031","","","","3","3","3","3","7","4","6","3","0","3","0","0.07","3.5","9","1","1","9","9","0.12","0.07","3.57","3","","0.023333333","0.023333333","1","1","0","0","0.023333333","0.023333333","1.166666667","1.166666667","0","1.960784314","100","0","0.777777778","38.88888889","39.66666667","0","0.777777778","38.88888889","39.66666667"
"","","UGP2014NAM-OT03","","","","","","","","","UGP2014NAM-OT03-01032","","","","3","3","4","7","6","3","5","3","4","5","0.4","0.1","1","8","3","1","8","7","10.5","0.5","1.5","9","0.1","0.02","0.055555556","3","3","1.333333333","1.333333333","0.166666667","0.166666667","0.333333333","0.333333333","44.44444444","33.33333333","100","4.444444444","5.555555556","11.11111111","16.66666667","4.444444444","5.555555556","11.11111111","16.66666667"
"","","UGP2014NAM-OT03","","","","","","","","","UGP2014NAM-OT03-01033","","","","3","2","1","2","7","2","4","2","3","3","0.48","0.1","3.6","9","2","1","2","5","0.02","0.58","4.18","6","0.16","0.033333333","0.096666667","3","2","1.5","1","0.29","0.193333333","1.8","1.2","50","13.87559809","66.66666667","5.333333333","6.444444444","40","46.44444444","8","9.666666667","60","69.66666667"
"","","UGP2014NAM-OT03","","","","","","","","","UGP2014NAM-OT03-01034","","","","3","2","1","3","9","2","4","2","0","0","0","0","8.5","","","","","","","0","8.5","0","","","","0","0","0","0","0","0","4.25","2.833333333","","0","66.66666667","0","0","94.44444444","94.44444444","0","0","141.6666667","141.6666667"
"","","UGP2014NAM-OT03","","","","","","","","","UGP2014NAM-OT03-01035","","","","3","2","2","2","6","2","3","2","0","0","0","0","3.5","","","","","","","0","3.5","0","","","","0","0","0","0","0","0","1.75","1.166666667","","0","66.66666667","0","0","38.88888889","38.88888889","0","0","58.33333333","58.33333333"
"","","UGP2014NAM-OT03","","","","","","","","","UGP2014NAM-OT03-01036","","","","3","1","1","2","7","2","3","1","3","0","0.5","0","1","9","1","2","2","3","5.46","0.5","1.5","3","0.166666667","","0.166666667","3","1","3","1","0.5","0.166666667","1","0.333333333","100","33.33333333","33.33333333","5.555555556","5.555555556","11.11111111","16.66666667","16.66666667","16.66666667","33.33333333","50"
"","","UGP2014NAM-OT03","","","","","","","","","UGP2014NAM-OT03-01037","","","","3","2","2","3","8","3","4","2","1","2","0.08","0.01","6","6","1","1","3","7","1.5","0.09","6.09","3","0.08","0.005","0.03","1.5","1","0.5","0.333333333","0.045","0.03","3","2","33.33333333","1.477832512","66.66666667","0.888888889","1","66.66666667","67.66666667","1.333333333","1.5","100","101.5"
"","","UGP2014NAM-OT03","","","","","","","","","UGP2014NAM-OT03-01038","","","","3","0","","","","","","0","0","0","0","0","0","","","","","","","0","0","0","","","","","0","","0","","0","","0","","","0","0","0","0","0","","","",""
"","","UGP2014NAM-OT03","","","","","","","","","UGP2014NAM-OT03-01039","","","","3","2","1","2","7","1","2","2","0","0","0","0","5","","","","","","","0","5","0","","","","0","0","0","0","0","0","2.5","1.666666667","","0","66.66666667","0","0","55.55555556","55.55555556","0","0","83.33333333","83.33333333"
"","","UGP2014NAM-OT03","","","","","","","","","UGP2014NAM-OT03-01040","","","","3","0","","","","","","0","0","0","0","0","0","","","","","","","0","0","0","","","","","0","","0","","0","","0","","","0","0","0","0","0","","","",""
"","","UGP2014NAM-OT03","","","","","","","","","UGP2014NAM-OT03-01041","","","","3","3","1","3","6","2","3","3","0","0","0","0","1.5","","","","","","","0","1.5","0","","","","0","0","0","0","0","0","0.5","0.5","","0","100","0","0","16.66666667","16.66666667","0","0","16.66666667","16.66666667"
"","","UGP2014NAM-OT03","","","","","","","","","UGP2014NAM-OT03-01042","","","","3","2","1","2","6","3","4","2","0","0","0","0","2","","","","","","","0","2","0","","","","0","0","0","0","0","0","1","0.666666667","","0","66.66666667","0","0","22.22222222","22.22222222","0","0","33.33333333","33.33333333"
"","","UGP2014NAM-OT03","","","","","","","","","UGP2014NAM-OT03-01043","","","","3","3","1","2","8","2","3","3","1","2","0.2","0.04","5","9","1","1","8","7","0.15","0.24","5.24","3","0.2","0.02","0.08","1","1","0.333333333","0.333333333","0.08","0.08","1.666666667","1.666666667","33.33333333","4.580152672","100","2.222222222","2.666666667","55.55555556","58.22222222","2.222222222","2.666666667","55.55555556","58.22222222"
"","","UGP2014NAM-OT03","","","","","","","","","UGP2014NAM-OT03-01044","","","","3","2","1","3","9","1","3","2","0","0","0","0","7","","","","","","","0","7","0","","","","0","0","0","0","0","0","3.5","2.333333333","","0","66.66666667","0","0","77.77777778","77.77777778","0","0","116.6666667","116.6666667"
"","","UGP2014NAM-OT03","","","","","","","","","UGP2014NAM-OT03-01045","","","","3","0","","","","","","0","0","0","0","0","0","","","","","","","0","0","0","","","","","0","","0","","0","","0","","","0","0","0","0","0","","","",""
"","","UGP2014NAM-OT03","","","","","","","","","UGP2014NAM-OT03-01046","","","","3","1","2","3","7","2","3","1","0","0","0","0","2.5","","","","","","","0","2.5","0","","","","0","0","0","0","0","0","2.5","0.833333333","","0","33.33333333","0","0","27.77777778","27.77777778","0","0","83.33333333","83.33333333"
"","","UGP2014NAM-OT03","","","","","","","","","UGP2014NAM-OT03-01047","","","","3","0","","","","","","0","0","0","0","0","0","","","","","","","0","0","0","","","","","0","","0","","0","","0","","","0","0","0","0","0","","","",""
"","","UGP2014NAM-OT03","","","","","","","","","UGP2014NAM-OT03-01048","","","","3","2","2","6","7","1","2","2","1","2","0.2","0.04","1.5","6","1","1","4","5","0.12","0.24","1.74","3","0.2","0.02","0.08","1.5","1","0.5","0.333333333","0.12","0.08","0.75","0.5","33.33333333","13.79310345","66.66666667","2.222222222","2.666666667","16.66666667","19.33333333","3.333333333","4","25","29"
"","","UGP2014NAM-OT03","","","","","","","","","UGP2014NAM-OT03-01049","","","","3","3","1","2","5","2","3","3","5","1","0.8","0.04","1","8","1","1","5","3","4.41","0.84","1.84","6","0.16","0.04","0.14","2","2","1.666666667","1.666666667","0.28","0.28","0.333333333","0.333333333","83.33333333","45.65217391","100","8.888888889","9.333333333","11.11111111","20.44444444","8.888888889","9.333333333","11.11111111","20.44444444"
"","","UGP2014NAM-OT03","","","","","","","","","UGP2014NAM-OT03-01050","","","","3","2","1","2","8","2","3","2","3","1","0.18","0.05","2.1","9","1","1","8","7","3.96","0.23","2.33","4","0.06","0.05","0.0575","2","1.333333333","1.5","1","0.115","0.076666667","1.05","0.7","75","9.871244635","66.66666667","2","2.555555556","23.33333333","25.88888889","3","3.833333333","35","38.83333333"
"","","UGP2014NAM-OT03","","","","","","","","","UGP2014NAM-OT03-01051","","","","3","2","3","6","6","1","2","2","0","0","0","0","4","","","","","","","0","4","0","","","","0","0","0","0","0","0","2","1.333333333","","0","66.66666667","0","0","44.44444444","44.44444444","0","0","66.66666667","66.66666667"
"","","UGP2014NAM-OT03","","","","","","","","","UGP2014NAM-OT03-01052","","","","3","2","1","3","8","3","5","2","1","1","0.04","0.03","2.8","8","2","1","1","3","1.65","0.07","2.87","2","0.04","0.03","0.035","1","0.666666667","0.5","0.333333333","0.035","0.023333333","1.4","0.933333333","50","2.43902439","66.66666667","0.444444444","0.777777778","31.11111111","31.88888889","0.666666667","1.166666667","46.66666667","47.83333333"
"","","UGP2014NAM-OT03","","","","","","","","","UGP2014NAM-OT03-01053","","","","3","3","1","2","6","3","5","3","0","0","0","0","1","","","","","","","0","1","0","","","","0","0","0","0","0","0","0.333333333","0.333333333","","0","100","0","0","11.11111111","11.11111111","0","0","11.11111111","11.11111111"
"","","UGP2014NAM-OT03","","","","","","","","","UGP2014NAM-OT03-01054","","","","3","2","1","2","7","1","3","2","3","2","0.44","0.04","1.2","6","1","2","5","5","0.15","0.48","1.68","5","0.146666667","0.02","0.096","2.5","1.666666667","1.5","1","0.24","0.16","0.6","0.4","60","28.57142857","66.66666667","4.888888889","5.333333333","13.33333333","18.66666667","7.333333333","8","20","28"
"","","UGP2014NAM-OT03","","","","","","","","","UGP2014NAM-OT03-01055","","","","3","3","1","5","6","3","5","3","0","3","0","0.04","1.3","9","1","1","3","9","3.03","0.04","1.34","3","","0.013333333","0.013333333","1","1","0","0","0.013333333","0.013333333","0.433333333","0.433333333","0","2.985074627","100","0","0.444444444","14.44444444","14.88888889","0","0.444444444","14.44444444","14.88888889"
"","","UGP2014NAM-OT03","","","","","","","","","UGP2014NAM-OT03-01056","","","","3","3","1","2","5","4","7","3","0","0","0","0","0.9","","","","","","","0","0.9","0","","","","0","0","0","0","0","0","0.3","0.3","","0","100","0","0","10","10","0","0","10","10"
"","","UGP2014NAM-OT03","","","","","","","","","UGP2014NAM-OT03-01057","","","","3","3","1","3","6","2","4","3","1","0","0.08","0","2.5","8","1","1","2","7","0.12","0.08","2.58","1","0.08","","0.08","0.333333333","0.333333333","0.333333333","0.333333333","0.026666667","0.026666667","0.833333333","0.833333333","100","3.100775194","100","0.888888889","0.888888889","27.77777778","28.66666667","0.888888889","0.888888889","27.77777778","28.66666667"
"","","UGP2014NAM-OT03","","","","","","","","","UGP2014NAM-OT03-01058","","","","3","1","1","2","5","1","2","1","1","0","0.09","0","0.5","5","1","1","3","7","7.76","0.09","0.59","1","0.09","","0.09","1","0.333333333","1","0.333333333","0.09","0.03","0.5","0.166666667","100","15.25423729","33.33333333","1","1","5.555555556","6.555555556","3","3","16.66666667","19.66666667"
"","","UGP2014NAM-OT03","","","","","","","","","UGP2014NAM-OT03-01059","","","","3","3","1","3","6","1","3","3","1","8","0.08","0.16","0.99","9","2","2","3","7","0.15","0.24","1.23","9","0.08","0.02","0.026666667","3","3","0.333333333","0.333333333","0.08","0.08","0.33","0.33","11.11111111","19.51219512","100","0.888888889","2.666666667","11","13.66666667","0.888888889","2.666666667","11","13.66666667"
"","","UGP2014NAM-OT03","","","","","","","","","UGP2014NAM-OT03-01060","","","","3","3","1","3","7","3","5","3","1","0","0.18","0","16","9","1","1","2","5","0","0.18","16.18","1","0.18","","0.18","0.333333333","0.333333333","0.333333333","0.333333333","0.06","0.06","5.333333333","5.333333333","100","1.112484549","100","2","2","177.7777778","179.7777778","2","2","177.7777778","179.7777778"
"","","UGP2014NAM-OT03","","","","","","","","","UGP2014NAM-OT03-01061","","","","3","2","3","4","6","2","4","2","0","0","0","0","2.5","","","","","","","0","2.5","0","","","","0","0","0","0","0","0","1.25","0.833333333","","0","66.66666667","0","0","27.77777778","27.77777778","0","0","41.66666667","41.66666667"
"","","UGP2014NAM-OT03","","","","","","","","","UGP2014NAM-OT03-01062","","","","3","2","1","2","6","1","3","2","4","0","0.8","0","1","9","1","2","2","3","0","0.8","1.8","4","0.2","","0.2","2","1.333333333","2","1.333333333","0.4","0.266666667","0.5","0.333333333","100","44.44444444","66.66666667","8.888888889","8.888888889","11.11111111","20","13.33333333","13.33333333","16.66666667","30"
"","","UGP2014NAM-OT03","","","","","","","","","UGP2014NAM-OT03-01063","","","","3","3","3","4","6","1","3","3","5","2","0.6","0.04","2","9","1","1","5","3","7.76","0.64","2.64","7","0.12","0.02","0.091428571","2.333333333","2.333333333","1.666666667","1.666666667","0.213333333","0.213333333","0.666666667","0.666666667","71.42857143","24.24242424","100","6.666666667","7.111111111","22.22222222","29.33333333","6.666666667","7.111111111","22.22222222","29.33333333"
"","","UGP2014NAM-OT03","","","","","","","","","UGP2014NAM-OT03-01064","","","","3","3","1","3","6","3","6","3","5","2","0.6","0.08","1.5","6","1","1","5","3","4.92","0.68","2.18","7","0.12","0.04","0.097142857","2.333333333","2.333333333","1.666666667","1.666666667","0.226666667","0.226666667","0.5","0.5","71.42857143","31.19266055","100","6.666666667","7.555555556","16.66666667","24.22222222","6.666666667","7.555555556","16.66666667","24.22222222"
"","","UGP2014NAM-OT03","","","","","","","","","UGP2014NAM-OT03-01065","","","","3","3","3","6","9","1","3","3","12","22","1.04","0.3","3.5","6","1","1","3","3","1.38","1.34","4.84","34","0.086666667","0.013636364","0.039411765","11.33333333","11.33333333","4","4","0.446666667","0.446666667","1.166666667","1.166666667","35.29411765","27.68595041","100","11.55555556","14.88888889","38.88888889","53.77777778","11.55555556","14.88888889","38.88888889","53.77777778"
"","","UGP2014NAM-OT03","","","","","","","","","UGP2014NAM-OT03-01066","","","","3","3","3","6","9","1","3","3","13","3","","0.08","7","8","1","1","4","5","0.02","","","16","","0.026666667","","5.333333333","5.333333333","4.333333333","4.333333333","","","2.333333333","2.333333333","81.25","","100","","","77.77777778","","","","77.77777778",""
"","","UGP2014NAM-OT03","","","","","","","","","UGP2014NAM-OT03-01067","","","","3","3","3","3","6","4","7","3","0","0","0","0","2","","","","","","","0","2","0","","","","0","0","0","0","0","0","0.666666667","0.666666667","","0","100","0","0","22.22222222","22.22222222","0","0","22.22222222","22.22222222"
"","","UGP2014NAM-OT03","","","","","","","","","UGP2014NAM-OT03-01068","","","","3","2","2","3","8","3","6","2","4","1","","0.04","1.5","9","1","1","5","3","0","","","5","","0.04","","2.5","1.666666667","2","1.333333333","","","0.75","0.5","80","","66.66666667","","","16.66666667","","","","25",""
"","","UGP2014NAM-OT03","","","","","","","","","UGP2014NAM-OT03-01069","","","","3","0","","","","","","0","0","0","0","0","0","","","","","","","0","0","0","","","","","0","","0","","0","","0","","","0","0","0","0","0","","","",""
"","","UGP2014NAM-OT03","","","","","","","","","UGP2014NAM-OT03-01070","","","","3","3","2","2","8","1","3","3","1","1","0.08","0.01","6","2","1","2","2","7","0.02","0.09","6.09","2","0.08","0.01","0.045","0.666666667","0.666666667","0.333333333","0.333333333","0.03","0.03","2","2","50","1.477832512","100","0.888888889","1","66.66666667","67.66666667","0.888888889","1","66.66666667","67.66666667"
"","","UGP2014NAM-OT03","","","","","","","","","UGP2014NAM-OT03-01071","","","","3","2","2","2","6","1","3","2","0","0","0","0","1.7","","","","","","","0","1.7","0","","","","0","0","0","0","0","0","0.85","0.566666667","","0","66.66666667","0","0","18.88888889","18.88888889","0","0","28.33333333","28.33333333"
"","","UGP2014NAM-OT03","","","","","","","","","UGP2014NAM-OT03-01072","","","","3","2","2","2","7","3","6","2","0","0","0","0","1.1","","","","","","","0","1.1","0","","","","0","0","0","0","0","0","0.55","0.366666667","","0","66.66666667","0","0","12.22222222","12.22222222","0","0","18.33333333","18.33333333"
"","","UGP2014NAM-OT03","","","","","","","","","UGP2014NAM-OT03-01073","","","","3","2","2","6","5","2","4","2","2","0","0.44","0","0.38","2","1","1","3","3","0","0.44","0.82","2","0.22","","0.22","1","0.666666667","1","0.666666667","0.22","0.146666667","0.19","0.126666667","100","53.65853659","66.66666667","4.888888889","4.888888889","4.222222222","9.111111111","7.333333333","7.333333333","6.333333333","13.66666667"
"","","UGP2014NAM-OT03","","","","","","","","","UGP2014NAM-OT03-01074","","","","3","2","2","2","5","3","6","2","0","12","0","1.2","0.28","2","1","1","9","9","0.15","1.2","1.48","12","","0.1","0.1","6","4","0","0","0.6","0.4","0.14","0.093333333","0","81.08108108","66.66666667","0","13.33333333","3.111111111","16.44444444","0","20","4.666666667","24.66666667"
"","","UGP2014NAM-OT03","","","","","","","","","UGP2014NAM-OT03-01075","","","","3","1","2","4","6","2","4","1","2","12","0.16","0.08","1.5","9","2","1","8","9","1.65","0.24","1.74","14","0.08","0.006666667","0.017142857","14","4.666666667","2","0.666666667","0.24","0.08","1.5","0.5","14.28571429","13.79310345","33.33333333","1.777777778","2.666666667","16.66666667","19.33333333","5.333333333","8","50","58"
"","","UGP2014NAM-OT03","","","","","","","","","UGP2014NAM-OT03-01076","","","","3","2","2","3","5","4","8","2","0","0","0","0","1","","","","","","","0","1","0","","","","0","0","0","0","0","0","0.5","0.333333333","","0","66.66666667","0","0","11.11111111","11.11111111","0","0","16.66666667","16.66666667"
"","","UGP2014NAM-OT03","","","","","","","","","UGP2014NAM-OT03-01077","","","","3","3","2","6","9","4","3","3","1","2","0.12","0.08","0.9","9","1","1","4","3","0","0.2","1.1","3","0.12","0.04","0.066666667","1","1","0.333333333","0.333333333","0.066666667","0.066666667","0.3","0.3","33.33333333","18.18181818","100","1.333333333","2.222222222","10","12.22222222","1.333333333","2.222222222","10","12.22222222"
"","","UGP2014NAM-OT03","","","","","","","","","UGP2014NAM-OT03-01078","","","","3","0","","","","","","0","0","0","0","0","0","","","","","","","0","0","0","","","","","0","","0","","0","","0","","","0","0","0","0","0","","","",""
"","","UGP2014NAM-OT03","","","","","","","","","UGP2014NAM-OT03-01079","","","","3","3","1","3","8","1","2","3","6","7","0.84","0.18","4.5","9","1","1","5","3","0","1.02","5.52","13","0.14","0.025714286","0.078461538","4.333333333","4.333333333","2","2","0.34","0.34","1.5","1.5","46.15384615","18.47826087","100","9.333333333","11.33333333","50","61.33333333","9.333333333","11.33333333","50","61.33333333"
"","","UGP2014NAM-OT03","","","","","","","","","UGP2014NAM-OT03-01080","","","","3","2","3","6","7","3","5","2","1","0","0.16","0","2","2","1","1","7","5","0.12","0.16","2.16","1","0.16","","0.16","0.5","0.333333333","0.5","0.333333333","0.08","0.053333333","1","0.666666667","100","7.407407407","66.66666667","1.777777778","1.777777778","22.22222222","24","2.666666667","2.666666667","33.33333333","36"
"","","UGP2014NAM-OT03","","","","","","","","","UGP2014NAM-OT03-01081","","","","3","3","1","4","9","2","3","3","0","2","0","0.04","4.5","9","1","1","9","9","0.15","0.04","4.54","2","","0.02","0.02","0.666666667","0.666666667","0","0","0.013333333","0.013333333","1.5","1.5","0","0.881057269","100","0","0.444444444","50","50.44444444","0","0.444444444","50","50.44444444"
"","","UGP2014NAM-OT03","","","","","","","","","UGP2014NAM-OT03-01082","","","","3","3","1","2","9","1","2","3","4","0","0.34","0","5.5","2","1","1","2","5","1.65","0.34","5.84","4","0.085","","0.085","1.333333333","1.333333333","1.333333333","1.333333333","0.113333333","0.113333333","1.833333333","1.833333333","100","5.821917808","100","3.777777778","3.777777778","61.11111111","64.88888889","3.777777778","3.777777778","61.11111111","64.88888889"
"","","UGP2014NAM-OT03","","","","","","","","","UGP2014NAM-OT03-01083","","","","3","2","1","2","5","5","8","2","0","0","0","0","0.5","","","","","","","0","0.5","0","","","","0","0","0","0","0","0","0.25","0.166666667","","0","66.66666667","0","0","5.555555556","5.555555556","0","0","8.333333333","8.333333333"
"","","UGP2014NAM-OT03","","","","","","","","","UGP2014NAM-OT03-01084","","","","3","1","1","2","6","4","3","1","0","0","0","0","0.28","","","","","","","0","0.28","0","","","","0","0","0","0","0","0","0.28","0.093333333","","0","33.33333333","0","0","3.111111111","3.111111111","0","0","9.333333333","9.333333333"
"","","UGP2014NAM-OT03","","","","","","","","","UGP2014NAM-OT03-01085","","","","3","2","3","3","6","3","5","2","0","0","0","0","1.8","","","","","","","0","1.8","0","","","","0","0","0","0","0","0","0.9","0.6","","0","66.66666667","0","0","20","20","0","0","30","30"
"","","UGP2014NAM-OT03","","","","","","","","","UGP2014NAM-OT03-01086","","","","3","2","1","2","7","1","2","2","2","2","0.24","0.04","1.3","8","1","1","7","5","0","0.28","1.58","4","0.12","0.02","0.07","2","1.333333333","1","0.666666667","0.14","0.093333333","0.65","0.433333333","50","17.72151899","66.66666667","2.666666667","3.111111111","14.44444444","17.55555556","4","4.666666667","21.66666667","26.33333333"
"","","UGP2014NAM-OT03","","","","","","","","","UGP2014NAM-OT03-01087","","","","3","3","1","2","8","2","3","3","12","10","0.88","0.2","7.2","6","1","1","3","5","0.12","1.08","8.28","22","0.073333333","0.02","0.049090909","7.333333333","7.333333333","4","4","0.36","0.36","2.4","2.4","54.54545455","13.04347826","100","9.777777778","12","80","92","9.777777778","12","80","92"
"","","UGP2014NAM-OT03","","","","","","","","","UGP2014NAM-OT03-01088","","","","3","2","1","2","6","1","2","2","0","0","0","0","8","","","","","","","0","8","0","","","","0","0","0","0","0","0","4","2.666666667","","0","66.66666667","0","0","88.88888889","88.88888889","0","0","133.3333333","133.3333333"
"","","UGP2014NAM-OT03","","","","","","","","","UGP2014NAM-OT03-01089","","","","3","2","1","2","8","2","4","2","3","1","0.58","0.08","2.8","2","4","2","4","5","0.02","0.66","3.46","4","0.193333333","0.08","0.165","2","1.333333333","1.5","1","0.33","0.22","1.4","0.933333333","75","19.07514451","66.66666667","6.444444444","7.333333333","31.11111111","38.44444444","9.666666667","11","46.66666667","57.66666667"
"","","UGP2014NAM-OT03","","","","","","","","","UGP2014NAM-OT03-01090","","","","3","3","1","3","8","3","5","3","7","1","1.48","0.04","4","2","3","1","5","3","0.12","1.52","5.52","8","0.211428571","0.04","0.19","2.666666667","2.666666667","2.333333333","2.333333333","0.506666667","0.506666667","1.333333333","1.333333333","87.5","27.53623188","100","16.44444444","16.88888889","44.44444444","61.33333333","16.44444444","16.88888889","44.44444444","61.33333333"
"","","UGP2014NAM-OT03","","","","","","","","","UGP2014NAM-OT03-01091","","","","3","3","6","8","8","2","4","3","7","","1.2","0.03","6","8","2","1","1","3","0.15","1.23","7.23","","0.171428571","","","","","2.333333333","2.333333333","0.41","0.41","2","2","","17.01244813","100","13.33333333","13.66666667","66.66666667","80.33333333","13.33333333","13.66666667","66.66666667","80.33333333"
"","","UGP2014NAM-OT03","","","","","","","","","UGP2014NAM-OT03-01092","","","","3","1","1","2","8","2","4","1","1","0","0.4","0","1","6","1","1","4","3","0.12","0.4","1.4","1","0.4","","0.4","1","0.333333333","1","0.333333333","0.4","0.133333333","1","0.333333333","100","28.57142857","33.33333333","4.444444444","4.444444444","11.11111111","15.55555556","13.33333333","13.33333333","33.33333333","46.66666667"
"","","UGP2014NAM-OT03","","","","","","","","","UGP2014NAM-OT03-01093","","","","3","0","","","","","","0","0","0","0","0","0","","","","","","","0","0","0","","","","","0","","0","","0","","0","","","0","0","0","0","0","","","",""
"","","UGP2014NAM-OT03","","","","","","","","","UGP2014NAM-OT03-01094","","","","3","2","1","3","8","2","3","2","10","6","0.8","0.18","2","2","1","1","7","3","0.12","0.98","2.98","16","0.08","0.03","0.06125","8","5.333333333","5","3.333333333","0.49","0.326666667","1","0.666666667","62.5","32.88590604","66.66666667","8.888888889","10.88888889","22.22222222","33.11111111","13.33333333","16.33333333","33.33333333","49.66666667"
"","","UGP2014NAM-OT03","","","","","","","","","UGP2014NAM-OT03-01095","","","","3","2","1","2","6","2","3","2","1","4","0.08","0.08","2","6","1","1","8","7","1.17","0.16","2.16","5","0.08","0.02","0.032","2.5","1.666666667","0.5","0.333333333","0.08","0.053333333","1","0.666666667","20","7.407407407","66.66666667","0.888888889","1.777777778","22.22222222","24","1.333333333","2.666666667","33.33333333","36"
"","","UGP2014NAM-OT03","","","","","","","","","UGP2014NAM-OT03-01096","","","","3","1","1","2","6","2","4","1","0","0","0","0","0.16","","","","","","","0","0.16","0","","","","0","0","0","0","0","0","0.16","0.053333333","","0","33.33333333","0","0","1.777777778","1.777777778","0","0","5.333333333","5.333333333"
"","","UGP2014NAM-OT03","","","","","","","","","UGP2014NAM-OT03-01097","","","","3","2","1","2","5","1","2","2","0","0","0","0","0.35","","","","","","","0","0.35","0","","","","0","0","0","0","0","0","0.175","0.116666667","","0","66.66666667","0","0","3.888888889","3.888888889","0","0","5.833333333","5.833333333"
"","","UGP2014NAM-OT03","","","","","","","","","UGP2014NAM-OT03-01098","","","","3","1","1","2","5","1","2","1","0","0","0","0","0.24","","","","","","","0","0.24","0","","","","0","0","0","0","0","0","0.24","0.08","","0","33.33333333","0","0","2.666666667","2.666666667","0","0","8","8"
"","","UGP2014NAM-OT03","","","","","","","","","UGP2014NAM-OT03-01099","","","","3","2","2","6","5","1","2","2","0","0","0","0","0.12","","","","","","","0","0.12","0","","","","0","0","0","0","0","0","0.06","0.04","","0","66.66666667","0","0","1.333333333","1.333333333","0","0","2","2"
"","","UGP2014NAM-OT03","","","","","","","","","UGP2014NAM-OT03-01100","","","","3","1","2","2","6","1","3","1","1","2","0.08","0.04","1.5","8","1","1","3","7","4.92","0.12","1.62","3","0.08","0.02","0.04","3","1","1","0.333333333","0.12","0.04","1.5","0.5","33.33333333","7.407407407","33.33333333","0.888888889","1.333333333","16.66666667","18","2.666666667","4","50","54"
"","","UGP2014NAM-OT03","","","","","","","","","UGP2014NAM-OT03-01101","","","","3","0","","","","","","0","0","0","0","0","0","","","","","","","0","0","0","","","","","0","","0","","0","","0","","","0","0","0","0","0","","","",""
"","","UGP2014NAM-OT03","","","","","","","","","UGP2014NAM-OT03-01102","","","","3","0","","","","","","0","0","0","0","0","0","","","","","","","0","0","0","","","","","0","","0","","0","","0","","","0","0","0","0","0","","","",""
"","","UGP2014NAM-OT03","","","","","","","","","UGP2014NAM-OT03-01103","","","","3","0","","","","","","0","0","0","0","0","0","","","","","","","0","0","0","","","","","0","","0","","0","","0","","","0","0","0","0","0","","","",""
"","","UGP2014NAM-OT03","","","","","","","","","UGP2014NAM-OT03-01104","","","","3","1","1","2","6","3","5","1","5","0","0.64","0","0.38","2","2","5","4","3","0.12","0.64","1.02","5","0.128","","0.128","5","1.666666667","5","1.666666667","0.64","0.213333333","0.38","0.126666667","100","62.74509804","33.33333333","7.111111111","7.111111111","4.222222222","11.33333333","21.33333333","21.33333333","12.66666667","34"
"","","UGP2014NAM-OT03","","","","","","","","","UGP2014NAM-OT03-01105","","","","3","2","1","5","9","2","3","2","3","3","0.7","0.1","7.5","2","1","2","7","3","4.41","0.8","8.3","6","0.233333333","0.033333333","0.133333333","3","2","1.5","1","0.4","0.266666667","3.75","2.5","50","9.638554217","66.66666667","7.777777778","8.888888889","83.33333333","92.22222222","11.66666667","13.33333333","125","138.3333333"
"","","UGP2014NAM-OT03","","","","","","","","","UGP2014NAM-OT03-01106","","","","3","2","1","2","6","1","2","2","0","0","0","0","7","","","","","","","0","7","0","","","","0","0","0","0","0","0","3.5","2.333333333","","0","66.66666667","0","0","77.77777778","77.77777778","0","0","116.6666667","116.6666667"
"","","UGP2014NAM-OT03","","","","","","","","","UGP2014NAM-OT03-01107","","","","3","3","3","6","9","2","3","3","7","6","2","0.12","3.3","2","2","1","3","3","0.12","2.12","5.42","13","0.285714286","0.02","0.163076923","4.333333333","4.333333333","2.333333333","2.333333333","0.706666667","0.706666667","1.1","1.1","53.84615385","39.11439114","100","22.22222222","23.55555556","36.66666667","60.22222222","22.22222222","23.55555556","36.66666667","60.22222222"
"","","UGP2014NAM-OT03","","","","","","","","","UGP2014NAM-OT03-01108","","","","3","2","3","6","6","2","4","2","1","3","0.08","0.12","0.5","6","1","1","3","7","0","0.2","0.7","4","0.08","0.04","0.05","2","1.333333333","0.5","0.333333333","0.1","0.066666667","0.25","0.166666667","25","28.57142857","66.66666667","0.888888889","2.222222222","5.555555556","7.777777778","1.333333333","3.333333333","8.333333333","11.66666667"
"","","UGP2014NAM-OT03","","","","","","","","","UGP2014NAM-OT03-01109","","","","3","3","3","6","9","2","3","3","1","0","0.1","0","4.5","2","1","1","2","7","0","0.1","4.6","1","0.1","","0.1","0.333333333","0.333333333","0.333333333","0.333333333","0.033333333","0.033333333","1.5","1.5","100","2.173913043","100","1.111111111","1.111111111","50","51.11111111","1.111111111","1.111111111","50","51.11111111"
"","","UGP2014NAM-OT03","","","","","","","","","UGP2014NAM-OT03-01110","","","","3","2","1","2","6","2","4","2","4","2","0.3","0.04","1.8","6","1","1","4","5","0","0.34","2.14","6","0.075","0.02","0.056666667","3","2","2","1.333333333","0.17","0.113333333","0.9","0.6","66.66666667","15.88785047","66.66666667","3.333333333","3.777777778","20","23.77777778","5","5.666666667","30","35.66666667"
"","","UGP2014NAM-OT03","","","","","","","","","UGP2014NAM-OT03-01111","","","","3","2","1","3","7","1","3","2","2","1","0.6","0.01","2.4","6","1","1","4","3","0","0.61","3.01","3","0.3","0.01","0.203333333","1.5","1","1","0.666666667","0.305","0.203333333","1.2","0.8","66.66666667","20.26578073","66.66666667","6.666666667","6.777777778","26.66666667","33.44444444","10","10.16666667","40","50.16666667"
"","","UGP2014NAM-OT03","","","","","","","","","UGP2014NAM-OT03-01112","","","","3","3","2","2","4","4","8","3","0","0","0","0","0.6","","","","","","","0","0.6","0","","","","0","0","0","0","0","0","0.2","0.2","","0","100","0","0","6.666666667","6.666666667","0","0","6.666666667","6.666666667"
"","","UGP2014NAM-OT03","","","","","","","","","UGP2014NAM-OT03-01113","","","","3","2","1","3","5","3","5","0","0","0","0","0","0","","","","","","","0","0","0","","","","","0","","0","","0","","0","","","0","0","0","0","0","","","",""
"","","UGP2014NAM-OT03","","","","","","","","","UGP2014NAM-OT03-01114","","","","3","3","1","2","5","1","3","3","0","0","0","0","0.2","","","","","","","0","0.2","0","","","","0","0","0","0","0","0","0.066666667","0.066666667","","0","100","0","0","2.222222222","2.222222222","0","0","2.222222222","2.222222222"
"","","UGP2014NAM-OT03","","","","","","","","","UGP2014NAM-OT03-01115","","","","3","3","3","5","7","1","3","3","1","0","0.24","0","1.5","2","1","","1","3","0.02","0.24","1.74","1","0.24","","0.24","0.333333333","0.333333333","0.333333333","0.333333333","0.08","0.08","0.5","0.5","100","13.79310345","100","2.666666667","2.666666667","16.66666667","19.33333333","2.666666667","2.666666667","16.66666667","19.33333333"
"","","UGP2014NAM-OT03","","","","","","","","","UGP2014NAM-OT03-01116","","","","3","1","1","2","5","3","8","1","1","0","0.1","0","0.2","8","1","1","5","5","0.15","0.1","0.3","1","0.1","","0.1","1","0.333333333","1","0.333333333","0.1","0.033333333","0.2","0.066666667","100","33.33333333","33.33333333","1.111111111","1.111111111","2.222222222","3.333333333","3.333333333","3.333333333","6.666666667","10"
"","","UGP2014NAM-OT03","","","","","","","","","UGP2014NAM-OT03-01117","","","","3","0","","","","","","0","0","0","0","0","0","","","","","","","0","0","0","","","","","0","","0","","0","","0","","","0","0","0","0","0","","","",""
"","","UGP2014NAM-OT03","","","","","","","","","UGP2014NAM-OT03-01118","","","","3","1","2","2","6","2","3","1","0","0","0","0","2","","","","","","","0","2","0","","","","0","0","0","0","0","0","2","0.666666667","","0","33.33333333","0","0","22.22222222","22.22222222","0","0","66.66666667","66.66666667"
"","","UGP2014NAM-OT03","","","","","","","","","UGP2014NAM-OT03-01119","","","","3","2","1","6","6","1","3","2","0","0","0","0","2.5","","","","","","","0","2.5","0","","","","0","0","0","0","0","0","1.25","0.833333333","","0","66.66666667","0","0","27.77777778","27.77777778","0","0","41.66666667","41.66666667"
"","","UGP2014NAM-OT03","","","","","","","","","UGP2014NAM-OT03-01120","","","","3","1","1","2","6","","2","1","3","0","0.48","0","2","2","1","1","5","3","0.12","0.48","2.48","3","0.16","","0.16","3","1","3","1","0.48","0.16","2","0.666666667","100","19.35483871","33.33333333","5.333333333","5.333333333","22.22222222","27.55555556","16","16","66.66666667","82.66666667"
"","","UGP2014NAM-OT03","","","","","","","","","UGP2014NAM-OT03-01121","","","","3","3","2","2","7","3","5","3","10","3","0.59","0.04","2.5","2","1","1","1","7","0.12","0.63","3.13","13","0.059","0.013333333","0.048461538","4.333333333","4.333333333","3.333333333","3.333333333","0.21","0.21","0.833333333","0.833333333","76.92307692","20.12779553","100","6.555555556","7","27.77777778","34.77777778","6.555555556","7","27.77777778","34.77777778"
"","","UGP2014NAM-OT03","","","","","","","","","UGP2014NAM-OT03-01122","","","","3","0","","","","","","0","0","0","0","0","0","","","","","","","0","0","0","","","","","0","","0","","0","","0","","","0","0","0","0","0","","","",""
"","","UGP2014NAM-OT03","","","","","","","","","UGP2014NAM-OT03-01123","","","","3","2","2","3","7","1","3","2","1","1","0.08","0.02","5","8","1","1","5","7","0.02","0.1","5.1","2","0.08","0.02","0.05","1","0.666666667","0.5","0.333333333","0.05","0.033333333","2.5","1.666666667","50","1.960784314","66.66666667","0.888888889","1.111111111","55.55555556","56.66666667","1.333333333","1.666666667","83.33333333","85"
"","","UGP2014NAM-OT03","","","","","","","","","UGP2014NAM-OT03-01124","","","","3","2","2","7","7","1","3","2","3","0","0.52","0","1","8","1","1","4","3","7.76","0.52","1.52","3","0.173333333","","0.173333333","1.5","1","1.5","1","0.26","0.173333333","0.5","0.333333333","100","34.21052632","66.66666667","5.777777778","5.777777778","11.11111111","16.88888889","8.666666667","8.666666667","16.66666667","25.33333333"
"","","UGP2014NAM-OT03","","","","","","","","","UGP2014NAM-OT03-01125","","","","3","2","3","4","7","1","3","2","6","0","1","0","3.5","8","1","1","9","3","3.03","1","4.5","6","0.166666667","","0.166666667","3","2","3","2","0.5","0.333333333","1.75","1.166666667","100","22.22222222","66.66666667","11.11111111","11.11111111","38.88888889","50","16.66666667","16.66666667","58.33333333","75"
"","","UGP2014NAM-OT03","","","","","","","","","UGP2014NAM-OT03-01126","","","","3","1","3","4","5","1","3","1","0","0","0","0","0.3","","","","","","","0","0.3","0","","","","0","0","0","0","0","0","0.3","0.1","","0","33.33333333","0","0","3.333333333","3.333333333","0","0","10","10"
"","","UGP2014NAM-OT03","","","","","","","","","UGP2014NAM-OT03-01128","","","","3","2","1","2","5","2","4","2","0","0","0","0","0.5","","","","","","","0","0.5","0","","","","0","0","0","0","0","0","0.25","0.166666667","","0","66.66666667","0","0","5.555555556","5.555555556","0","0","8.333333333","8.333333333"
"","","UGP2014NAM-OT03","","","","","","","","","UGP2014NAM-OT03-01129","","","","3","2","1","3","8","2","3","2","0","0","0","0","4.5","","","","","","","0","4.5","0","","","","0","0","0","0","0","0","2.25","1.5","","0","66.66666667","0","0","50","50","0","0","75","75"
"","","UGP2014NAM-OT03","","","","","","","","","UGP2014NAM-OT03-01130","","","","3","2","6","6","9","1","2","2","4","1","0.44","0.04","2","8","1","1","4","5","0.12","0.48","2.48","5","0.11","0.04","0.096","2.5","1.666666667","2","1.333333333","0.24","0.16","1","0.666666667","80","19.35483871","66.66666667","4.888888889","5.333333333","22.22222222","27.55555556","7.333333333","8","33.33333333","41.33333333"
"","","UGP2014NAM-OT03","","","","","","","","","UGP2014NAM-OT03-01131","","","","3","2","1","2","9","1","2","2","0","0","0","0","5.5","","","","","","","0","5.5","0","","","","0","0","0","0","0","0","2.75","1.833333333","","0","66.66666667","0","0","61.11111111","61.11111111","0","0","91.66666667","91.66666667"
"","","UGP2014NAM-OT03","","","","","","","","","UGP2014NAM-OT03-01132","","","","3","1","1","4","7","1","3","1","9","9","1.1","0.2","4.5","8","2","1","2","5","0","1.3","5.8","18","0.122222222","0.022222222","0.072222222","18","6","9","3","1.3","0.433333333","4.5","1.5","50","22.4137931","33.33333333","12.22222222","14.44444444","50","64.44444444","36.66666667","43.33333333","150","193.3333333"
"","","UGP2014NAM-OT03","","","","","","","","","UGP2014NAM-OT03-01133","","","","3","1","1","2","5","1","3","1","2","0","0.12","0","0.12","2","1","1","3","9","10.5","0.12","0.24","2","0.06","","0.06","2","0.666666667","2","0.666666667","0.12","0.04","0.12","0.04","100","50","33.33333333","1.333333333","1.333333333","1.333333333","2.666666667","4","4","4","8"
"","","UGP2014NAM-OT03","","","","","","","","","UGP2014NAM-OT03-01134","","","","3","2","2","3","5","3","6","2","2","0","1","0","0.52","2","1","1","7","3","3.76","1","1.52","2","0.5","","0.5","1","0.666666667","1","0.666666667","0.5","0.333333333","0.26","0.173333333","100","65.78947368","66.66666667","11.11111111","11.11111111","5.777777778","16.88888889","16.66666667","16.66666667","8.666666667","25.33333333"
"","","UGP2014NAM-OT03","","","","","","","","","UGP2014NAM-OT03-01135","","","","3","0","","","","","","0","0","0","0","0","0","","","","","","","0","0","0","","","","","0","","0","","0","","0","","","0","0","0","0","0","","","",""
"","","UGP2014NAM-OT03","","","","","","","","","UGP2014NAM-OT03-01136","","","","3","0","","","","","","0","0","0","0","0","0","","","","","","","0","0","0","","","","","0","","0","","0","","0","","","0","0","0","0","0","","","",""
"","","UGP2014NAM-OT03","","","","","","","","","UGP2014NAM-OT03-01137","","","","3","3","2","2","7","2","4","3","9","10","1.18","0.09","4.5","8","1","1","1","3","3.96","1.27","5.77","19","0.131111111","0.009","0.066842105","6.333333333","6.333333333","3","3","0.423333333","0.423333333","1.5","1.5","47.36842105","22.01039861","100","13.11111111","14.11111111","50","64.11111111","13.11111111","14.11111111","50","64.11111111"
"","","UGP2014NAM-OT03","","","","","","","","","UGP2014NAM-OT03-01138","","","","3","0","","","","","","0","0","0","0","0","0","","","","","","","0","0","0","","","","","0","","0","","0","","0","","","0","0","0","0","0","","","",""
"","","UGP2014NAM-OT03","","","","","","","","","UGP2014NAM-OT03-01139","","","","3","3","3","5","7","4","6","3","0","0","0","0","6","","","","","","","0","6","0","","","","0","0","0","0","0","0","2","2","","0","100","0","0","66.66666667","66.66666667","0","0","66.66666667","66.66666667"
"","","UGP2014NAM-OT03","","","","","","","","","UGP2014NAM-OT03-01140","","","","3","3","3","6","7","1","3","3","2","0","0.4","0","1","8","1","1","4","3","1.38","0.4","1.4","2","0.2","","0.2","0.666666667","0.666666667","0.666666667","0.666666667","0.133333333","0.133333333","0.333333333","0.333333333","100","28.57142857","100","4.444444444","4.444444444","11.11111111","15.55555556","4.444444444","4.444444444","11.11111111","15.55555556"
"","","UGP2014NAM-OT03","","","","","","","","","UGP2014NAM-OT03-01141","","","","3","1","3","6","5","1","2","1","0","0","0","0","1.2","","","","","","","0","1.2","0","","","","0","0","0","0","0","0","1.2","0.4","","0","33.33333333","0","0","13.33333333","13.33333333","0","0","40","40"
"","","UGP2014NAM-OT03","","","","","","","","","UGP2014NAM-OT03-01142","","","","3","2","2","3","5","1","2","2","4","2","0.16","0.04","0.18","2","1","1","3","7","1.5","0.2","0.38","6","0.04","0.02","0.033333333","3","2","2","1.333333333","0.1","0.066666667","0.09","0.06","66.66666667","52.63157895","66.66666667","1.777777778","2.222222222","2","4.222222222","2.666666667","3.333333333","3","6.333333333"
"","","UGP2014NAM-OT03","","","","","","","","","UGP2014NAM-OT03-01143","","","","3","2","1","2","7","2","4","2","2","0","0.12","0","1","8","1","1","2","7","3.96","0.12","1.12","2","0.06","","0.06","1","0.666666667","1","0.666666667","0.06","0.04","0.5","0.333333333","100","10.71428571","66.66666667","1.333333333","1.333333333","11.11111111","12.44444444","2","2","16.66666667","18.66666667"
"","","UGP2014NAM-OT03","","","","","","","","","UGP2014NAM-OT03-01144","","","","3","2","1","3","9","2","3","2","0","0","0","0","1.5","","","","","","","0","1.5","0","","","","0","0","0","0","0","0","0.75","0.5","","0","66.66666667","0","0","16.66666667","16.66666667","0","0","25","25"
"","","UGP2014NAM-OT03","","","","","","","","","UGP2014NAM-OT03-01145","","","","3","3","1","2","9","1","2","3","2","4","0.16","0.12","6","8","1","1","3","9","0.12","0.28","6.28","6","0.08","0.03","0.046666667","2","2","0.666666667","0.666666667","0.093333333","0.093333333","2","2","33.33333333","4.458598726","100","1.777777778","3.111111111","66.66666667","69.77777778","1.777777778","3.111111111","66.66666667","69.77777778"
"","","UGP2014NAM-OT03","","","","","","","","","UGP2014NAM-OT03-01146","","","","3","2","1","2","8","1","2","2","5","2","0.68","0.08","4.6","8","1","1","5","3","1.65","0.76","5.36","7","0.136","0.04","0.108571429","3.5","2.333333333","2.5","1.666666667","0.38","0.253333333","2.3","1.533333333","71.42857143","14.17910448","66.66666667","7.555555556","8.444444444","51.11111111","59.55555556","11.33333333","12.66666667","76.66666667","89.33333333"
"","","UGP2014NAM-OT03","","","","","","","","","UGP2014NAM-OT03-01147","","","","3","1","1","2","7","1","2","1","0","0","0","0","4.5","","","","","","","0","4.5","0","","","","0","0","0","0","0","0","4.5","1.5","","0","33.33333333","0","0","50","50","0","0","150","150"
"","","UGP2014NAM-OT03","","","","","","","","","UGP2014NAM-OT03-01148","","","","3","2","1","2","6","1","3","2","4","1","0.68","0.04","2.5","6","2","1","6","3","11.03","0.72","3.22","5","0.17","0.04","0.144","2.5","1.666666667","2","1.333333333","0.36","0.24","1.25","0.833333333","80","22.36024845","66.66666667","7.555555556","8","27.77777778","35.77777778","11.33333333","12","41.66666667","53.66666667"
"","","UGP2014NAM-OT03","","","","","","","","","UGP2014NAM-OT03-01149","","","","3","1","1","3","6","1","2","1","1","1","0.38","0.01","0.2","2","3","1","3","5","0.12","0.39","0.59","2","0.38","0.01","0.195","2","0.666666667","1","0.333333333","0.39","0.13","0.2","0.066666667","50","66.10169492","33.33333333","4.222222222","4.333333333","2.222222222","6.555555556","12.66666667","13","6.666666667","19.66666667"
"","","UGP2014NAM-OT03","","","","","","","","","UGP2014NAM-OT03-01150","","","","3","3","1","3","8","2","3","3","3","1","1.12","0.01","3.2","2","1","1","1","1","0","1.13","4.33","4","0.373333333","0.01","0.2825","1.333333333","1.333333333","1","1","0.376666667","0.376666667","1.066666667","1.066666667","75","26.09699769","100","12.44444444","12.55555556","35.55555556","48.11111111","12.44444444","12.55555556","35.55555556","48.11111111"
"","","UGP2014NAM-OT03","","","","","","","","","UGP2014NAM-OT03-01151","","","","3","2","1","3","6","1","3","2","1","0","0.11","0","6.1","2","1","1","2","7","0.12","0.11","6.21","1","0.11","","0.11","0.5","0.333333333","0.5","0.333333333","0.055","0.036666667","3.05","2.033333333","100","1.771336554","66.66666667","1.222222222","1.222222222","67.77777778","69","1.833333333","1.833333333","101.6666667","103.5"
"","","UGP2014NAM-OT03","","","","","","","","","UGP2014NAM-OT03-01152","","","","3","3","1","2","7","1","2","3","3","1","0.24","0.04","8","2","1","1","2","7","0.02","0.28","8.28","4","0.08","0.04","0.07","1.333333333","1.333333333","1","1","0.093333333","0.093333333","2.666666667","2.666666667","75","3.381642512","100","2.666666667","3.111111111","88.88888889","92","2.666666667","3.111111111","88.88888889","92"
"","","UGP2014NAM-OT03","","","","","","","","","UGP2014NAM-OT03-01153","","","","3","1","1","2","7","2","4","1","1","0","0.18","0","2","2","1","1","9","7","0.02","0.18","2.18","1","0.18","","0.18","1","0.333333333","1","0.333333333","0.18","0.06","2","0.666666667","100","8.256880734","33.33333333","2","2","22.22222222","24.22222222","6","6","66.66666667","72.66666667"
"","","UGP2014NAM-OT03","","","","","","","","","UGP2014NAM-OT03-01154","","","","3","1","1","2","6","3","6","1","0","0","0","0","13.32","","","","","","","0","13.32","0","","","","0","0","0","0","0","0","13.32","4.44","","0","33.33333333","0","0","148","148","0","0","444","444"
"","","UGP2014NAM-OT03","","","","","","","","","UGP2014NAM-OT03-01155","","","","3","2","1","3","9","1","2","2","5","3","0.5","0.3","6.5","9","1","1","3","7","0.12","0.8","7.3","8","0.1","0.1","0.1","4","2.666666667","2.5","1.666666667","0.4","0.266666667","3.25","2.166666667","62.5","10.95890411","66.66666667","5.555555556","8.888888889","72.22222222","81.11111111","8.333333333","13.33333333","108.3333333","121.6666667"
"","","UGP2014NAM-OT03","","","","","","","","","UGP2014NAM-OT03-01156","","","","3","3","1","3","6","3","7","3","2","2","0.18","0.05","0.5","2","1","1","2","9","0","0.23","0.73","4","0.09","0.025","0.0575","1.333333333","1.333333333","0.666666667","0.666666667","0.076666667","0.076666667","0.166666667","0.166666667","50","31.50684932","100","2","2.555555556","5.555555556","8.111111111","2","2.555555556","5.555555556","8.111111111"
"","","UGP2014NAM-OT03","","","","","","","","","UGP2014NAM-OT03-01157","","","","3","2","2","2","6","2","4","2","3","0","0.5","0","0.5","2","6","2","4","3","0","0.5","1","3","0.166666667","","0.166666667","1.5","1","1.5","1","0.25","0.166666667","0.25","0.166666667","100","50","66.66666667","5.555555556","5.555555556","5.555555556","11.11111111","8.333333333","8.333333333","8.333333333","16.66666667"
"","","UGP2014NAM-OT03","","","","","","","","","UGP2014NAM-OT03-01158","","","","3","1","1","2","6","1","2","1","3","0","3","0","0.2","9","1","1","4","3","0.12","3","3.2","3","1","","1","3","1","3","1","3","1","0.2","0.066666667","100","93.75","33.33333333","33.33333333","33.33333333","2.222222222","35.55555556","100","100","6.666666667","106.6666667"
"","","UGP2014NAM-OT03","","","","","","","","","UGP2014NAM-OT03-01159","","","","3","2","1","2","7","2","3","2","1","2","0.08","0.05","2.5","2","1","1","2","7","0","0.13","2.63","3","0.08","0.025","0.043333333","1.5","1","0.5","0.333333333","0.065","0.043333333","1.25","0.833333333","33.33333333","4.942965779","66.66666667","0.888888889","1.444444444","27.77777778","29.22222222","1.333333333","2.166666667","41.66666667","43.83333333"
"","","UGP2014NAM-OT03","","","","","","","","","UGP2014NAM-OT03-01160","","","","3","2","5","6","6","3","5","2","2","0","0.2","0","2","9","1","1","4","5","0.15","0.2","2.2","2","0.1","","0.1","1","0.666666667","1","0.666666667","0.1","0.066666667","1","0.666666667","100","9.090909091","66.66666667","2.222222222","2.222222222","22.22222222","24.44444444","3.333333333","3.333333333","33.33333333","36.66666667"
"","","UGP2014NAM-OT03","","","","","","","","","UGP2014NAM-OT03-01161","","","","3","3","1","2","7","2","4","3","7","10","0.48","0.2","1.5","2","1","1","3","5","0","0.68","2.18","17","0.068571429","0.02","0.04","5.666666667","5.666666667","2.333333333","2.333333333","0.226666667","0.226666667","0.5","0.5","41.17647059","31.19266055","100","5.333333333","7.555555556","16.66666667","24.22222222","5.333333333","7.555555556","16.66666667","24.22222222"
"","","UGP2014NAM-OT03","","","","","","","","","UGP2014NAM-OT03-01162","","","","3","2","2","3","6","3","5","2","1","0","0.12","0","0.38","2","1","2","1","7","0.12","0.12","0.5","1","0.12","","0.12","0.5","0.333333333","0.5","0.333333333","0.06","0.04","0.19","0.126666667","100","24","66.66666667","1.333333333","1.333333333","4.222222222","5.555555556","2","2","6.333333333","8.333333333"
"","","UGP2014NAM-OT03","","","","","","","","","UGP2014NAM-OT03-01163","","","","3","1","3","4","7","1","3","1","0","1","0","0.01","1.5","2","1","1","3","9","0.12","0.01","1.51","1","","0.01","0.01","1","0.333333333","0","0","0.01","0.003333333","1.5","0.5","0","0.662251656","33.33333333","0","0.111111111","16.66666667","16.77777778","0","0.333333333","50","50.33333333"
"","","UGP2014NAM-OT03","","","","","","","","","UGP2014NAM-OT03-01164","","","","3","3","3","3","6","3","6","3","5","0","0.8","0","1","2","1","1","4","3","0","0.8","1.8","5","0.16","","0.16","1.666666667","1.666666667","1.666666667","1.666666667","0.266666667","0.266666667","0.333333333","0.333333333","100","44.44444444","100","8.888888889","8.888888889","11.11111111","20","8.888888889","8.888888889","11.11111111","20"
"","","UGP2014NAM-OT03","","","","","","","","","UGP2014NAM-OT03-01165","","","","3","1","1","2","8","2","3","1","0","10","0","0.2","2.4","2","1","1","9","9","0.12","0.2","2.6","10","","0.02","0.02","10","3.333333333","0","0","0.2","0.066666667","2.4","0.8","0","7.692307692","33.33333333","0","2.222222222","26.66666667","28.88888889","0","6.666666667","80","86.66666667"
"","","UGP2014NAM-OT03","","","","","","","","","UGP2014NAM-OT03-01166","","","","3","2","1","3","5","2","5","2","0","0","0","0","1.5","","","","","","","0","1.5","0","","","","0","0","0","0","0","0","0.75","0.5","","0","66.66666667","0","0","16.66666667","16.66666667","0","0","25","25"
"","","UGP2014NAM-OT03","","","","","","","","","UGP2014NAM-OT03-01167","","","","3","1","4","6","9","1","2","1","2","0","0.88","0","4.5","2","1","1","8","1","0.12","0.88","5.38","2","0.44","","0.44","2","0.666666667","2","0.666666667","0.88","0.293333333","4.5","1.5","100","16.35687732","33.33333333","9.777777778","9.777777778","50","59.77777778","29.33333333","29.33333333","150","179.3333333"
"","","UGP2014NAM-OT03","","","","","","","","","UGP2014NAM-OT03-01168","","","","3","2","2","2","5","2","4","2","0","0","0","0","1.5","","","","","","","0","1.5","0","","","","0","0","0","0","0","0","0.75","0.5","","0","66.66666667","0","0","16.66666667","16.66666667","0","0","25","25"
"","","UGP2014NAM-OT03","","","","","","","","","UGP2014NAM-OT03-01169","","","","3","2","2","3","8","1","2","2","7","7","0.6","0.18","5","8","1","1","2","5","0.12","0.78","5.78","14","0.085714286","0.025714286","0.055714286","7","4.666666667","3.5","2.333333333","0.39","0.26","2.5","1.666666667","50","13.49480969","66.66666667","6.666666667","8.666666667","55.55555556","64.22222222","10","13","83.33333333","96.33333333"
"","","UGP2014NAM-OT03","","","","","","","","","UGP2014NAM-OT03-01170","","","","3","2","4","6","7","1","3","2","1","0","0.12","0","3","2","1","1","5","7","0","0.12","3.12","1","0.12","","0.12","0.5","0.333333333","0.5","0.333333333","0.06","0.04","1.5","1","100","3.846153846","66.66666667","1.333333333","1.333333333","33.33333333","34.66666667","2","2","50","52"
"","","UGP2014NAM-OT03","","","","","","","","","UGP2014NAM-OT03-01171","","","","3","1","4","4","5","1","2","1","0","0","0","0","0.18","","","","","","","0","0.18","0","","","","0","0","0","0","0","0","0.18","0.06","","0","33.33333333","0","0","2","2","0","0","6","6"
"","","UGP2014NAM-OT03","","","","","","","","","UGP2014NAM-OT03-01172","","","","3","3","2","3","6","1","2","3","0","1","0","0.04","2","9","1","1","4","9","0.02","0.04","2.04","1","","0.04","0.04","0.333333333","0.333333333","0","0","0.013333333","0.013333333","0.666666667","0.666666667","0","1.960784314","100","0","0.444444444","22.22222222","22.66666667","0","0.444444444","22.22222222","22.66666667"
"","","UGP2014NAM-OT03","","","","","","","","","UGP2014NAM-OT03-01173","","","","3","3","2","2","7","2","5","3","1","3","0.08","0.08","12","9","1","1","9","9","0.12","0.16","12.16","4","0.08","0.026666667","0.04","1.333333333","1.333333333","0.333333333","0.333333333","0.053333333","0.053333333","4","4","25","1.315789474","100","0.888888889","1.777777778","133.3333333","135.1111111","0.888888889","1.777777778","133.3333333","135.1111111"
"","","UGP2014NAM-OT03","","","","","","","","","UGP2014NAM-OT03-01174","","","","3","3","1","3","5","1","3","3","8","0","2.5","0","1.5","9","1","1","4","3","5.46","2.5","4","8","0.3125","","0.3125","2.666666667","2.666666667","2.666666667","2.666666667","0.833333333","0.833333333","0.5","0.5","100","62.5","100","27.77777778","27.77777778","16.66666667","44.44444444","27.77777778","27.77777778","16.66666667","44.44444444"
"","","UGP2014NAM-OT03","","","","","","","","","UGP2014NAM-OT03-01175","","","","3","1","1","2","5","1","2","1","1","","0.05","1","0.4","2","1","1","3","9","0.12","1.05","1.45","","0.05","","","","","1","0.333333333","1.05","0.35","0.4","0.133333333","","72.4137931","33.33333333","0.555555556","11.66666667","4.444444444","16.11111111","1.666666667","35","13.33333333","48.33333333"
"","","UGP2014NAM-OT03","","","","","","","","","UGP2014NAM-OT03-01176","","","","3","1","2","2","6","1","2","1","2","2","0.2","0.04","1","8","1","1","3","7","5.46","0.24","1.24","4","0.1","0.02","0.06","4","1.333333333","2","0.666666667","0.24","0.08","1","0.333333333","50","19.35483871","33.33333333","2.222222222","2.666666667","11.11111111","13.77777778","6.666666667","8","33.33333333","41.33333333"
"","","UGP2014NAM-OT03","","","","","","","","","UGP2014NAM-OT03-01177","","","","3","2","2","3","5","1","3","2","0","0","0","0","3","","","","","","","0","3","0","","","","0","0","0","0","0","0","1.5","1","","0","66.66666667","0","0","33.33333333","33.33333333","0","0","50","50"
"","","UGP2014NAM-OT03","","","","","","","","","UGP2014NAM-OT03-01178","","","","3","2","2","2","5","2","3","2","2","0","0.24","0","0.48","2","2","1","6","3","0.02","0.24","0.72","2","0.12","","0.12","1","0.666666667","1","0.666666667","0.12","0.08","0.24","0.16","100","33.33333333","66.66666667","2.666666667","2.666666667","5.333333333","8","4","4","8","12"
"","","UGP2014NAM-OT03","","","","","","","","","UGP2014NAM-OT03-01179","","","","3","1","3","6","5","2","4","1","4","0","0.58","0","1.2","6","1","1","1","3","0","0.58","1.78","4","0.145","","0.145","4","1.333333333","4","1.333333333","0.58","0.193333333","1.2","0.4","100","32.58426966","33.33333333","6.444444444","6.444444444","13.33333333","19.77777778","19.33333333","19.33333333","40","59.33333333"
"","","UGP2014NAM-OT03","","","","","","","","","UGP2014NAM-OT03-01180","","","","3","2","3","3","6","1","3","2","0","0","0","0","5.5","","","","","","","0","5.5","0","","","","0","0","0","0","0","0","2.75","1.833333333","","0","66.66666667","0","0","61.11111111","61.11111111","0","0","91.66666667","91.66666667"
"","","UGP2014NAM-OT03","","","","","","","","","UGP2014NAM-OT03-01181","","","","3","1","1","2","5","2","4","1","2","3","0.24","0.1","0.16","9","1","1","4","7","1.5","0.34","0.5","5","0.12","0.033333333","0.068","5","1.666666667","2","0.666666667","0.34","0.113333333","0.16","0.053333333","40","68","33.33333333","2.666666667","3.777777778","1.777777778","5.555555556","8","11.33333333","5.333333333","16.66666667"
"","","UGP2014NAM-OT03","","","","","","","","","UGP2014NAM-OT03-01182","","","","3","1","1","2","3","2","4","1","0","0","0","0","0.08","","","","","","","0","0.08","0","","","","0","0","0","0","0","0","0.08","0.026666667","","0","33.33333333","0","0","0.888888889","0.888888889","0","0","2.666666667","2.666666667"
"","","UGP2014NAM-OT03","","","","","","","","","UGP2014NAM-OT03-01183","","","","3","2","1","3","9","1","2","2","4","0","3","0","5.7","2","1","1","1","1","0.12","3","8.7","4","0.75","","0.75","2","1.333333333","2","1.333333333","1.5","1","2.85","1.9","100","34.48275862","66.66666667","33.33333333","33.33333333","63.33333333","96.66666667","50","50","95","145"
"","","UGP2014NAM-OT03","","","","","","","","","UGP2014NAM-OT03-01184","","","","3","2","1","2","5","2","4","2","0","0","0","0","0.28","","","","","","","0","0.28","0","","","","0","0","0","0","0","0","0.14","0.093333333","","0","66.66666667","0","0","3.111111111","3.111111111","0","0","4.666666667","4.666666667"
"","","UGP2014NAM-OT03","","","","","","","","","UGP2014NAM-OT03-01185","","","","3","3","1","3","7","3","5","3","0","0","0","0","1","","","","","","","0","1","0","","","","0","0","0","0","0","0","0.333333333","0.333333333","","0","100","0","0","11.11111111","11.11111111","0","0","11.11111111","11.11111111"
"","","UGP2014NAM-OT03","","","","","","","","","UGP2014NAM-OT03-01186","","","","3","2","1","2","5","1","3","2","5","1","0.68","0.04","1.2","6","3","1","5","3","0.03","0.72","1.92","6","0.136","0.04","0.12","3","2","2.5","1.666666667","0.36","0.24","0.6","0.4","83.33333333","37.5","66.66666667","7.555555556","8","13.33333333","21.33333333","11.33333333","12","20","32"
"","","UGP2014NAM-OT03","","","","","","","","","UGP2014NAM-OT03-01187","","","","3","2","1","2","5","1","3","2","2","0","0.2","0","0.12","2","2","1","2","7","0.12","0.2","0.32","2","0.1","","0.1","1","0.666666667","1","0.666666667","0.1","0.066666667","0.06","0.04","100","62.5","66.66666667","2.222222222","2.222222222","1.333333333","3.555555556","3.333333333","3.333333333","2","5.333333333"
"","","UGP2014NAM-OT03","","","","","","","","","UGP2014NAM-OT03-01188","","","","3","2","1","2","5","1","2","2","4","7","0.24","0.12","0.9","6","1","1","8","7","1.65","0.36","1.26","11","0.06","0.017142857","0.032727273","5.5","3.666666667","2","1.333333333","0.18","0.12","0.45","0.3","36.36363636","28.57142857","66.66666667","2.666666667","4","10","14","4","6","15","21"
"","","UGP2014NAM-OT03","","","","","","","","","UGP2014NAM-OT03-01189","","","","3","3","1","3","6","2","3","3","3","0","0.88","0","1.5","6","1","1","1","1","1.5","0.88","2.38","3","0.293333333","","0.293333333","1","1","1","1","0.293333333","0.293333333","0.5","0.5","100","36.97478992","100","9.777777778","9.777777778","16.66666667","26.44444444","9.777777778","9.777777778","16.66666667","26.44444444"
"","","UGP2014NAM-OT03","","","","","","","","","UGP2014NAM-OT03-01190","","","","3","2","1","3","6","2","4","2","2","0","0.28","0","2.5","2","1","1","8","5","0","0.28","2.78","2","0.14","","0.14","1","0.666666667","1","0.666666667","0.14","0.093333333","1.25","0.833333333","100","10.07194245","66.66666667","3.111111111","3.111111111","27.77777778","30.88888889","4.666666667","4.666666667","41.66666667","46.33333333"
"","","UGP2014NAM-OT03","","","","","","","","","UGP2014NAM-OT03-01191","","","","3","2","1","3","5","3","6","2","2","1","0.28","0.01","1","6","1","1","5","3","0.12","0.29","1.29","3","0.14","0.01","0.096666667","1.5","1","1","0.666666667","0.145","0.096666667","0.5","0.333333333","66.66666667","22.48062016","66.66666667","3.111111111","3.222222222","11.11111111","14.33333333","4.666666667","4.833333333","16.66666667","21.5"
"","","UGP2014NAM-OT03","","","","","","","","","UGP2014NAM-OT03-01192","","","","3","0","","","","","","0","0","0","0","0","0","","","","","","","0","0","0","","","","","0","","0","","0","","0","","","0","0","0","0","0","","","",""
"","","UGP2014NAM-OT03","","","","","","","","","UGP2014NAM-OT03-01193","","","","3","2","2","3","7","1","2","2","0","0","0","0","1.5","","","","","","","0","1.5","0","","","","0","0","0","0","0","0","0.75","0.5","","0","66.66666667","0","0","16.66666667","16.66666667","0","0","25","25"
"","","UGP2014NAM-OT03","","","","","","","","","UGP2014NAM-OT03-01194","","","","3","2","2","2","8","1","3","2","4","4","0.7","0.08","3.5","6","1","1","4","3","0.15","0.78","4.28","8","0.175","0.02","0.0975","4","2.666666667","2","1.333333333","0.39","0.26","1.75","1.166666667","50","18.22429907","66.66666667","7.777777778","8.666666667","38.88888889","47.55555556","11.66666667","13","58.33333333","71.33333333"
"","","UGP2014NAM-OT03","","","","","","","","","UGP2014NAM-OT03-01195","","","","3","2","5","7","5","2","3","2","7","10","1","0.2","14","8","2","1","5","3","14.37","1.2","15.2","17","0.142857143","0.02","0.070588235","8.5","5.666666667","3.5","2.333333333","0.6","0.4","7","4.666666667","41.17647059","7.894736842","66.66666667","11.11111111","13.33333333","155.5555556","168.8888889","16.66666667","20","233.3333333","253.3333333"
"","","UGP2014NAM-OT03","","","","","","","","","UGP2014NAM-OT03-01196","","","","3","2","3","6","6","1","3","2","1","1","0.18","0.04","3.6","8","1","1","2","5","0","0.22","3.82","2","0.18","0.04","0.11","1","0.666666667","0.5","0.333333333","0.11","0.073333333","1.8","1.2","50","5.759162304","66.66666667","2","2.444444444","40","42.44444444","3","3.666666667","60","63.66666667"
"","","UGP2014NAM-OT03","","","","","","","","","UGP2014NAM-OT03-01197","","","","3","3","2","3","6","2","5","3","3","0","0.4","0","3.5","9","1","1","2","3","0.02","0.4","3.9","3","0.133333333","","0.133333333","1","1","1","1","0.133333333","0.133333333","1.166666667","1.166666667","100","10.25641026","100","4.444444444","4.444444444","38.88888889","43.33333333","4.444444444","4.444444444","38.88888889","43.33333333"
"","","UGP2014NAM-OT03","","","","","","","","","UGP2014NAM-OT03-01198","","","","3","2","3","6","7","1","3","2","1","1","0.6","0.03","1.5","2","2","1","1","1","0","0.63","2.13","2","0.6","0.03","0.315","1","0.666666667","0.5","0.333333333","0.315","0.21","0.75","0.5","50","29.57746479","66.66666667","6.666666667","7","16.66666667","23.66666667","10","10.5","25","35.5"
"","","UGP2014NAM-OT03","","","","","","","","","UGP2014NAM-OT03-01199","","","","3","0","","","","","","0","0","0","0","0","0","","","","","","","0","0","0","","","","","0","","0","","0","","0","","","0","0","0","0","0","","","",""
"","","UGP2014NAM-OT03","","","","","","","","","UGP2014NAM-OT03-01200","","","","3","2","2","2","5","3","6","2","3","3","0.4","","0.34","2","2","1","7","3","0","","","6","0.133333333","","","3","2","1.5","1","","","0.17","0.113333333","50","","66.66666667","4.444444444","","3.777777778","","6.666666667","","5.666666667",""
"","","UGP2014NAM-OT03","","","","","","","","","UGP2014NAM-OT03-01201","","","","3","1","2","6","6","2","4","1","0","0","0","0","1.5","","","","","","","0","1.5","0","","","","0","0","0","0","0","0","1.5","0.5","","0","33.33333333","0","0","16.66666667","16.66666667","0","0","50","50"
"","","UGP2014NAM-OT03","","","","","","","","","UGP2014NAM-OT03-01202","","","","3","2","1","3","6","2","4","2","0","0","0","0","1.7","","","","","","","0","1.7","0","","","","0","0","0","0","0","0","0.85","0.566666667","","0","66.66666667","0","0","18.88888889","18.88888889","0","0","28.33333333","28.33333333"
"","","UGP2014NAM-OT03","","","","","","","","","UGP2014NAM-OT03-01203","","","","3","3","1","2","5","4","7","3","2","2","0.18","","0.2","8","1","1","4","7","0.12","","","4","0.09","","","1.333333333","1.333333333","0.666666667","0.666666667","","","0.066666667","0.066666667","50","","100","2","","2.222222222","","2","","2.222222222",""
"","","UGP2014NAM-OT03","","","","","","","","","UGP2014NAM-OT03-01204","","","","3","2","1","2","4","3","7","2","0","0","0","0","0.09","","","","","","","0","0.09","0","","","","0","0","0","0","0","0","0.045","0.03","","0","66.66666667","0","0","1","1","0","0","1.5","1.5"
"","","UGP2014NAM-OT03","","","","","","","","","UGP2014NAM-OT03-01205","","","","3","3","1","3","8","3","6","3","0","0","0","0","0.8","","","","","","","0","0.8","0","","","","0","0","0","0","0","0","0.266666667","0.266666667","","0","100","0","0","8.888888889","8.888888889","0","0","8.888888889","8.888888889"
"","","UGP2014NAM-OT03","","","","","","","","","UGP2014NAM-OT03-01206","","","","3","0","","","","","","0","0","0","0","0","0","","","","","","","0","0","0","","","","","0","","0","","0","","0","","","0","0","0","0","0","","","",""
"","","UGP2014NAM-OT03","","","","","","","","","UGP2014NAM-OT03-01208","","","","3","3","1","2","6","4","7","3","0","0","0","0","3","","","","","","","0","3","0","","","","0","0","0","0","0","0","1","1","","0","100","0","0","33.33333333","33.33333333","0","0","33.33333333","33.33333333"
"","","UGP2014NAM-OT03","","","","","","","","","UGP2014NAM-OT03-01209","","","","3","2","1","3","8","1","3","2","0","0","0","0","5.5","","","","","","","0","5.5","0","","","","0","0","0","0","0","0","2.75","1.833333333","","0","66.66666667","0","0","61.11111111","61.11111111","0","0","91.66666667","91.66666667"
"","","UGP2014NAM-OT03","","","","","","","","","UGP2014NAM-OT03-01210","","","","3","1","3","5","5","1","3","1","0","0","0","0","0.4","","","","","","","0","0.4","0","","","","0","0","0","0","0","0","0.4","0.133333333","","0","33.33333333","0","0","4.444444444","4.444444444","0","0","13.33333333","13.33333333"
"","","UGP2014NAM-OT03","","","","","","","","","UGP2014NAM-OT03-01211","","","","3","1","1","3","5","2","3","1","2","0","0.2","0","0.2","6","1","2","3","5","0","0.2","0.4","2","0.1","","0.1","2","0.666666667","2","0.666666667","0.2","0.066666667","0.2","0.066666667","100","50","33.33333333","2.222222222","2.222222222","2.222222222","4.444444444","6.666666667","6.666666667","6.666666667","13.33333333"
"","","UGP2014NAM-OT03","","","","","","","","","UGP2014NAM-OT03-01212","","","","3","2","1","3","4","1","3","2","1","0","0.16","0","0.21","8","1","1","4","5","7.76","0.16","0.37","1","0.16","","0.16","0.5","0.333333333","0.5","0.333333333","0.08","0.053333333","0.105","0.07","100","43.24324324","66.66666667","1.777777778","1.777777778","2.333333333","4.111111111","2.666666667","2.666666667","3.5","6.166666667"
"","","UGP2014NAM-OT03","","","","","","","","","UGP2014NAM-OT03-01213","","","","3","2","1","2","8","1","3","2","0","0","0","0","4.5","","","","","","","0","4.5","0","","","","0","0","0","0","0","0","2.25","1.5","","0","66.66666667","0","0","50","50","0","0","75","75"
"","","UGP2014NAM-OT03","","","","","","","","","UGP2014NAM-OT03-01214","","","","3","2","1","2","8","1","2","2","0","0","0","0","4.6","","","","","","","0","4.6","0","","","","0","0","0","0","0","0","2.3","1.533333333","","0","66.66666667","0","0","51.11111111","51.11111111","0","0","76.66666667","76.66666667"
"","","UGP2014NAM-OT03","","","","","","","","","UGP2014NAM-OT03-01215","","","","3","0","","","","","","0","0","0","0","0","0","","","","","","","0","0","0","","","","","0","","0","","0","","0","","","0","0","0","0","0","","","",""
"","","UGP2014NAM-OT03","","","","","","","","","UGP2014NAM-OT03-01216","","","","3","2","1","2","8","1","2","2","0","0","0","0","5","","","","","","","0","5","0","","","","0","0","0","0","0","0","2.5","1.666666667","","0","66.66666667","0","0","55.55555556","55.55555556","0","0","83.33333333","83.33333333"
"","","UGP2014NAM-OT03","","","","","","","","","UGP2014NAM-OT03-01217","","","","3","2","1","3","5","2","3","2","1","3","0.25","0.08","2","9","1","1","3","7","10.5","0.33","2.33","4","0.25","0.026666667","0.0825","2","1.333333333","0.5","0.333333333","0.165","0.11","1","0.666666667","25","14.16309013","66.66666667","2.777777778","3.666666667","22.22222222","25.88888889","4.166666667","5.5","33.33333333","38.83333333"
"","","UGP2014NAM-OT03","","","","","","","","","UGP2014NAM-OT03-01218","","","","3","3","1","3","4","1","3","3","5","0","0.28","0","12","6","1","1","3","3","0","0.28","12.28","5","0.056","","0.056","1.666666667","1.666666667","1.666666667","1.666666667","0.093333333","0.093333333","4","4","100","2.280130293","100","3.111111111","3.111111111","133.3333333","136.4444444","3.111111111","3.111111111","133.3333333","136.4444444"
"","","UGP2014NAM-OT03","","","","","","","","","UGP2014NAM-OT03-01219","","","","3","1","2","2","7","2","4","1","1","4","0.96","0.08","1.5","9","1","1","9","3","0.12","1.04","2.54","5","0.96","0.02","0.208","5","1.666666667","1","0.333333333","1.04","0.346666667","1.5","0.5","20","40.94488189","33.33333333","10.66666667","11.55555556","16.66666667","28.22222222","32","34.66666667","50","84.66666667"
"","","UGP2014NAM-OT03","","","","","","","","","UGP2014NAM-OT03-01220","","","","3","2","2","2","7","2","4","2","1","0","0.16","0","7","9","1","1","2","5","1.38","0.16","7.16","1","0.16","","0.16","0.5","0.333333333","0.5","0.333333333","0.08","0.053333333","3.5","2.333333333","100","2.234636872","66.66666667","1.777777778","1.777777778","77.77777778","79.55555556","2.666666667","2.666666667","116.6666667","119.3333333"
"","","UGP2014NAM-OT03","","","","","","","","","UGP2014NAM-OT03-01221","","","","3","1","3","6","9","1","3","1","1","3","0.7","0.08","3.5","9","2","1","5","1","3.96","0.78","4.28","4","0.7","0.026666667","0.195","4","1.333333333","1","0.333333333","0.78","0.26","3.5","1.166666667","25","18.22429907","33.33333333","7.777777778","8.666666667","38.88888889","47.55555556","23.33333333","26","116.6666667","142.6666667"
"","","UGP2014NAM-OT03","","","","","","","","","UGP2014NAM-OT03-01222","","","","3","2","3","6","5","4","7","2","0","0","0","0","2","","","","","","","0","2","0","","","","0","0","0","0","0","0","1","0.666666667","","0","66.66666667","0","0","22.22222222","22.22222222","0","0","33.33333333","33.33333333"
"","","UGP2014NAM-OT03","","","","","","","","","UGP2014NAM-OT03-01223","","","","3","1","3","6","5","3","6","1","0","0","0","0","1.5","","","","","","","0","1.5","0","","","","0","0","0","0","0","0","1.5","0.5","","0","33.33333333","0","0","16.66666667","16.66666667","0","0","50","50"
"","","UGP2014NAM-OT03","","","","","","","","","UGP2014NAM-OT03-01224","","","","3","0","","","","","","0","0","0","0","0","0","","","","","","","0","0","0","","","","","0","","0","","0","","0","","","0","0","0","0","0","","","",""
"","","UGP2014NAM-OT03","","","","","","","","","UGP2014NAM-OT03-01225","","","","3","0","","","","","","0","0","0","0","0","0","","","","","","","0","0","0","","","","","0","","0","","0","","0","","","0","0","0","0","0","","","",""
"","","UGP2014NAM-OT03","","","","","","","","","UGP2014NAM-OT03-01226","","","","3","1","2","2","5","1","3","1","0","0","0","0","1.1","","","","","","","0","1.1","0","","","","0","0","0","0","0","0","1.1","0.366666667","","0","33.33333333","0","0","12.22222222","12.22222222","0","0","36.66666667","36.66666667"
"","","UGP2014NAM-OT03","","","","","","","","","UGP2014NAM-OT03-01227","","","","3","2","2","3","8","1","3","2","0","0","0","0","4.2","","","","","","","0","4.2","0","","","","0","0","0","0","0","0","2.1","1.4","","0","66.66666667","0","0","46.66666667","46.66666667","0","0","70","70"
"","","UGP2014NAM-OT03","","","","","","","","","UGP2014NAM-OT03-01228","","","","3","0","","","","","","0","0","0","0","0","0","","","","","","","0","0","0","","","","","0","","0","","0","","0","","","0","0","0","0","0","","","",""
"","","UGP2014NAM-OT03","","","","","","","","","UGP2014NAM-OT03-01229","","","","3","0","","","","","","0","0","0","0","0","0","","","","","","","0","0","0","","","","","0","","0","","0","","0","","","0","0","0","0","0","","","",""
"","","UGP2014NAM-OT03","","","","","","","","","UGP2014NAM-OT03-01230","","","","3","1","2","3","7","1","2","1","2","0","0.36","0","2.6","2","1","1","2","5","1.38","0.36","2.96","2","0.18","","0.18","2","0.666666667","2","0.666666667","0.36","0.12","2.6","0.866666667","100","12.16216216","33.33333333","4","4","28.88888889","32.88888889","12","12","86.66666667","98.66666667"
"","","UGP2014NAM-OT03","","","","","","","","","UGP2014NAM-OT03-01231","","","","3","1","2","2","7","1","3","1","1","0","0.12","0","1.8","2","1","1","1","5","1.5","0.12","1.92","1","0.12","","0.12","1","0.333333333","1","0.333333333","0.12","0.04","1.8","0.6","100","6.25","33.33333333","1.333333333","1.333333333","20","21.33333333","4","4","60","64"
"","","UGP2014NAM-OT03","","","","","","","","","UGP2014NAM-OT03-01232","","","","3","0","","","","","","0","0","0","0","0","0","","","","","","","0","0","0","","","","","0","","0","","0","","0","","","0","0","0","0","0","","","",""
"","","UGP2014NAM-OT03","","","","","","","","","UGP2014NAM-OT03-01233","","","","3","2","2","3","8","1","2","2","1","3","0.08","0.08","7","9","1","1","1","9","0.12","0.16","7.16","4","0.08","0.026666667","0.04","2","1.333333333","0.5","0.333333333","0.08","0.053333333","3.5","2.333333333","25","2.234636872","66.66666667","0.888888889","1.777777778","77.77777778","79.55555556","1.333333333","2.666666667","116.6666667","119.3333333"
"","","UGP2014NAM-OT03","","","","","","","","","UGP2014NAM-OT03-01234","","","","3","1","2","2","7","1","2","1","0","0","0","0","3","","","","","","","0","3","0","","","","0","0","0","0","0","0","3","1","","0","33.33333333","0","0","33.33333333","33.33333333","0","0","100","100"
"","","UGP2014NAM-OT03","","","","","","","","","UGP2014NAM-OT03-01235","","","","3","1","2","6","7","2","3","1","1","2","0.08","0.04","2.7","6","1","1","4","9","0.02","0.12","2.82","3","0.08","0.02","0.04","3","1","1","0.333333333","0.12","0.04","2.7","0.9","33.33333333","4.255319149","33.33333333","0.888888889","1.333333333","30","31.33333333","2.666666667","4","90","94"
"","","UGP2014NAM-OT03","","","","","","","","","UGP2014NAM-OT03-01236","","","","3","2","2","7","7","2","3","2","2","1","0.18","0.01","4","9","1","1","2","7","0.02","0.19","4.19","3","0.09","0.01","0.063333333","1.5","1","1","0.666666667","0.095","0.063333333","2","1.333333333","66.66666667","4.534606205","66.66666667","2","2.111111111","44.44444444","46.55555556","3","3.166666667","66.66666667","69.83333333"
"","","UGP2014NAM-OT03","","","","","","","","","UGP2014NAM-OT03-01238","","","","3","1","3","6","7","2","3","1","1","0","0.16","0","2.5","9","1","1","5","1","0.02","0.16","2.66","1","0.16","","0.16","1","0.333333333","1","0.333333333","0.16","0.053333333","2.5","0.833333333","100","6.015037594","33.33333333","1.777777778","1.777777778","27.77777778","29.55555556","5.333333333","5.333333333","83.33333333","88.66666667"
"","","UGP2014NAM-OT03","","","","","","","","","UGP2014NAM-OT03-01239","","","","3","0","","","","","","0","0","0","0","0","0","","","","","","","0","0","0","","","","","0","","0","","0","","0","","","0","0","0","0","0","","","",""
"","","UGP2014NAM-OT03","","","","","","","","","UGP2014NAM-OT03-01240","","","","3","3","1","2","5","1","3","3","0","0","0","0","2","","","","","","","0","2","0","","","","0","0","0","0","0","0","0.666666667","0.666666667","","0","100","0","0","22.22222222","22.22222222","0","0","22.22222222","22.22222222"
"","","UGP2014NAM-OT03","","","","","","","","","UGP2014NAM-OT03-01241","","","","3","2","1","2","7","1","2","2","0","0","0","0","4","","","","","","","0","4","0","","","","0","0","0","0","0","0","2","1.333333333","","0","66.66666667","0","0","44.44444444","44.44444444","0","0","66.66666667","66.66666667"
"","","UGP2014NAM-OT03","","","","","","","","","UGP2014NAM-OT03-01242","","","","3","2","1","2","7","3","4","2","3","1","0.75","0.03","1.7","8","1","1","8","3","0.02","0.78","2.48","4","0.25","0.03","0.195","2","1.333333333","1.5","1","0.39","0.26","0.85","0.566666667","75","31.4516129","66.66666667","8.333333333","8.666666667","18.88888889","27.55555556","12.5","13","28.33333333","41.33333333"
"","","UGP2014NAM-OT03","","","","","","","","","UGP2014NAM-OT03-01243","","","","3","0","","","","","","0","0","0","0","0","0","","","","","","","0","0","0","","","","","0","","0","","0","","0","","","0","0","0","0","0","","","",""
"","","UGP2014NAM-OT03","","","","","","","","","UGP2014NAM-OT03-01244","","","","3","2","1","2","5","3","6","2","4","0","0.6","0","1","8","1","1","3","3","0.02","0.6","1.6","4","0.15","","0.15","2","1.333333333","2","1.333333333","0.3","0.2","0.5","0.333333333","100","37.5","66.66666667","6.666666667","6.666666667","11.11111111","17.77777778","10","10","16.66666667","26.66666667"
"","","UGP2014NAM-OT03","","","","","","","","","UGP2014NAM-OT03-01245","","","","3","2","1","2","5","2","4","2","0","10","0","0.1","1.2","2","1","1","2","9","0.02","0.1","1.3","10","","0.01","0.01","5","3.333333333","0","0","0.05","0.033333333","0.6","0.4","0","7.692307692","66.66666667","0","1.111111111","13.33333333","14.44444444","0","1.666666667","20","21.66666667"
"","","UGP2014NAM-OT03","","","","","","","","","UGP2014NAM-OT03-01246","","","","3","3","3","6","6","3","5","1","3","3","0.2","0.05","0.24","9","1","1","6","5","0.12","0.25","0.49","6","0.066666667","0.016666667","0.041666667","6","2","3","1","0.25","0.083333333","0.24","0.08","50","51.02040816","33.33333333","2.222222222","2.777777778","2.666666667","5.444444444","6.666666667","8.333333333","8","16.33333333"
"","","UGP2014NAM-OT03","","","","","","","","","UGP2014NAM-OT03-01247","","","","3","3","1","2","6","3","6","3","0","11","0","0.1","2.2","8","1","1","9","9","1.38","0.1","2.3","11","","0.009090909","0.009090909","3.666666667","3.666666667","0","0","0.033333333","0.033333333","0.733333333","0.733333333","0","4.347826087","100","0","1.111111111","24.44444444","25.55555556","0","1.111111111","24.44444444","25.55555556"
"","","UGP2014NAM-OT03","","","","","","","","","UGP2014NAM-OT03-01248","","","","3","2","1","2","5","1","2","2","2","0","0.2","0","2.5","2","1","1","4","5","0.02","0.2","2.7","2","0.1","","0.1","1","0.666666667","1","0.666666667","0.1","0.066666667","1.25","0.833333333","100","7.407407407","66.66666667","2.222222222","2.222222222","27.77777778","30","3.333333333","3.333333333","41.66666667","45"
"","","UGP2014NAM-OT03","","","","","","","","","UGP2014NAM-OT03-01249","","","","3","0","","","","","","0","0","0","0","0","0","","","","","","","0","0","0","","","","","0","","0","","0","","0","","","0","0","0","0","0","","","",""
"","","UGP2014NAM-OT03","","","","","","","","","UGP2014NAM-OT03-01250","","","","3","3","2","3","8","2","3","1","1","0","0.3","0","10.2","9","1","1","5","3","0.12","0.3","10.5","1","0.3","","0.3","1","0.333333333","1","0.333333333","0.3","0.1","10.2","3.4","100","2.857142857","33.33333333","3.333333333","3.333333333","113.3333333","116.6666667","10","10","340","350"
"","","UGP2014NAM-OT03","","","","","","","","","UGP2014NAM-OT03-01251","","","","3","0","","","","","","0","0","0","0","0","0","","","","","","","0","0","0","","","","","0","","0","","0","","0","","","0","0","0","0","0","","","",""
"","","UGP2014NAM-OT03","","","","","","","","","UGP2014NAM-OT03-01252","","","","3","3","1","3","6","2","3","1","1","1","0.12","0.04","2.9","9","1","1","5","9","0.02","0.16","3.06","2","0.12","0.04","0.08","2","0.666666667","1","0.333333333","0.16","0.053333333","2.9","0.966666667","50","5.22875817","33.33333333","1.333333333","1.777777778","32.22222222","34","4","5.333333333","96.66666667","102"
"","","UGP2014NAM-OT03","","","","","","","","","UGP2014NAM-OT03-01253","","","","3","3","3","6","7","4","7","3","3","2","0.68","0.05","2","8","2","3","5","3","0","0.73","2.73","5","0.226666667","0.025","0.146","1.666666667","1.666666667","1","1","0.243333333","0.243333333","0.666666667","0.666666667","60","26.73992674","100","7.555555556","8.111111111","22.22222222","30.33333333","7.555555556","8.111111111","22.22222222","30.33333333"
"","","UGP2014NAM-OT03","","","","","","","","","UGP2014NAM-OT03-01254","","","","3","2","1","3","6","4","7","2","2","0","0.12","0","3.3","8","1","1","3","7","0.02","0.12","3.42","2","0.06","","0.06","1","0.666666667","1","0.666666667","0.06","0.04","1.65","1.1","100","3.50877193","66.66666667","1.333333333","1.333333333","36.66666667","38","2","2","55","57"
"","","UGP2014NAM-OT03","","","","","","","","","UGP2014NAM-OT03-01255","","","","3","2","1","2","7","3","7","2","0","0","0","0","1","","","","","","","0","1","0","","","","0","0","0","0","0","0","0.5","0.333333333","","0","66.66666667","0","0","11.11111111","11.11111111","0","0","16.66666667","16.66666667"
"","","UGP2014NAM-OT03","","","","","","","","","UGP2014NAM-OT03-01256","","","","3","2","1","3","9","1","3","2","4","2","0.28","0.05","4.5","8","1","1","1","5","0","0.33","4.83","6","0.07","0.025","0.055","3","2","2","1.333333333","0.165","0.11","2.25","1.5","66.66666667","6.832298137","66.66666667","3.111111111","3.666666667","50","53.66666667","4.666666667","5.5","75","80.5"
"","","UGP2014NAM-OT03","","","","","","","","","UGP2014NAM-OT03-01257","","","","3","2","2","3","5","3","6","2","1","0","0.48","0","1","6","1","1","1","3","0.02","0.48","1.48","1","0.48","","0.48","0.5","0.333333333","0.5","0.333333333","0.24","0.16","0.5","0.333333333","100","32.43243243","66.66666667","5.333333333","5.333333333","11.11111111","16.44444444","8","8","16.66666667","24.66666667"
"","","UGP2014NAM-OT03","","","","","","","","","UGP2014NAM-OT03-01258","","","","3","3","2","2","7","1","2","3","1","6","0.2","0.16","2","2","1","1","2","7","0.12","0.36","2.36","7","0.2","0.026666667","0.051428571","2.333333333","2.333333333","0.333333333","0.333333333","0.12","0.12","0.666666667","0.666666667","14.28571429","15.25423729","100","2.222222222","4","22.22222222","26.22222222","2.222222222","4","22.22222222","26.22222222"
"","","UGP2014NAM-OT03","","","","","","","","","UGP2014NAM-OT03-01259","","","","3","0","","","","","","0","0","0","0","0","0","","","","","","","0","0","0","","","","","0","","0","","0","","0","","","0","0","0","0","0","","","",""
"","","UGP2014NAM-OT03","","","","","","","","","UGP2014NAM-OT03-01260","","","","3","3","1","2","6","1","2","3","4","2","0.38","0.05","3.5","2","1","1","2","5","3.03","0.43","3.93","6","0.095","0.025","0.071666667","2","2","1.333333333","1.333333333","0.143333333","0.143333333","1.166666667","1.166666667","66.66666667","10.94147583","100","4.222222222","4.777777778","38.88888889","43.66666667","4.222222222","4.777777778","38.88888889","43.66666667"
"","","UGP2014NAM-OT03","","","","","","","","","UGP2014NAM-OT03-01261","","","","3","1","3","5","6","2","3","1","0","0","0","0","1.2","","","","","","","0","1.2","0","","","","0","0","0","0","0","0","1.2","0.4","","0","33.33333333","0","0","13.33333333","13.33333333","0","0","40","40"
"","","UGP2014NAM-OT03","","","","","","","","","UGP2014NAM-OT03-01262","","","","3","1","1","3","7","1","2","1","3","1","0.28","0.04","1","2","1","1","3","5","0.15","0.32","1.32","4","0.093333333","0.04","0.08","4","1.333333333","3","1","0.32","0.106666667","1","0.333333333","75","24.24242424","33.33333333","3.111111111","3.555555556","11.11111111","14.66666667","9.333333333","10.66666667","33.33333333","44"
"","","UGP2014NAM-OT03","","","","","","","","","UGP2014NAM-OT03-01263","","","","3","2","1","2","5","4","8","2","0","0","0","0","0.48","","","","","","","0","0.48","0","","","","0","0","0","0","0","0","0.24","0.16","","0","66.66666667","0","0","5.333333333","5.333333333","0","0","8","8"
"","","UGP2014NAM-OT03","","","","","","","","","UGP2014NAM-OT03-01264","","","","3","1","1","2","6","1","2","1","0","0","0","0","1","","","","","","","0","1","0","","","","0","0","0","0","0","0","1","0.333333333","","0","33.33333333","0","0","11.11111111","11.11111111","0","0","33.33333333","33.33333333"
"","","UGP2014NAM-OT03","","","","","","","","","UGP2014NAM-OT03-01265","","","","3","1","1","2","6","2","4","1","1","3","0.1","0.08","1.5","2","1","1","2","7","0.15","0.18","1.68","4","0.1","0.026666667","0.045","4","1.333333333","1","0.333333333","0.18","0.06","1.5","0.5","25","10.71428571","33.33333333","1.111111111","2","16.66666667","18.66666667","3.333333333","6","50","56"
"","","UGP2014NAM-OT03","","","","","","","","","UGP2014NAM-OT03-01266","","","","3","0","","","","","","0","0","0","0","0","0","","","","","","","0","0","0","","","","","0","","0","","0","","0","","","0","0","0","0","0","","","",""
"","","UGP2014NAM-OT03","","","","","","","","","UGP2014NAM-OT03-01267","","","","3","2","","2","8","1","3","2","0","0","0","0","5","","","","","","","0","5","0","","","","0","0","0","0","0","0","2.5","1.666666667","","0","66.66666667","0","0","55.55555556","55.55555556","0","0","83.33333333","83.33333333"
"","","UGP2014NAM-OT03","","","","","","","","","UGP2014NAM-OT03-01268","","","","3","2","","2","7","1","2","2","0","0","0","0","2.5","","","","","","","0","2.5","0","","","","0","0","0","0","0","0","1.25","0.833333333","","0","66.66666667","0","0","27.77777778","27.77777778","0","0","41.66666667","41.66666667"
"","","UGP2014NAM-OT03","","","","","","","","","UGP2014NAM-OT03-01269","","","","3","3","1","3","7","1","3","2","1","0","0.16","0","1","2","1","1","1","5","0.12","0.16","1.16","1","0.16","","0.16","0.5","0.333333333","0.5","0.333333333","0.08","0.053333333","0.5","0.333333333","100","13.79310345","66.66666667","1.777777778","1.777777778","11.11111111","12.88888889","2.666666667","2.666666667","16.66666667","19.33333333"
"","","UGP2014NAM-OT03","","","","","","","","","UGP2014NAM-OT03-01270","","","","3","3","1","2","7","2","4","2","0","0","0","0","2.5","","","","","","","0","2.5","0","","","","0","0","0","0","0","0","1.25","0.833333333","","0","66.66666667","0","0","27.77777778","27.77777778","0","0","41.66666667","41.66666667"
"","","UGP2014NAM-OT03","","","","","","","","","UGP2014NAM-OT03-01271","","","","3","2","1","3","8","1","2","2","5","4","0.56","0.11","2","5","1","1","9","9","0.03","0.67","2.67","9","0.112","0.0275","0.074444444","4.5","3","2.5","1.666666667","0.335","0.223333333","1","0.666666667","55.55555556","25.09363296","66.66666667","6.222222222","7.444444444","22.22222222","29.66666667","9.333333333","11.16666667","33.33333333","44.5"
"","","UGP2014NAM-OT03","","","","","","","","","UGP2014NAM-OT03-01272","","","","3","3","1","2","7","1","2","2","4","9","0.68","0.02","2","8","1","1","8","3","0.02","0.7","2.7","13","0.17","0.002222222","0.053846154","6.5","4.333333333","2","1.333333333","0.35","0.233333333","1","0.666666667","30.76923077","25.92592593","66.66666667","7.555555556","7.777777778","22.22222222","30","11.33333333","11.66666667","33.33333333","45"
"","","UGP2014NAM-OT03","","","","","","","","","UGP2014NAM-OT03-01273","","","","3","3","1","3","5","3","6","3","1","0","0.09","0","1.5","2","1","1","9","9","0.12","0.09","1.59","1","0.09","","0.09","0.333333333","0.333333333","0.333333333","0.333333333","0.03","0.03","0.5","0.5","100","5.660377358","100","1","1","16.66666667","17.66666667","1","1","16.66666667","17.66666667"
"","","UGP2014NAM-OT03","","","","","","","","","UGP2014NAM-OT03-01274","","","","3","2","3","4","5","2","6","2","0","0","0","0","1","","","","","","","0","1","0","","","","0","0","0","0","0","0","0.5","0.333333333","","0","66.66666667","0","0","11.11111111","11.11111111","0","0","16.66666667","16.66666667"
"","","UGP2014NAM-OT03","","","","","","","","","UGP2014NAM-OT03-01275","","","","3","1","1","3","6","2","3","1","0","0","0","0","1","","","","","","","0","1","0","","","","0","0","0","0","0","0","1","0.333333333","","0","33.33333333","0","0","11.11111111","11.11111111","0","0","33.33333333","33.33333333"
"","","UGP2014NAM-OT03","","","","","","","","","UGP2014NAM-OT03-01276","","","","3","1","1","3","8","2","3","1","4","1","0.34","0.04","2","2","1","1","5","5","0","0.38","2.38","5","0.085","0.04","0.076","5","1.666666667","4","1.333333333","0.38","0.126666667","2","0.666666667","80","15.96638655","33.33333333","3.777777778","4.222222222","22.22222222","26.44444444","11.33333333","12.66666667","66.66666667","79.33333333"
"","","UGP2014NAM-OT03","","","","","","","","","UGP2014NAM-OT03-01277","","","","3","2","1","3","7","1","2","2","1","0","0.1","0","2","8","1","1","3","7","0.03","0.1","2.1","1","0.1","","0.1","0.5","0.333333333","0.5","0.333333333","0.05","0.033333333","1","0.666666667","100","4.761904762","66.66666667","1.111111111","1.111111111","22.22222222","23.33333333","1.666666667","1.666666667","33.33333333","35"
"","","UGP2014NAM-OT03","","","","","","","","","UGP2014NAM-OT03-01278","","","","3","2","3","4","7","1","3","2","0","1","0","0.04","3","9","1","1","9","9","0.03","0.04","3.04","1","","0.04","0.04","0.5","0.333333333","0","0","0.02","0.013333333","1.5","1","0","1.315789474","66.66666667","0","0.444444444","33.33333333","33.77777778","0","0.666666667","50","50.66666667"
"","","UGP2014NAM-OT03","","","","","","","","","UGP2014NAM-OT03-01279","","","","3","2","3","6","6","1","2","2","4","2","1","0.01","9","3","1","1","5","3","0.03","1.01","10.01","6","0.25","0.005","0.168333333","3","2","2","1.333333333","0.505","0.336666667","4.5","3","66.66666667","10.08991009","66.66666667","11.11111111","11.22222222","100","111.2222222","16.66666667","16.83333333","150","166.8333333"
"","","UGP2014NAM-OT03","","","","","","","","","UGP2014NAM-OT03-01280","","","","3","2","3","6","8","2","4","2","0","0","0","0","3.5","","","","","","","0","3.5","0","","","","0","0","0","0","0","0","1.75","1.166666667","","0","66.66666667","0","0","38.88888889","38.88888889","0","0","58.33333333","58.33333333"
"","","UGP2014NAM-OT03","","","","","","","","","UGP2014NAM-OT03-01281","","","","3","3","3","3","8","2","3","3","0","0","0","0","1.5","","","","","","","0","1.5","0","","","","0","0","0","0","0","0","0.5","0.5","","0","100","0","0","16.66666667","16.66666667","0","0","16.66666667","16.66666667"
"","","UGP2014NAM-OT03","","","","","","","","","UGP2014NAM-OT03-01282","","","","3","3","3","6","7","3","5","1","2","0","0.7","0","0.5","2","1","1","4","1","0","0.7","1.2","2","0.35","","0.35","2","0.666666667","2","0.666666667","0.7","0.233333333","0.5","0.166666667","100","58.33333333","33.33333333","7.777777778","7.777777778","5.555555556","13.33333333","23.33333333","23.33333333","16.66666667","40"
"","","UGP2014NAM-OT03","","","","","","","","","UGP2014NAM-OT03-01283","","","","3","2","1","2","9","1","2","1","0","0","0","0","7","","","","","","","0","7","0","","","","0","0","0","0","0","0","7","2.333333333","","0","33.33333333","0","0","77.77777778","77.77777778","0","0","233.3333333","233.3333333"
"","","UGP2014NAM-OT03","","","","","","","","","UGP2014NAM-OT03-01284","","","","3","2","3","6","6","3","6","1","2","2","1.3","0.04","1","9","1","5","1","1","3.03","1.34","2.34","4","0.65","0.02","0.335","4","1.333333333","2","0.666666667","1.34","0.446666667","1","0.333333333","50","57.26495726","33.33333333","14.44444444","14.88888889","11.11111111","26","43.33333333","44.66666667","33.33333333","78"
"","","UGP2014NAM-OT03","","","","","","","","","UGP2014NAM-OT03-01285","","","","3","2","1","2","5","1","2","2","0","3","0","0.1","1","9","1","1","2","9","3.96","0.1","1.1","3","","0.033333333","0.033333333","1.5","1","0","0","0.05","0.033333333","0.5","0.333333333","0","9.090909091","66.66666667","0","1.111111111","11.11111111","12.22222222","0","1.666666667","16.66666667","18.33333333"
"","","UGP2014NAM-OT03","","","","","","","","","UGP2014NAM-OT03-01286","","","","3","3","1","3","9","1","2","3","3","0","0.32","0","7.5","9","1","1","2","5","0","0.32","7.82","3","0.106666667","","0.106666667","1","1","1","1","0.106666667","0.106666667","2.5","2.5","100","4.092071611","100","3.555555556","3.555555556","83.33333333","86.88888889","3.555555556","3.555555556","83.33333333","86.88888889"
"","","UGP2014NAM-OT03","","","","","","","","","UGP2014NAM-OT03-01287","","","","3","2","1","2","7","1","2","2","2","2","0.4","0.04","1.5","2","1","1","7","5","0.02","0.44","1.94","4","0.2","0.02","0.11","2","1.333333333","1","0.666666667","0.22","0.146666667","0.75","0.5","50","22.68041237","66.66666667","4.444444444","4.888888889","16.66666667","21.55555556","6.666666667","7.333333333","25","32.33333333"
"","","UGP2014NAM-OT03","","","","","","","","","UGP2014NAM-OT03-01288","","","","3","1","1","2","5","4","7","1","0","0","0","0","1.2","","","","","","","0","1.2","0","","","","0","0","0","0","0","0","1.2","0.4","","0","33.33333333","0","0","13.33333333","13.33333333","0","0","40","40"
"","","UGP2014NAM-OT03","","","","","","","","","UGP2014NAM-OT03-01289","","","","3","3","3","6","6","3","6","3","0","0","0","0","1","","","","","","","0","1","0","","","","0","0","0","0","0","0","0.333333333","0.333333333","","0","100","0","0","11.11111111","11.11111111","0","0","11.11111111","11.11111111"
"","","UGP2014NAM-OT03","","","","","","","","","UGP2014NAM-OT03-01290","","","","3","3","1","3","6","2","4","3","0","0","0","0","1.5","","","","","","","0","1.5","0","","","","0","0","0","0","0","0","0.5","0.5","","0","100","0","0","16.66666667","16.66666667","0","0","16.66666667","16.66666667"
"","","UGP2014NAM-OT03","","","","","","","","","UGP2014NAM-OT03-01291","","","","3","3","1","3","7","2","4","3","0","0","0","0","2","","","","","","","0","2","0","","","","0","0","0","0","0","0","0.666666667","0.666666667","","0","100","0","0","22.22222222","22.22222222","0","0","22.22222222","22.22222222"
"","","UGP2014NAM-OT03","","","","","","","","","UGP2014NAM-OT03-01292","","","","3","2","1","2","7","3","6","2","0","0","0","0","2.3","","","","","","","0","2.3","0","","","","0","0","0","0","0","0","1.15","0.766666667","","0","66.66666667","0","0","25.55555556","25.55555556","0","0","38.33333333","38.33333333"
"","","UGP2014NAM-OT03","","","","","","","","","UGP2014NAM-OT03-01293","","","","3","3","1","2","9","4","7","3","2","0","0.26","0","4","8","2","1","3","5","0.12","0.26","4.26","2","0.13","","0.13","0.666666667","0.666666667","0.666666667","0.666666667","0.086666667","0.086666667","1.333333333","1.333333333","100","6.103286385","100","2.888888889","2.888888889","44.44444444","47.33333333","2.888888889","2.888888889","44.44444444","47.33333333"
"","","UGP2014NAM-OT03","","","","","","","","","UGP2014NAM-OT03-01294","","","","3","0","","","","","","0","0","0","0","0","0","","","","","","","0","0","0","","","","","0","","0","","0","","0","","","0","0","0","0","0","","","",""
"","","UGP2014NAM-OT03","","","","","","","","","UGP2014NAM-OT03-01295","","","","3","2","1","2","8","3","5","2","1","0","0.48","0","1.5","2","1","1","8","1","0.02","0.48","1.98","1","0.48","","0.48","0.5","0.333333333","0.5","0.333333333","0.24","0.16","0.75","0.5","100","24.24242424","66.66666667","5.333333333","5.333333333","16.66666667","22","8","8","25","33"
"","","UGP2014NAM-OT03","","","","","","","","","UGP2014NAM-OT03-01296","","","","3","1","1","3","5","4","7","1","0","0","0","0","0.7","","","","","","","0","0.7","0","","","","0","0","0","0","0","0","0.7","0.233333333","","0","33.33333333","0","0","7.777777778","7.777777778","0","0","23.33333333","23.33333333"
"","","UGP2014NAM-OT03","","","","","","","","","UGP2014NAM-OT03-01297","","","","3","2","1","2","6","2","4","2","0","0","0","0","1.5","","","","","","","0","1.5","0","","","","0","0","0","0","0","0","0.75","0.5","","0","66.66666667","0","0","16.66666667","16.66666667","0","0","25","25"
"","","UGP2014NAM-OT03","","","","","","","","","UGP2014NAM-OT03-01298","","","","3","2","1","2","7","1","2","2","0","0","0","0","1","","","","","","","0","1","0","","","","0","0","0","0","0","0","0.5","0.333333333","","0","66.66666667","0","0","11.11111111","11.11111111","0","0","16.66666667","16.66666667"
"","","UGP2014NAM-OT03","","","","","","","","","UGP2014NAM-OT03-01299","","","","3","2","1","2","7","1","2","2","0","0","0","0","2.5","","","","","","","0","2.5","0","","","","0","0","0","0","0","0","1.25","0.833333333","","0","66.66666667","0","0","27.77777778","27.77777778","0","0","41.66666667","41.66666667"
"","","UGP2014NAM-OT03","","","","","","","","","UGP2014NAM-OT03-01300","","","","3","2","1","3","8","1","3","2","0","0","0","0","1.4","","","","","","","0","1.4","0","","","","0","0","0","0","0","0","0.7","0.466666667","","0","66.66666667","0","0","15.55555556","15.55555556","0","0","23.33333333","23.33333333"
"","","UGP2014NAM-OT03","","","","","","","","","UGP2014NAM-OT03-01301","","","","3","2","1","4","8","2","3","1","3","2","0.24","0.08","3.2","9","1","1","3","7","0.12","0.32","3.52","5","0.08","0.04","0.064","5","1.666666667","3","1","0.32","0.106666667","3.2","1.066666667","60","9.090909091","33.33333333","2.666666667","3.555555556","35.55555556","39.11111111","8","10.66666667","106.6666667","117.3333333"
"","","UGP2014NAM-OT03","","","","","","","","","UGP2014NAM-OT03-01302","","","","3","2","3","6","8","1","3","2","2","3","0.2","0.04","3.5","8","1","1","9","7","0.02","0.24","3.74","5","0.1","0.013333333","0.048","2.5","1.666666667","1","0.666666667","0.12","0.08","1.75","1.166666667","40","6.417112299","66.66666667","2.222222222","2.666666667","38.88888889","41.55555556","3.333333333","4","58.33333333","62.33333333"
"","","UGP2014NAM-OT03","","","","","","","","","UGP2014NAM-OT03-01303","","","","3","3","3","6","7","1","3","3","1","0","0.12","0","1.5","9","1","1","4","7","0.12","0.12","1.62","1","0.12","","0.12","0.333333333","0.333333333","0.333333333","0.333333333","0.04","0.04","0.5","0.5","100","7.407407407","100","1.333333333","1.333333333","16.66666667","18","1.333333333","1.333333333","16.66666667","18"
"","","UGP2014NAM-OT03","","","","","","","","","UGP2014NAM-OT03-01304","","","","3","3","3","6","7","3","5","3","3","0","0.2","0","2","2","1","1","8","9","0","0.2","2.2","3","0.066666667","","0.066666667","1","1","1","1","0.066666667","0.066666667","0.666666667","0.666666667","100","9.090909091","100","2.222222222","2.222222222","22.22222222","24.44444444","2.222222222","2.222222222","22.22222222","24.44444444"
"","","UGP2014NAM-OT03","","","","","","","","","UGP2014NAM-OT03-01305","","","","3","1","2","4","7","3","6","1","2","1","0.28","0.04","0.18","2","2","2","6","5","0.12","0.32","0.5","3","0.14","0.04","0.106666667","3","1","2","0.666666667","0.32","0.106666667","0.18","0.06","66.66666667","64","33.33333333","3.111111111","3.555555556","2","5.555555556","9.333333333","10.66666667","6","16.66666667"
"","","UGP2014NAM-OT03","","","","","","","","","UGP2014NAM-OT03-01306","","","","3","3","1","3","5","3","5","3","0","0","0","0","0.4","","","","","","","0","0.4","0","","","","0","0","0","0","0","0","0.133333333","0.133333333","","0","100","0","0","4.444444444","4.444444444","0","0","4.444444444","4.444444444"
"","","UGP2014NAM-OT03","","","","","","","","","UGP2014NAM-OT03-01307","","","","3","2","1","3","5","4","6","2","2","0","0.4","0","1.2","2","1","1","4","3","0.12","0.4","1.6","2","0.2","","0.2","1","0.666666667","1","0.666666667","0.2","0.133333333","0.6","0.4","100","25","66.66666667","4.444444444","4.444444444","13.33333333","17.77777778","6.666666667","6.666666667","20","26.66666667"
"","","UGP2014NAM-OT03","","","","","","","","","UGP2014NAM-OT03-01308","","","","3","2","1","3","3","4","6","2","5","6","0.28","0.2","0.28","2","1","1","3","7","0","0.48","0.76","11","0.056","0.033333333","0.043636364","5.5","3.666666667","2.5","1.666666667","0.24","0.16","0.14","0.093333333","45.45454545","63.15789474","66.66666667","3.111111111","5.333333333","3.111111111","8.444444444","4.666666667","8","4.666666667","12.66666667"
"","","UGP2014NAM-OT03","","","","","","","","","UGP2014NAM-OT03-01309","","","","3","1","1","2","7","3","6","1","0","0","0","0","0.6","","","","","","","0","0.6","0","","","","0","0","0","0","0","0","0.6","0.2","","0","33.33333333","0","0","6.666666667","6.666666667","0","0","20","20"
"","","UGP2014NAM-OT03","","","","","","","","","UGP2014NAM-OT03-01310","","","","3","3","1","2","6","4","7","3","0","0","0","0","0.38","","","","","","","0","0.38","0","","","","0","0","0","0","0","0","0.126666667","0.126666667","","0","100","0","0","4.222222222","4.222222222","0","0","4.222222222","4.222222222"
"","","UGP2014NAM-OT03","","","","","","","","","UGP2014NAM-OT03-01311","","","","3","2","1","3","5","4","7","2","1","0","0.08","0","0.28","2","1","1","2","7","0.02","0.08","0.36","1","0.08","","0.08","0.5","0.333333333","0.5","0.333333333","0.04","0.026666667","0.14","0.093333333","100","22.22222222","66.66666667","0.888888889","0.888888889","3.111111111","4","1.333333333","1.333333333","4.666666667","6"
"","","UGP2014NAM-OT03","","","","","","","","","UGP2014NAM-OT03-01312","","","","3","2","1","3","7","3","5","2","1","1","0.08","0.01","4.5","8","1","1","2","7","0.02","0.09","4.59","2","0.08","0.01","0.045","1","0.666666667","0.5","0.333333333","0.045","0.03","2.25","1.5","50","1.960784314","66.66666667","0.888888889","1","50","51","1.333333333","1.5","75","76.5"
"","","UGP2014NAM-OT03","","","","","","","","","UGP2014NAM-OT03-01313","","","","3","0","","","","","","0","0","0","0","0","0","","","","","","","0","0","0","","","","","0","","0","","0","","0","","","0","0","0","0","0","","","",""
"","","UGP2014NAM-OT03","","","","","","","","","UGP2014NAM-OT03-01314","","","","3","0","","","","","","0","0","0","0","0","0","","","","","","","0","0","0","","","","","0","","0","","0","","0","","","0","0","0","0","0","","","",""
"","","UGP2014NAM-OT03","","","","","","","","","UGP2014NAM-OT03-01315","","","","3","2","1","2","6","2","3","2","0","0","0","0","0.3","","","","","","","0","0.3","0","","","","0","0","0","0","0","0","0.15","0.1","","0","66.66666667","0","0","3.333333333","3.333333333","0","0","5","5"
"","","UGP2014NAM-OT03","","","","","","","","","UGP2014NAM-OT03-01316","","","","3","1","1","2","5","2","4","1","2","0","0.12","0","2.2","2","1","1","8","7","0.02","0.12","2.32","2","0.06","","0.06","2","0.666666667","2","0.666666667","0.12","0.04","2.2","0.733333333","100","5.172413793","33.33333333","1.333333333","1.333333333","24.44444444","25.77777778","4","4","73.33333333","77.33333333"
"","","UGP2014NAM-OT03","","","","","","","","","UGP2014NAM-OT03-01317","","","","3","3","1","3","7","2","4","3","3","0","0.08","0","1","2","1","1","3","7","1.5","0.08","1.08","3","0.026666667","","0.026666667","1","1","1","1","0.026666667","0.026666667","0.333333333","0.333333333","100","7.407407407","100","0.888888889","0.888888889","11.11111111","12","0.888888889","0.888888889","11.11111111","12"
"","","UGP2014NAM-OT03","","","","","","","","","UGP2014NAM-OT03-01318","","","","3","3","3","6","7","1","2","3","0","0","0","0","4","","","","","","","0","4","0","","","","0","0","0","0","0","0","1.333333333","1.333333333","","0","100","0","0","44.44444444","44.44444444","0","0","44.44444444","44.44444444"
"","","UGP2014NAM-OT03","","","","","","","","","UGP2014NAM-OT03-01319","","","","3","2","3","6","6","1","3","2","2","0","0.14","0","1.5","9","1","1","2","7","0.12","0.14","1.64","2","0.07","","0.07","1","0.666666667","1","0.666666667","0.07","0.046666667","0.75","0.5","100","8.536585366","66.66666667","1.555555556","1.555555556","16.66666667","18.22222222","2.333333333","2.333333333","25","27.33333333"
"","","UGP2014NAM-OT03","","","","","","","","","UGP2014NAM-OT03-01320","","","","3","2","1","3","7","1","3","2","4","4","0.3","0.12","7.5","6","1","1","5","7","0","0.42","7.92","8","0.075","0.03","0.0525","4","2.666666667","2","1.333333333","0.21","0.14","3.75","2.5","50","5.303030303","66.66666667","3.333333333","4.666666667","83.33333333","88","5","7","125","132"
"","","UGP2014NAM-OT03","","","","","","","","","UGP2014NAM-OT03-01321","","","","3","2","1","2","6","1","3","2","4","0","1","0","1","6","1","1","6","3","0.12","1","2","4","0.25","","0.25","2","1.333333333","2","1.333333333","0.5","0.333333333","0.5","0.333333333","100","50","66.66666667","11.11111111","11.11111111","11.11111111","22.22222222","16.66666667","16.66666667","16.66666667","33.33333333"
"","","UGP2014NAM-OT03","","","","","","","","","UGP2014NAM-OT03-01322","","","","3","3","2","6","7","3","6","2","4","1","1.4","","1","8","2","1","3","6","0.12","","","5","0.35","","","2.5","1.666666667","2","1.333333333","","","0.5","0.333333333","80","","66.66666667","15.55555556","","11.11111111","","23.33333333","","16.66666667",""
"","","UGP2014NAM-OT03","","","","","","","","","UGP2014NAM-OT03-01323","","","","3","2","1","2","7","1","3","2","0","0","0","0","1.7","","","","","","","0","1.7","0","","","","0","0","0","0","0","0","0.85","0.566666667","","0","66.66666667","0","0","18.88888889","18.88888889","0","0","28.33333333","28.33333333"
"","","UGP2014NAM-OT03","","","","","","","","","UGP2014NAM-OT03-01324","","","","3","3","1","3","8","1","2","2","7","0","1.48","0","2","9","1","1","9","6","0.12","1.48","3.48","7","0.211428571","","0.211428571","3.5","2.333333333","3.5","2.333333333","0.74","0.493333333","1","0.666666667","100","42.52873563","66.66666667","16.44444444","16.44444444","22.22222222","38.66666667","24.66666667","24.66666667","33.33333333","58"
"","","UGP2014NAM-OT03","","","","","","","","","UGP2014NAM-OT03-01325","","","","3","2","3","4","6","2","3","2","0","0","0","0","3","","","","","","","0","3","0","","","","0","0","0","0","0","0","1.5","1","","0","66.66666667","0","0","33.33333333","33.33333333","0","0","50","50"
"","","UGP2014NAM-OT03","","","","","","","","","UGP2014NAM-OT03-01326","","","","3","3","3","6","7","3","5","2","2","0","0.3","0","1.2","9","1","1","2","5","0.02","0.3","1.5","2","0.15","","0.15","1","0.666666667","1","0.666666667","0.15","0.1","0.6","0.4","100","20","66.66666667","3.333333333","3.333333333","13.33333333","16.66666667","5","5","20","25"
"","","UGP2014NAM-OT03","","","","","","","","","UGP2014NAM-OT03-01327","","","","3","2","3","7","6","1","3","2","0","0","0","0","2","","","","","","","0","2","0","","","","0","0","0","0","0","0","1","0.666666667","","0","66.66666667","0","0","22.22222222","22.22222222","0","0","33.33333333","33.33333333"
"","","UGP2014NAM-OT03","","","","","","","","","UGP2014NAM-OT03-01328","","","","3","0","","","","","","0","0","0","0","0","0","","","","","","","0","0","0","","","","","0","","0","","0","","0","","","0","0","0","0","0","","","",""
"","","UGP2014NAM-OT03","","","","","","","","","UGP2014NAM-OT03-01329","","","","3","3","3","6","5","3","6","2","0","0","0","0","0.12","","","","","","","0","0.12","0","","","","0","0","0","0","0","0","0.06","0.04","","0","66.66666667","0","0","1.333333333","1.333333333","0","0","2","2"
"","","UGP2014NAM-OT03","","","","","","","","","UGP2014NAM-OT03-01330","","","","3","0","","","","","","0","0","0","0","0","0","","","","","","","0","0","0","","","","","0","","0","","0","","0","","","0","0","0","0","0","","","",""
"","","UGP2014NAM-OT03","","","","","","","","","UGP2014NAM-OT03-01331","","","","3","2","1","2","6","1","3","2","4","0","0.3","0","1","8","1","1","5","5","0.02","0.3","1.3","4","0.075","","0.075","2","1.333333333","2","1.333333333","0.15","0.1","0.5","0.333333333","100","23.07692308","66.66666667","3.333333333","3.333333333","11.11111111","14.44444444","5","5","16.66666667","21.66666667"
"","","UGP2014NAM-OT03","","","","","","","","","UGP2014NAM-OT03-01332","","","","3","3","1","3","6","1","2","3","0","0","0","0","0.44","","","","","","","0","0.44","0","","","","0","0","0","0","0","0","0.146666667","0.146666667","","0","100","0","0","4.888888889","4.888888889","0","0","4.888888889","4.888888889"
"","","UGP2014NAM-OT03","","","","","","","","","UGP2014NAM-OT03-01333","","","","3","2","1","6","5","1","3","2","0","0","0","0","0.2","","","","","","","0","0.2","0","","","","0","0","0","0","0","0","0.1","0.066666667","","0","66.66666667","0","0","2.222222222","2.222222222","0","0","3.333333333","3.333333333"
"","","UGP2014NAM-OT03","","","","","","","","","UGP2014NAM-OT03-01334","","","","3","2","1","2","5","1","3","2","0","0","0","0","2","","","","","","","0","2","0","","","","0","0","0","0","0","0","1","0.666666667","","0","66.66666667","0","0","22.22222222","22.22222222","0","0","33.33333333","33.33333333"
"","","UGP2014NAM-OT03","","","","","","","","","UGP2014NAM-OT03-01335","","","","3","2","2","2","7","2","3","2","4","1","1.6","0.02","6","2","2","1","7","1","0.12","1.62","7.62","5","0.4","0.02","0.324","2.5","1.666666667","2","1.333333333","0.81","0.54","3","2","80","21.25984252","66.66666667","17.77777778","18","66.66666667","84.66666667","26.66666667","27","100","127"
"","","UGP2014NAM-OT03","","","","","","","","","UGP2014NAM-OT03-01336","","","","3","0","","","","","","0","0","0","0","0","0","","","","","","","0","0","0","","","","","0","","0","","0","","0","","","0","0","0","0","0","","","",""
"","","UGP2014NAM-OT03","","","","","","","","","UGP2014NAM-OT03-01337","","","","3","3","2","2","7","3","5","3","0","3","0","0.08","1.5","9","1","1","9","9","0.02","0.08","1.58","3","","0.026666667","0.026666667","1","1","0","0","0.026666667","0.026666667","0.5","0.5","0","5.063291139","100","0","0.888888889","16.66666667","17.55555556","0","0.888888889","16.66666667","17.55555556"
"","","UGP2014NAM-OT03","","","","","","","","","UGP2014NAM-OT03-01338","","","","3","2","1","2","6","1","2","2","0","3","0","0.12","0.5","2","1","1","3","9","0.12","0.12","0.62","3","","0.04","0.04","1.5","1","0","0","0.06","0.04","0.25","0.166666667","0","19.35483871","66.66666667","0","1.333333333","5.555555556","6.888888889","0","2","8.333333333","10.33333333"
"","","UGP2014NAM-OT03","","","","","","","","","UGP2014NAM-OT03-01339","","","","3","2","1","2","7","1","3","2","0","0","0","0","2.1","","","","","","","0","2.1","0","","","","0","0","0","0","0","0","1.05","0.7","","0","66.66666667","0","0","23.33333333","23.33333333","0","0","35","35"
"","","UGP2014NAM-OT03","","","","","","","","","UGP2014NAM-OT03-01340","","","","3","2","1","3","6","1","3","2","1","0","0.1","0","0.5","6","1","1","3","7","3.96","0.1","0.6","1","0.1","","0.1","0.5","0.333333333","0.5","0.333333333","0.05","0.033333333","0.25","0.166666667","100","16.66666667","66.66666667","1.111111111","1.111111111","5.555555556","6.666666667","1.666666667","1.666666667","8.333333333","10"
"","","UGP2014NAM-OT03","","","","","","","","","UGP2014NAM-OT03-01341","","","","3","1","1","2","8","3","4","1","2","0","0.16","0","2","2","1","1","8","7","0.15","0.16","2.16","2","0.08","","0.08","2","0.666666667","2","0.666666667","0.16","0.053333333","2","0.666666667","100","7.407407407","33.33333333","1.777777778","1.777777778","22.22222222","24","5.333333333","5.333333333","66.66666667","72"
"","","UGP2014NAM-OT03","","","","","","","","","UGP2014NAM-OT03-01342","","","","3","3","3","3","5","4","6","3","0","0","0","0","0.5","","","","","","","0","0.5","0","","","","0","0","0","0","0","0","0.166666667","0.166666667","","0","100","0","0","5.555555556","5.555555556","0","0","5.555555556","5.555555556"
"","","UGP2014NAM-OT03","","","","","","","","","UGP2014NAM-OT03-01343","","","","3","1","1","3","7","2","4","1","0","0","0","0","2","","","","","","","0","2","0","","","","0","0","0","0","0","0","2","0.666666667","","0","33.33333333","0","0","22.22222222","22.22222222","0","0","66.66666667","66.66666667"
"","","UGP2014NAM-OT03","","","","","","","","","UGP2014NAM-OT03-01344","","","","3","2","1","4","9","1","3","2","4","4","0.3","0.12","8","9","1","1","9","7","0.12","0.42","8.42","8","0.075","0.03","0.0525","4","2.666666667","2","1.333333333","0.21","0.14","4","2.666666667","50","4.988123515","66.66666667","3.333333333","4.666666667","88.88888889","93.55555556","5","7","133.3333333","140.3333333"
"","","UGP2014NAM-OT03","","","","","","","","","UGP2014NAM-OT03-01345","","","","3","3","3","6","7","1","3","2","2","0","0.14","0","2","2","1","1","5","5","0","0.14","2.14","2","0.07","","0.07","1","0.666666667","1","0.666666667","0.07","0.046666667","1","0.666666667","100","6.542056075","66.66666667","1.555555556","1.555555556","22.22222222","23.77777778","2.333333333","2.333333333","33.33333333","35.66666667"
"","","UGP2014NAM-OT03","","","","","","","","","UGP2014NAM-OT03-01346","","","","3","2","2","2","8","3","6","2","0","0","0","0","4.7","","","","","","","0","4.7","0","","","","0","0","0","0","0","0","2.35","1.566666667","","0","66.66666667","0","0","52.22222222","52.22222222","0","0","78.33333333","78.33333333"
"","","UGP2014NAM-OT03","","","","","","","","","UGP2014NAM-OT03-01347","","","","3","3","2","2","5","4","7","2","1","2","0.08","0.02","0.24","2","1","1","2","7","0.12","0.1","0.34","3","0.08","0.01","0.033333333","1.5","1","0.5","0.333333333","0.05","0.033333333","0.12","0.08","33.33333333","29.41176471","66.66666667","0.888888889","1.111111111","2.666666667","3.777777778","1.333333333","1.666666667","4","5.666666667"
"","","UGP2014NAM-OT03","","","","","","","","","UGP2014NAM-OT03-01348","","","","3","2","2","6","7","2","4","2","6","4","0.5","0.12","0.5","8","2","1","2","5","0","0.62","1.12","10","0.083333333","0.03","0.062","5","3.333333333","3","2","0.31","0.206666667","0.25","0.166666667","60","55.35714286","66.66666667","5.555555556","6.888888889","5.555555556","12.44444444","8.333333333","10.33333333","8.333333333","18.66666667"
"","","UGP2014NAM-OT03","","","","","","","","","UGP2014NAM-OT03-01349","","","","3","2","1","2","9","1","3","2","0","2","0","0.04","2.5","2","1","1","9","9","0","0.04","2.54","2","","0.02","0.02","1","0.666666667","0","0","0.02","0.013333333","1.25","0.833333333","0","1.57480315","66.66666667","0","0.444444444","27.77777778","28.22222222","0","0.666666667","41.66666667","42.33333333"
"","","UGP2014NAM-OT03","","","","","","","","","UGP2014NAM-OT03-01350","","","","3","2","1","2","5","1","3","2","0","0","0","0","1.3","","","","","","","0","1.3","0","","","","0","0","0","0","0","0","0.65","0.433333333","","0","66.66666667","0","0","14.44444444","14.44444444","0","0","21.66666667","21.66666667"
"","","UGP2014NAM-OT03","","","","","","","","","UGP2014NAM-OT03-01351","","","","3","0","","","","","","0","0","0","0","0","0","","","","","","","0","0","0","","","","","0","","0","","0","","0","","","0","0","0","0","0","","","",""
"","","UGP2014NAM-OT03","","","","","","","","","UGP2014NAM-OT03-01352","","","","3","1","1","3","5","2","3","1","0","0","0","0","0.5","","","","","","","0","0.5","0","","","","0","0","0","0","0","0","0.5","0.166666667","","0","33.33333333","0","0","5.555555556","5.555555556","0","0","16.66666667","16.66666667"
"","","UGP2014NAM-OT03","","","","","","","","","UGP2014NAM-OT03-01353","","","","3","2","1","3","6","3","6","2","0","0","0","0","4.2","","","","","","","0","4.2","0","","","","0","0","0","0","0","0","2.1","1.4","","0","66.66666667","0","0","46.66666667","46.66666667","0","0","70","70"
"","","UGP2014NAM-OT03","","","","","","","","","UGP2014NAM-OT03-01354","","","","3","1","1","2","7","1","3","1","1","1","0.24","0.03","0.6","2","1","1","5","5","0.12","0.27","0.87","2","0.24","0.03","0.135","2","0.666666667","1","0.333333333","0.27","0.09","0.6","0.2","50","31.03448276","33.33333333","2.666666667","3","6.666666667","9.666666667","8","9","20","29"
"","","UGP2014NAM-OT03","","","","","","","","","UGP2014NAM-OT03-01355","","","","3","2","1","3","6","2","4","2","1","0","0.15","0","0.5","2","1","1","2","5","0.12","0.15","0.65","1","0.15","","0.15","0.5","0.333333333","0.5","0.333333333","0.075","0.05","0.25","0.166666667","100","23.07692308","66.66666667","1.666666667","1.666666667","5.555555556","7.222222222","2.5","2.5","8.333333333","10.83333333"
"","","UGP2014NAM-OT03","","","","","","","","","UGP2014NAM-OT03-01356","","","","3","2","1","2","8","2","3","2","0","0","0","0","1.5","","","","","","","0","1.5","0","","","","0","0","0","0","0","0","0.75","0.5","","0","66.66666667","0","0","16.66666667","16.66666667","0","0","25","25"
"","","UGP2014NAM-OT03","","","","","","","","","UGP2014NAM-OT03-01357","","","","3","1","1","2","6","2","4","1","3","0","0.4","0","1","9","2","1","5","5","0.12","0.4","1.4","3","0.133333333","","0.133333333","3","1","3","1","0.4","0.133333333","1","0.333333333","100","28.57142857","33.33333333","4.444444444","4.444444444","11.11111111","15.55555556","13.33333333","13.33333333","33.33333333","46.66666667"
"","","UGP2014NAM-OT03","","","","","","","","","UGP2014NAM-OT03-01358","","","","3","1","1","2","5","2","4","1","0","0","0","0","0.12","","","","","","","0","0.12","0","","","","0","0","0","0","0","0","0.12","0.04","","0","33.33333333","0","0","1.333333333","1.333333333","0","0","4","4"
"","","UGP2014NAM-OT03","","","","","","","","","UGP2014NAM-OT03-01359","","","","3","2","1","2","7","1","3","2","3","3","0.2","0.04","2.7","2","1","1","7","5","7.23","0.24","2.94","6","0.066666667","0.013333333","0.04","3","2","1.5","1","0.12","0.08","1.35","0.9","50","8.163265306","66.66666667","2.222222222","2.666666667","30","32.66666667","3.333333333","4","45","49"
"","","UGP2014NAM-OT03","","","","","","","","","UGP2014NAM-OT03-01360","","","","3","2","1","2","7","1","3","2","5","1","0.4","0.04","1","2","1","1","2","5","3.03","0.44","1.44","6","0.08","0.04","0.073333333","3","2","2.5","1.666666667","0.22","0.146666667","0.5","0.333333333","83.33333333","30.55555556","66.66666667","4.444444444","4.888888889","11.11111111","16","6.666666667","7.333333333","16.66666667","24"
"","","UGP2014NAM-OT03","","","","","","","","","UGP2014NAM-OT03-01361","","","","3","2","1","3","6","1","3","2","0","2","0","0.08","2","2","2","2","9","9","0","0.08","2.08","2","","0.04","0.04","1","0.666666667","0","0","0.04","0.026666667","1","0.666666667","0","3.846153846","66.66666667","0","0.888888889","22.22222222","23.11111111","0","1.333333333","33.33333333","34.66666667"
"","","UGP2014NAM-OT03","","","","","","","","","UGP2014NAM-OT03-01362","","","","3","1","1","5","7","2","3","1","0","1","0","0.01","0.7","7","1","1","9","9","0.02","0.01","0.71","1","","0.01","0.01","1","0.333333333","0","0","0.01","0.003333333","0.7","0.233333333","0","1.408450704","33.33333333","0","0.111111111","7.777777778","7.888888889","0","0.333333333","23.33333333","23.66666667"
"","","UGP2014NAM-OT03","","","","","","","","","UGP2014NAM-OT03-01363","","","","3","2","1","3","5","1","3","1","0","0","0","0","2.4","","","","","","","0","2.4","0","","","","0","0","0","0","0","0","2.4","0.8","","0","33.33333333","0","0","26.66666667","26.66666667","0","0","80","80"
"","","UGP2014NAM-OT03","","","","","","","","","UGP2014NAM-OT03-01364","","","","3","2","3","7","6","3","5","2","7","3","2","0.05","1.6","2","2","1","3","3","0","2.05","3.65","10","0.285714286","0.016666667","0.205","5","3.333333333","3.5","2.333333333","1.025","0.683333333","0.8","0.533333333","70","56.16438356","66.66666667","22.22222222","22.77777778","17.77777778","40.55555556","33.33333333","34.16666667","26.66666667","60.83333333"
"","","UGP2014NAM-OT03","","","","","","","","","UGP2014NAM-OT03-01365","","","","3","3","3","4","6","2","3","3","3","0","0.68","0","1.5","9","3","2","3","3","0.02","0.68","2.18","3","0.226666667","","0.226666667","1","1","1","1","0.226666667","0.226666667","0.5","0.5","100","31.19266055","100","7.555555556","7.555555556","16.66666667","24.22222222","7.555555556","7.555555556","16.66666667","24.22222222"
"","","UGP2014NAM-OT03","","","","","","","","","UGP2014NAM-OT03-01366","","","","3","2","2","2","6","1","3","2","1","0","0.4","0","2.5","6","2","2","4","1","3.96","0.4","2.9","1","0.4","","0.4","0.5","0.333333333","0.5","0.333333333","0.2","0.133333333","1.25","0.833333333","100","13.79310345","66.66666667","4.444444444","4.444444444","27.77777778","32.22222222","6.666666667","6.666666667","41.66666667","48.33333333"
"","","UGP2014NAM-OT03","","","","","","","","","UGP2014NAM-OT03-01367","","","","3","2","2","3","8","1","2","2","3","1","1.4","0.03","2.2","9","1","1","6","1","0","1.43","3.63","4","0.466666667","0.03","0.3575","2","1.333333333","1.5","1","0.715","0.476666667","1.1","0.733333333","75","39.39393939","66.66666667","15.55555556","15.88888889","24.44444444","40.33333333","23.33333333","23.83333333","36.66666667","60.5"
"","","UGP2014NAM-OT03","","","","","","","","","UGP2014NAM-OT03-01369","","","","3","2","1","3","5","2","4","2","2","3","0.16","0.04","3","2","1","1","3","7","0.12","0.2","3.2","5","0.08","0.013333333","0.04","2.5","1.666666667","1","0.666666667","0.1","0.066666667","1.5","1","40","6.25","66.66666667","1.777777778","2.222222222","33.33333333","35.55555556","2.666666667","3.333333333","50","53.33333333"
"","","UGP2014NAM-OT03","","","","","","","","","UGP2014NAM-OT03-01370","","","","3","3","3","6","7","3","5","3","5","3","3.5","0.12","4.5","9","1","1","4","1","0.02","3.62","8.12","8","0.7","0.04","0.4525","2.666666667","2.666666667","1.666666667","1.666666667","1.206666667","1.206666667","1.5","1.5","62.5","44.58128079","100","38.88888889","40.22222222","50","90.22222222","38.88888889","40.22222222","50","90.22222222"
"","","UGP2014NAM-OT03","","","","","","","","","UGP2014NAM-OT03-01371","","","","3","1","1","2","5","1","2","1","0","0","0","0","0.4","","","","","","","0","0.4","0","","","","0","0","0","0","0","0","0.4","0.133333333","","0","33.33333333","0","0","4.444444444","4.444444444","0","0","13.33333333","13.33333333"
"","","UGP2014NAM-OT03","","","","","","","","","UGP2014NAM-OT03-01372","","","","3","2","1","3","7","2","4","2","0","0","0","0","4","","","","","","","0","4","0","","","","0","0","0","0","0","0","2","1.333333333","","0","66.66666667","0","0","44.44444444","44.44444444","0","0","66.66666667","66.66666667"
"","","UGP2014NAM-OT03","","","","","","","","","UGP2014NAM-OT03-01373","","","","3","1","1","3","5","1","2","1","1","0","0.2","0","0.7","2","2","1","3","5","0.15","0.2","0.9","1","0.2","","0.2","1","0.333333333","1","0.333333333","0.2","0.066666667","0.7","0.233333333","100","22.22222222","33.33333333","2.222222222","2.222222222","7.777777778","10","6.666666667","6.666666667","23.33333333","30"
"","","UGP2014NAM-OT03","","","","","","","","","UGP2014NAM-OT03-01374","","","","3","2","1","3","8","1","3","2","0","0","0","0","3","","","","","","","0","3","0","","","","0","0","0","0","0","0","1.5","1","","0","66.66666667","0","0","33.33333333","33.33333333","0","0","50","50"
"","","UGP2014NAM-OT03","","","","","","","","","UGP2014NAM-OT03-01375","","","","3","2","1","3","5","1","3","2","2","0","0.24","0","0.5","9","1","1","4","5","0.03","0.24","0.74","2","0.12","","0.12","1","0.666666667","1","0.666666667","0.12","0.08","0.25","0.166666667","100","32.43243243","66.66666667","2.666666667","2.666666667","5.555555556","8.222222222","4","4","8.333333333","12.33333333"
"","","UGP2014NAM-OT03","","","","","","","","","UGP2014NAM-OT03-01376","","","","3","1","1","2","6","3","4","1","1","0","0.08","0","2","2","1","1","3","7","0.03","0.08","2.08","1","0.08","","0.08","1","0.333333333","1","0.333333333","0.08","0.026666667","2","0.666666667","100","3.846153846","33.33333333","0.888888889","0.888888889","22.22222222","23.11111111","2.666666667","2.666666667","66.66666667","69.33333333"
"","","UGP2014NAM-OT03","","","","","","","","","UGP2014NAM-OT03-01377","","","","3","3","3","6","9","1","3","3","2","2","0.2","0.08","6.5","2","1","1","3","7","0.03","0.28","6.78","4","0.1","0.04","0.07","1.333333333","1.333333333","0.666666667","0.666666667","0.093333333","0.093333333","2.166666667","2.166666667","50","4.12979351","100","2.222222222","3.111111111","72.22222222","75.33333333","2.222222222","3.111111111","72.22222222","75.33333333"
"","","UGP2014NAM-OT03","","","","","","","","","UGP2014NAM-OT03-01378","","","","3","1","3","4","9","2","3","1","2","1","0.18","0.04","3","2","1","1","3","5","0.03","0.22","3.22","3","0.09","0.04","0.073333333","3","1","2","0.666666667","0.22","0.073333333","3","1","66.66666667","6.832298137","33.33333333","2","2.444444444","33.33333333","35.77777778","6","7.333333333","100","107.3333333"
"","","UGP2014NAM-OT03","","","","","","","","","UGP2014NAM-OT03-01379","","","","3","2","2","3","6","1","3","2","3","3","0.7","0.08","0.7","6","1","1","4","3","0.03","0.78","1.48","6","0.233333333","0.026666667","0.13","3","2","1.5","1","0.39","0.26","0.35","0.233333333","50","52.7027027","66.66666667","7.777777778","8.666666667","7.777777778","16.44444444","11.66666667","13","11.66666667","24.66666667"
"","","UGP2014NAM-OT03","","","","","","","","","UGP2014NAM-OT03-01382","","","","3","2","1","3","7","1","2","2","1","0","0.08","0","1.5","2","1","1","3","7","0.02","0.08","1.58","1","0.08","","0.08","0.5","0.333333333","0.5","0.333333333","0.04","0.026666667","0.75","0.5","100","5.063291139","66.66666667","0.888888889","0.888888889","16.66666667","17.55555556","1.333333333","1.333333333","25","26.33333333"
"","","UGP2014NAM-OT03","","","","","","","","","UGP2014NAM-OT03-01383","","","","3","3","1","2","6","2","3","3","0","0","0","0","2","","","","","","","0","2","0","","","","0","0","0","0","0","0","0.666666667","0.666666667","","0","100","0","0","22.22222222","22.22222222","0","0","22.22222222","22.22222222"
"","","UGP2014NAM-OT03","","","","","","","","","UGP2014NAM-OT03-01384","","","","3","3","1","3","6","2","3","3","0","0","0","0","2.9","","","","","","","0","2.9","0","","","","0","0","0","0","0","0","0.966666667","0.966666667","","0","100","0","0","32.22222222","32.22222222","0","0","32.22222222","32.22222222"
"","","UGP2014NAM-OT03","","","","","","","","","UGP2014NAM-OT03-01385","","","","3","3","1","2","8","1","3","3","0","0","0","0","2.5","","","","","","","0","2.5","0","","","","0","0","0","0","0","0","0.833333333","0.833333333","","0","100","0","0","27.77777778","27.77777778","0","0","27.77777778","27.77777778"
"","","UGP2014NAM-OT03","","","","","","","","","UGP2014NAM-OT03-01386","","","","3","3","1","3","6","2","3","3","0","0","0","0","1","","","","","","","0","1","0","","","","0","0","0","0","0","0","0.333333333","0.333333333","","0","100","0","0","11.11111111","11.11111111","0","0","11.11111111","11.11111111"
"","","UGP2014NAM-OT03","","","","","","","","","UGP2014NAM-OT03-01387","","","","3","2","3","4","6","2","4","2","1","1","0.12","0.02","4","9","2","2","4","7","0","0.14","4.14","2","0.12","0.02","0.07","1","0.666666667","0.5","0.333333333","0.07","0.046666667","2","1.333333333","50","3.381642512","66.66666667","1.333333333","1.555555556","44.44444444","46","2","2.333333333","66.66666667","69"
"","","UGP2014NAM-OT03","","","","","","","","","UGP2014NAM-OT03-01388","","","","3","2","1","3","7","2","3","2","4","0","1.4","0","1.5","5","1","1","4","1","0","1.4","2.9","4","0.35","","0.35","2","1.333333333","2","1.333333333","0.7","0.466666667","0.75","0.5","100","48.27586207","66.66666667","15.55555556","15.55555556","16.66666667","32.22222222","23.33333333","23.33333333","25","48.33333333"
"","","UGP2014NAM-OT03","","","","","","","","","UGP2014NAM-OT03-01389","","","","3","2","1","2","6","3","6","2","0","0","0","0","1.5","","","","","","","0","1.5","0","","","","0","0","0","0","0","0","0.75","0.5","","0","66.66666667","0","0","16.66666667","16.66666667","0","0","25","25"
"","","UGP2014NAM-OT03","","","","","","","","","UGP2014NAM-OT03-01390","","","","3","3","1","2","5","2","4","3","3","1","0.3","0.04","1.6","2","1","1","2","7","0.12","0.34","1.94","4","0.1","0.04","0.085","1.333333333","1.333333333","1","1","0.113333333","0.113333333","0.533333333","0.533333333","75","17.5257732","100","3.333333333","3.777777778","17.77777778","21.55555556","3.333333333","3.777777778","17.77777778","21.55555556"
"","","UGP2014NAM-OT03","","","","","","","","","UGP2014NAM-OT03-01391","","","","3","2","2","3","5","3","6","2","1","0","0.12","0","0.6","3","1","1","9","7","0.12","0.12","0.72","1","0.12","","0.12","0.5","0.333333333","0.5","0.333333333","0.06","0.04","0.3","0.2","100","16.66666667","66.66666667","1.333333333","1.333333333","6.666666667","8","2","2","10","12"
"","","UGP2014NAM-OT03","","","","","","","","","UGP2014NAM-OT03-01392","","","","3","2","2","3","5","3","5","2","1","0","0.24","0","1.5","9","1","1","7","3","0.12","0.24","1.74","1","0.24","","0.24","0.5","0.333333333","0.5","0.333333333","0.12","0.08","0.75","0.5","100","13.79310345","66.66666667","2.666666667","2.666666667","16.66666667","19.33333333","4","4","25","29"
"","","UGP2014NAM-OT03","","","","","","","","","UGP2014NAM-OT03-01393","","","","3","3","1","2","5","1","2","3","3","0","0.48","0","1","6","1","1","3","5","0","0.48","1.48","3","0.16","","0.16","1","1","1","1","0.16","0.16","0.333333333","0.333333333","100","32.43243243","100","5.333333333","5.333333333","11.11111111","16.44444444","5.333333333","5.333333333","11.11111111","16.44444444"
"","","UGP2014NAM-OT03","","","","","","","","","UGP2014NAM-OT03-01394","","","","3","3","1","2","7","1","3","3","5","4","1","0.08","3.6","2","1","1","2","3","1.38","1.08","4.68","9","0.2","0.02","0.12","3","3","1.666666667","1.666666667","0.36","0.36","1.2","1.2","55.55555556","23.07692308","100","11.11111111","12","40","52","11.11111111","12","40","52"
"","","UGP2014NAM-OT03","","","","","","","","","UGP2014NAM-OT03-01395","","","","3","3","1","2","4","1","3","1","0","0","0","0","0.11","","","","","","","0","0.11","0","","","","0","0","0","0","0","0","0.11","0.036666667","","0","33.33333333","0","0","1.222222222","1.222222222","0","0","3.666666667","3.666666667"
"","","UGP2014NAM-OT03","","","","","","","","","UGP2014NAM-OT03-01396","","","","3","2","1","2","5","1","2","2","0","0","0","0","0.5","","","","","","","0","0.5","0","","","","0","0","0","0","0","0","0.25","0.166666667","","0","66.66666667","0","0","5.555555556","5.555555556","0","0","8.333333333","8.333333333"
"","","UGP2014NAM-OT03","","","","","","","","","UGP2014NAM-OT03-01397","","","","3","1","1","3","8","2","3","1","3","0","0.18","0","2.5","9","1","1","2","7","0.12","0.18","2.68","3","0.06","","0.06","3","1","3","1","0.18","0.06","2.5","0.833333333","100","6.71641791","33.33333333","2","2","27.77777778","29.77777778","6","6","83.33333333","89.33333333"
"","","UGP2014NAM-OT03","","","","","","","","","UGP2014NAM-OT03-01398","","","","3","3","1","3","9","2","3","3","3","2","0.64","0.1","3.2","8","2","1","5","3","0","0.74","3.94","5","0.213333333","0.05","0.148","1.666666667","1.666666667","1","1","0.246666667","0.246666667","1.066666667","1.066666667","60","18.78172589","100","7.111111111","8.222222222","35.55555556","43.77777778","7.111111111","8.222222222","35.55555556","43.77777778"
"","","UGP2014NAM-OT03","","","","","","","","","UGP2014NAM-OT03-01399","","","","3","2","1","2","6","3","4","2","0","0","0","0","1","","","","","","","0","1","0","","","","0","0","0","0","0","0","0.5","0.333333333","","0","66.66666667","0","0","11.11111111","11.11111111","0","0","16.66666667","16.66666667"
"","","UGP2014NAM-OT03","","","","","","","","","UGP2014NAM-OT03-01400","","","","3","2","1","2","6","1","2","2","0","0","0","0","1.2","","","","","","","0","1.2","0","","","","0","0","0","0","0","0","0.6","0.4","","0","66.66666667","0","0","13.33333333","13.33333333","0","0","20","20"
"","","UGP2014NAM-OT03","","","","","","","","","UGP2014NAM-OT03-01401","","","","3","1","1","2","7","2","3","1","0","0","0","0","1.14","","","","","","","0","1.14","0","","","","0","0","0","0","0","0","1.14","0.38","","0","33.33333333","0","0","12.66666667","12.66666667","0","0","38","38"
"","","UGP2014NAM-OT03","","","","","","","","","UGP2014NAM-OT03-01402","","","","3","2","1","2","8","1","2","2","0","0","0","0","1.6","","","","","","","0","1.6","0","","","","0","0","0","0","0","0","0.8","0.533333333","","0","66.66666667","0","0","17.77777778","17.77777778","0","0","26.66666667","26.66666667"
"","","UGP2014NAM-OT03","","","","","","","","","UGP2014NAM-OT03-01403","","","","3","2","1","3","9","1","2","2","3","2","0.5","0.08","1.7","8","2","1","2","3","0.02","0.58","2.28","5","0.166666667","0.04","0.116","2.5","1.666666667","1.5","1","0.29","0.193333333","0.85","0.566666667","60","25.43859649","66.66666667","5.555555556","6.444444444","18.88888889","25.33333333","8.333333333","9.666666667","28.33333333","38"
"","","UGP2014NAM-OT03","","","","","","","","","UGP2014NAM-OT03-01404","","","","3","1","1","2","6","2","3","1","2","0","0.12","0","0.6","2","1","1","4","5","0.12","0.12","0.72","2","0.06","","0.06","2","0.666666667","2","0.666666667","0.12","0.04","0.6","0.2","100","16.66666667","33.33333333","1.333333333","1.333333333","6.666666667","8","4","4","20","24"
"","","UGP2014NAM-OT03","","","","","","","","","UGP2014NAM-OT03-01405","","","","3","1","1","3","6","3","6","1","1","0","0.68","0","0.72","8","1","1","3","1","0.12","0.68","1.4","1","0.68","","0.68","1","0.333333333","1","0.333333333","0.68","0.226666667","0.72","0.24","100","48.57142857","33.33333333","7.555555556","7.555555556","8","15.55555556","22.66666667","22.66666667","24","46.66666667"
"","","UGP2014NAM-OT03","","","","","","","","","UGP2014NAM-OT03-01406","","","","3","2","1","3","6","1","3","2","7","0","0.78","0","2.5","8","3","1","3","5","0","0.78","3.28","7","0.111428571","","0.111428571","3.5","2.333333333","3.5","2.333333333","0.39","0.26","1.25","0.833333333","100","23.7804878","66.66666667","8.666666667","8.666666667","27.77777778","36.44444444","13","13","41.66666667","54.66666667"
"","","UGP2014NAM-OT03","","","","","","","","","UGP2014NAM-OT03-01407","","","","3","2","1","2","7","1","2","2","12","5","0.96","0.12","1.5","9","2","1","2","5","0.02","1.08","2.58","17","0.08","0.024","0.063529412","8.5","5.666666667","6","4","0.54","0.36","0.75","0.5","70.58823529","41.86046512","66.66666667","10.66666667","12","16.66666667","28.66666667","16","18","25","43"
"","","UGP2014NAM-OT03","","","","","","","","","UGP2014NAM-OT03-01408","","","","3","3","1","2","7","1","2","3","2","0","0.16","0","1.5","2","2","1","2","5","0.15","0.16","1.66","2","0.08","","0.08","0.666666667","0.666666667","0.666666667","0.666666667","0.053333333","0.053333333","0.5","0.5","100","9.638554217","100","1.777777778","1.777777778","16.66666667","18.44444444","1.777777778","1.777777778","16.66666667","18.44444444"
"","","UGP2014NAM-OT03","","","","","","","","","UGP2014NAM-OT03-01409","","","","3","2","4","6","9","2","3","2","3","0","0.18","0","3.5","6","1","1","3","9","11.03","0.18","3.68","3","0.06","","0.06","1.5","1","1.5","1","0.09","0.06","1.75","1.166666667","100","4.891304348","66.66666667","2","2","38.88888889","40.88888889","3","3","58.33333333","61.33333333"
"","","UGP2014NAM-OT03","","","","","","","","","UGP2014NAM-OT03-01410","","","","3","1","3","4","6","1","3","1","2","0","0.12","0","1.5","2","1","1","3","7","0.12","0.12","1.62","2","0.06","","0.06","2","0.666666667","2","0.666666667","0.12","0.04","1.5","0.5","100","7.407407407","33.33333333","1.333333333","1.333333333","16.66666667","18","4","4","50","54"
"","","UGP2014NAM-OT03","","","","","","","","","UGP2014NAM-OT03-01411","","","","3","3","1","3","5","4","7","1","0","0","0","0","1.6","","","","","","","0","1.6","0","","","","0","0","0","0","0","0","1.6","0.533333333","","0","33.33333333","0","0","17.77777778","17.77777778","0","0","53.33333333","53.33333333"
"","","UGP2014NAM-OT03","","","","","","","","","UGP2014NAM-OT03-01412","","","","3","2","2","3","6","3","6","2","3","1","0.5","0.01","1","2","2","1","7","3","0.02","0.51","1.51","4","0.166666667","0.01","0.1275","2","1.333333333","1.5","1","0.255","0.17","0.5","0.333333333","75","33.77483444","66.66666667","5.555555556","5.666666667","11.11111111","16.77777778","8.333333333","8.5","16.66666667","25.16666667"
"","","UGP2014NAM-OT03","","","","","","","","","UGP2014NAM-OT03-01413","","","","3","3","2","3","8","2","4","3","7","2","0.72","0.04","3.5","2","1","1","2","3","0.12","0.76","4.26","9","0.102857143","0.02","0.084444444","3","3","2.333333333","2.333333333","0.253333333","0.253333333","1.166666667","1.166666667","77.77777778","17.84037559","100","8","8.444444444","38.88888889","47.33333333","8","8.444444444","38.88888889","47.33333333"
"","","UGP2014NAM-OT03","","","","","","","","","UGP2014NAM-OT03-01414","","","","3","2","1","2","7","2","4","2","2","0","0.25","0","1.5","2","2","1","4","5","0.02","0.25","1.75","2","0.125","","0.125","1","0.666666667","1","0.666666667","0.125","0.083333333","0.75","0.5","100","14.28571429","66.66666667","2.777777778","2.777777778","16.66666667","19.44444444","4.166666667","4.166666667","25","29.16666667"
"","","UGP2014NAM-OT03","","","","","","","","","UGP2014NAM-OT03-01415","","","","3","2","2","6","6","1","3","2","6","0","0.45","0","1","2","1","1","1","5","0.12","0.45","1.45","6","0.075","","0.075","3","2","3","2","0.225","0.15","0.5","0.333333333","100","31.03448276","66.66666667","5","5","11.11111111","16.11111111","7.5","7.5","16.66666667","24.16666667"
"","","UGP2014NAM-OT03","","","","","","","","","UGP2014NAM-OT03-01416","","","","3","1","3","6","7","1","3","1","0","0","0","0","0.7","","","","","","","0","0.7","0","","","","0","0","0","0","0","0","0.7","0.233333333","","0","33.33333333","0","0","7.777777778","7.777777778","0","0","23.33333333","23.33333333"
"","","UGP2014NAM-OT03","","","","","","","","","UGP2014NAM-OT03-01417","","","","3","2","3","2","7","1","2","2","2","4","0.2","0.12","1.3","6","3","1","2","7","0","0.32","1.62","6","0.1","0.03","0.053333333","3","2","1","0.666666667","0.16","0.106666667","0.65","0.433333333","33.33333333","19.75308642","66.66666667","2.222222222","3.555555556","14.44444444","18","3.333333333","5.333333333","21.66666667","27"
"","","UGP2014NAM-OT03","","","","","","","","","UGP2014NAM-OT03-01418","","","","3","2","2","6","5","1","2","2","0","0","0","0","1.7","","","","","","","0","1.7","0","","","","0","0","0","0","0","0","0.85","0.566666667","","0","66.66666667","0","0","18.88888889","18.88888889","0","0","28.33333333","28.33333333"
"","","UGP2014NAM-OT03","","","","","","","","","UGP2014NAM-OT03-01419","","","","3","2","2","2","6","3","6","2","1","0","0.02","0","2.7","9","1","1","3","5","1.65","0.02","2.72","1","0.02","","0.02","0.5","0.333333333","0.5","0.333333333","0.01","0.006666667","1.35","0.9","100","0.735294118","66.66666667","0.222222222","0.222222222","30","30.22222222","0.333333333","0.333333333","45","45.33333333"
"","","UGP2014NAM-OT03","","","","","","","","","UGP2014NAM-OT03-01420","","","","3","0","","","","","","0","0","0","0","0","0","","","","","","","0","0","0","","","","","0","","0","","0","","0","","","0","0","0","0","0","","","",""
"","","UGP2014NAM-OT03","","","","","","","","","UGP2014NAM-OT03-01421","","","","3","2","1","3","9","1","2","2","3","0","1.4","0","6","9","1","1","1","1","0","1.4","7.4","3","0.466666667","","0.466666667","1.5","1","1.5","1","0.7","0.466666667","3","2","100","18.91891892","66.66666667","15.55555556","15.55555556","66.66666667","82.22222222","23.33333333","23.33333333","100","123.3333333"
"","","UGP2014NAM-OT03","","","","","","","","","UGP2014NAM-OT03-01422","","","","3","3","1","3","8","1","2","3","0","0","0","0","3","","","","","","","0","3","0","","","","0","0","0","0","0","0","1","1","","0","100","0","0","33.33333333","33.33333333","0","0","33.33333333","33.33333333"
"","","UGP2014NAM-OT03","","","","","","","","","UGP2014NAM-OT03-01423","","","","3","2","1","2","6","3","6","2","0","0","0","0","1.4","","","","","","","0","1.4","0","","","","0","0","0","0","0","0","0.7","0.466666667","","0","66.66666667","0","0","15.55555556","15.55555556","0","0","23.33333333","23.33333333"
"","","UGP2014NAM-OT03","","","","","","","","","UGP2014NAM-OT03-01424","","","","3","3","1","3","6","4","6","1","5","0","0.25","0","0.2","9","3","1","2","5","3.03","0.25","0.45","5","0.05","","0.05","5","1.666666667","5","1.666666667","0.25","0.083333333","0.2","0.066666667","100","55.55555556","33.33333333","2.777777778","2.777777778","2.222222222","5","8.333333333","8.333333333","6.666666667","15"
"","","UGP2014NAM-OT03","","","","","","","","","UGP2014NAM-OT03-01425","","","","3","2","1","3","7","2","3","2","5","0","0.7","0","4.2","9","1","1","8","3","3.96","0.7","4.9","5","0.14","","0.14","2.5","1.666666667","2.5","1.666666667","0.35","0.233333333","2.1","1.4","100","14.28571429","66.66666667","7.777777778","7.777777778","46.66666667","54.44444444","11.66666667","11.66666667","70","81.66666667"
"","","UGP2014NAM-OT03","","","","","","","","","UGP2014NAM-OT03-01426","","","","3","3","1","2","8","2","4","3","0","0","0","0","2","","","","","","","0","2","0","","","","0","0","0","0","0","0","0.666666667","0.666666667","","0","100","0","0","22.22222222","22.22222222","0","0","22.22222222","22.22222222"
"","","UGP2014NAM-OT03","","","","","","","","","UGP2014NAM-OT03-01427","","","","3","2","3","6","8","1","3","2","6","1","0.64","0.01","3","9","1","3","6","3","7.76","0.65","3.65","7","0.106666667","0.01","0.092857143","3.5","2.333333333","3","2","0.325","0.216666667","1.5","1","85.71428571","17.80821918","66.66666667","7.111111111","7.222222222","33.33333333","40.55555556","10.66666667","10.83333333","50","60.83333333"
"","","UGP2014NAM-OT03","","","","","","","","","UGP2014NAM-OT03-01428","","","","3","2","1","2","6","3","7","2","0","0","0","0","1","","","","","","","0","1","0","","","","0","0","0","0","0","0","0.5","0.333333333","","0","66.66666667","0","0","11.11111111","11.11111111","0","0","16.66666667","16.66666667"
"","","UGP2014NAM-OT03","","","","","","","","","UGP2014NAM-OT03-01429","","","","3","2","3","6","6","2","4","2","4","1","0.6","0.04","2","2","1","1","4","3","5.46","0.64","2.64","5","0.15","0.04","0.128","2.5","1.666666667","2","1.333333333","0.32","0.213333333","1","0.666666667","80","24.24242424","66.66666667","6.666666667","7.111111111","22.22222222","29.33333333","10","10.66666667","33.33333333","44"
"","","UGP2014NAM-OT03","","","","","","","","","UGP2014NAM-OT03-01430","","","","3","2","1","3","6","3","5","2","0","0","0","0","1.5","","","","","","","0","1.5","0","","","","0","0","0","0","0","0","0.75","0.5","","0","66.66666667","0","0","16.66666667","16.66666667","0","0","25","25"
"","","UGP2014NAM-OT03","","","","","","","","","UGP2014NAM-OT03-01431","","","","3","1","1","2","6","2","3","1","1","0","0.08","0","3.5","2","1","1","3","9","0.15","0.08","3.58","1","0.08","","0.08","1","0.333333333","1","0.333333333","0.08","0.026666667","3.5","1.166666667","100","2.234636872","33.33333333","0.888888889","0.888888889","38.88888889","39.77777778","2.666666667","2.666666667","116.6666667","119.3333333"
"","","UGP2014NAM-OT03","","","","","","","","","UGP2014NAM-OT03-01432","","","","3","1","1","2","3","4","6","0","0","0","0","0","0","","","","","","","0","0","0","","","","","0","","0","","0","","0","","","0","0","0","0","0","","","",""
"","","UGP2014NAM-OT03","","","","","","","","","UGP2014NAM-OT03-01433","","","","3","2","1","2","8","1","2","2","0","0","0","0","0.9","","","","","","","0","0.9","0","","","","0","0","0","0","0","0","0.45","0.3","","0","66.66666667","0","0","10","10","0","0","15","15"
"","","UGP2014NAM-OT03","","","","","","","","","UGP2014NAM-OT03-01434","","","","3","2","3","6","8","2","3","2","4","0","0.52","0","1","9","1","1","4","3","1.5","0.52","1.52","4","0.13","","0.13","2","1.333333333","2","1.333333333","0.26","0.173333333","0.5","0.333333333","100","34.21052632","66.66666667","5.777777778","5.777777778","11.11111111","16.88888889","8.666666667","8.666666667","16.66666667","25.33333333"
"","","UGP2014NAM-OT03","","","","","","","","","UGP2014NAM-OT03-01436","","","","3","3","2","3","8","1","3","3","0","0","0","0","10","","","","","","","0","10","0","","","","0","0","0","0","0","0","3.333333333","3.333333333","","0","100","0","0","111.1111111","111.1111111","0","0","111.1111111","111.1111111"
"","","UGP2014NAM-OT03","","","","","","","","","UGP2014NAM-OT03-01437","","","","3","2","2","4","7","2","3","2","3","0","1.4","0","3.7","6","2","1","2","1","3.96","1.4","5.1","3","0.466666667","","0.466666667","1.5","1","1.5","1","0.7","0.466666667","1.85","1.233333333","100","27.45098039","66.66666667","15.55555556","15.55555556","41.11111111","56.66666667","23.33333333","23.33333333","61.66666667","85"
"","","UGP2014NAM-OT03","","","","","","","","","UGP2014NAM-OT03-01438","","","","3","2","1","2","7","1","3","2","3","4","0.18","0.08","2.5","2","1","1","3","7","1.65","0.26","2.76","7","0.06","0.02","0.037142857","3.5","2.333333333","1.5","1","0.13","0.086666667","1.25","0.833333333","42.85714286","9.420289855","66.66666667","2","2.888888889","27.77777778","30.66666667","3","4.333333333","41.66666667","46"
"","","UGP2014NAM-OT03","","","","","","","","","UGP2014NAM-OT03-01439","","","","3","1","1","2","6","1","3","1","1","1","0.05","0.04","0.7","9","1","1","9","9","0","0.09","0.79","2","0.05","0.04","0.045","2","0.666666667","1","0.333333333","0.09","0.03","0.7","0.233333333","50","11.39240506","33.33333333","0.555555556","1","7.777777778","8.777777778","1.666666667","3","23.33333333","26.33333333"
"","","UGP2014NAM-OT03","","","","","","","","","UGP2014NAM-OT03-01440","","","","3","3","1","3","7","1","2","1","0","0","0","0","2.2","","","","","","","0","2.2","0","","","","0","0","0","0","0","0","2.2","0.733333333","","0","33.33333333","0","0","24.44444444","24.44444444","0","0","73.33333333","73.33333333"
"","","UGP2014NAM-OT03","","","","","","","","","UGP2014NAM-OT03-01441","","","","3","0","","","","","","0","0","0","0","0","0","","","","","","","0","0","0","","","","","0","","0","","0","","0","","","0","0","0","0","0","","","",""
"","","UGP2014NAM-OT03","","","","","","","","","UGP2014NAM-OT03-01442","","","","3","2","2","2","9","1","2","2","0","0","0","0","3","","","","","","","0","3","0","","","","0","0","0","0","0","0","1.5","1","","0","66.66666667","0","0","33.33333333","33.33333333","0","0","50","50"
"","","UGP2014NAM-OT03","","","","","","","","","UGP2014NAM-OT03-01443","","","","3","0","","","","","","0","0","0","0","0","0","","","","","","","0","0","0","","","","","0","","0","","0","","0","","","0","0","0","0","0","","","",""
"","","UGP2014NAM-OT03","","","","","","","","","UGP2014NAM-OT03-01444","","","","3","2","1","3","7","1","3","2","0","0","0","0","1","","","","","","","0","1","0","","","","0","0","0","0","0","0","0.5","0.333333333","","0","66.66666667","0","0","11.11111111","11.11111111","0","0","16.66666667","16.66666667"
"","","UGP2014NAM-OT03","","","","","","","","","UGP2014NAM-OT03-01445","","","","3","1","1","3","7","1","3","1","1","1","0.2","0.04","1.6","9","1","1","4","3","0.02","0.24","1.84","2","0.2","0.04","0.12","2","0.666666667","1","0.333333333","0.24","0.08","1.6","0.533333333","50","13.04347826","33.33333333","2.222222222","2.666666667","17.77777778","20.44444444","6.666666667","8","53.33333333","61.33333333"
"","","UGP2014NAM-OT03","","","","","","","","","UGP2014NAM-OT03-01446","","","","3","2","1","3","7","2","3","2","0","0","0","0","3.5","","","","","","","0","3.5","0","","","","0","0","0","0","0","0","1.75","1.166666667","","0","66.66666667","0","0","38.88888889","38.88888889","0","0","58.33333333","58.33333333"
"","","UGP2014NAM-OT03","","","","","","","","","UGP2014NAM-OT03-01447","","","","3","2","1","2","5","1","3","2","2","3","0.38","0.12","0.8","9","1","1","8","3","0.12","0.5","1.3","5","0.19","0.04","0.1","2.5","1.666666667","1","0.666666667","0.25","0.166666667","0.4","0.266666667","40","38.46153846","66.66666667","4.222222222","5.555555556","8.888888889","14.44444444","6.333333333","8.333333333","13.33333333","21.66666667"
"","","UGP2014NAM-OT03","","","","","","","","","UGP2014NAM-OT03-01448","","","","3","2","1","3","4","3","7","0","0","0","0","0","0","","","","","","","0","0","0","","","","","0","","0","","0","","0","","","0","0","0","0","0","","","",""
"","","UGP2014NAM-OT03","","","","","","","","","UGP2014NAM-OT03-01449","","","","3","2","1","3","8","2","3","2","3","","0.2","0.04","2","2","1","1","3","5","0.02","0.24","2.24","","0.066666667","","","","","1.5","1","0.12","0.08","1","0.666666667","","10.71428571","66.66666667","2.222222222","2.666666667","22.22222222","24.88888889","3.333333333","4","33.33333333","37.33333333"
"","","UGP2014NAM-OT03","","","","","","","","","UGP2014NAM-OT03-01450","","","","3","3","2","3","7","2","4","3","3","0","0.48","0","0.2","6","1","1","2","7","7.76","0.48","0.68","3","0.16","","0.16","1","1","1","1","0.16","0.16","0.066666667","0.066666667","100","70.58823529","100","5.333333333","5.333333333","2.222222222","7.555555556","5.333333333","5.333333333","2.222222222","7.555555556"
"","","UGP2014NAM-OT03","","","","","","","","","UGP2014NAM-OT03-01451","","","","3","2","3","6","8","2","4","2","2","4","0.1","0.02","2","9","1","1","3","7","0","0.12","2.12","6","0.05","0.005","0.02","3","2","1","0.666666667","0.06","0.04","1","0.666666667","33.33333333","5.660377358","66.66666667","1.111111111","1.333333333","22.22222222","23.55555556","1.666666667","2","33.33333333","35.33333333"
"","","UGP2014NAM-OT03","","","","","","","","","UGP2014NAM-OT03-01452","","","","3","2","1","2","6","1","2","2","0","3","0","0.02","4.5","6","1","1","3","7","0.02","0.02","4.52","3","","0.006666667","0.006666667","1.5","1","0","0","0.01","0.006666667","2.25","1.5","0","0.442477876","66.66666667","0","0.222222222","50","50.22222222","0","0.333333333","75","75.33333333"
"","","UGP2014NAM-OT03","","","","","","","","","UGP2014NAM-OT03-01453","","","","3","2","1","6","8","1","3","2","1","0","0.5","0","1.2","9","1","1","6","1","0.12","0.5","1.7","1","0.5","","0.5","0.5","0.333333333","0.5","0.333333333","0.25","0.166666667","0.6","0.4","100","29.41176471","66.66666667","5.555555556","5.555555556","13.33333333","18.88888889","8.333333333","8.333333333","20","28.33333333"
"","","UGP2014NAM-OT03","","","","","","","","","UGP2014NAM-OT03-01454","","","","3","1","3","7","6","1","3","1","0","0","0","0","1.9","","","","","","","0","1.9","0","","","","0","0","0","0","0","0","1.9","0.633333333","","0","33.33333333","0","0","21.11111111","21.11111111","0","0","63.33333333","63.33333333"
"","","UGP2014NAM-OT03","","","","","","","","","UGP2014NAM-OT03-01455","","","","3","2","1","2","5","2","5","2","3","2","0.7","0.02","0.7","2","3","1","5","3","0.12","0.72","1.42","5","0.233333333","0.01","0.144","2.5","1.666666667","1.5","1","0.36","0.24","0.35","0.233333333","60","50.70422535","66.66666667","7.777777778","8","7.777777778","15.77777778","11.66666667","12","11.66666667","23.66666667"
"","","UGP2014NAM-OT03","","","","","","","","","UGP2014NAM-OT03-01456","","","","3","2","2","3","7","1","3","2","4","0","0.6","0","2","9","1","1","3","3","0.02","0.6","2.6","4","0.15","","0.15","2","1.333333333","2","1.333333333","0.3","0.2","1","0.666666667","100","23.07692308","66.66666667","6.666666667","6.666666667","22.22222222","28.88888889","10","10","33.33333333","43.33333333"
"","","UGP2014NAM-OT03","","","","","","","","","UGP2014NAM-OT03-01458","","","","3","1","2","2","6","1","3","1","1","1","0.12","0.04","0.5","9","1","1","2","5","0.12","0.16","0.66","2","0.12","0.04","0.08","2","0.666666667","1","0.333333333","0.16","0.053333333","0.5","0.166666667","50","24.24242424","33.33333333","1.333333333","1.777777778","5.555555556","7.333333333","4","5.333333333","16.66666667","22"
"","","UGP2014NAM-OT03","","","","","","","","","UGP2014NAM-OT03-01459","","","","3","2","2","3","7","1","2","2","0","0","0","0","1.7","","","","","","","0","1.7","0","","","","0","0","0","0","0","0","0.85","0.566666667","","0","66.66666667","0","0","18.88888889","18.88888889","0","0","28.33333333","28.33333333"
"","","UGP2014NAM-OT03","","","","","","","","","UGP2014NAM-OT03-01460","","","","3","2","2","3","7","2","3","2","4","0","0.38","0","0.4","2","1","1","3","5","0.02","0.38","0.78","4","0.095","","0.095","2","1.333333333","2","1.333333333","0.19","0.126666667","0.2","0.133333333","100","48.71794872","66.66666667","4.222222222","4.222222222","4.444444444","8.666666667","6.333333333","6.333333333","6.666666667","13"
"","","UGP2014NAM-OT03","","","","","","","","","UGP2014NAM-OT03-01461","","","","3","2","2","3","7","1","3","2","2","2","0.3","0.1","1.6","9","1","1","3","3","1.65","0.4","2","4","0.15","0.05","0.1","2","1.333333333","1","0.666666667","0.2","0.133333333","0.8","0.533333333","50","20","66.66666667","3.333333333","4.444444444","17.77777778","22.22222222","5","6.666666667","26.66666667","33.33333333"
"","","UGP2014NAM-OT03","","","","","","","","","UGP2014NAM-OT03-01462","","","","3","2","2","2","5","1","3","2","0","0","0","0","0.8","","","","","","","0","0.8","0","","","","0","0","0","0","0","0","0.4","0.266666667","","0","66.66666667","0","0","8.888888889","8.888888889","0","0","13.33333333","13.33333333"
"","","UGP2014NAM-OT03","","","","","","","","","UGP2014NAM-OT03-01463","","","","3","2","2","3","5","1","3","2","0","0","0","0","1","","","","","","","0","1","0","","","","0","0","0","0","0","0","0.5","0.333333333","","0","66.66666667","0","0","11.11111111","11.11111111","0","0","16.66666667","16.66666667"
"","","UGP2014NAM-OT03","","","","","","","","","UGP2014NAM-OT03-01464","","","","3","3","4","7","8","1","3","3","0","0","0","0","6.2","","","","","","","0","6.2","0","","","","0","0","0","0","0","0","2.066666667","2.066666667","","0","100","0","0","68.88888889","68.88888889","0","0","68.88888889","68.88888889"
"","","UGP2014NAM-OT03","","","","","","","","","UGP2014NAM-OT03-01465","","","","3","2","2","2","8","2","4","2","1","0","0.12","0","2.3","6","1","3","7","7","0.15","0.12","2.42","1","0.12","","0.12","0.5","0.333333333","0.5","0.333333333","0.06","0.04","1.15","0.766666667","100","4.958677686","66.66666667","1.333333333","1.333333333","25.55555556","26.88888889","2","2","38.33333333","40.33333333"
"","","UGP2014NAM-OT03","","","","","","","","","UGP2014NAM-OT03-01466","","","","3","2","1","3","4","5","9","2","0","0","0","0","1","","","","","","","0","1","0","","","","0","0","0","0","0","0","0.5","0.333333333","","0","66.66666667","0","0","11.11111111","11.11111111","0","0","16.66666667","16.66666667"
"","","UGP2014NAM-OT03","","","","","","","","","UGP2014NAM-OT03-01467","","","","3","2","1","2","9","1","2","2","0","0","0","0","3","","","","","","","0","3","0","","","","0","0","0","0","0","0","1.5","1","","0","66.66666667","0","0","33.33333333","33.33333333","0","0","50","50"
"","","UGP2014NAM-OT03","","","","","","","","","UGP2014NAM-OT03-01468","","","","3","1","1","3","5","3","5","1","1","0","0.25","0","0.2","9","3","1","3","3","1.5","0.25","0.45","1","0.25","","0.25","1","0.333333333","1","0.333333333","0.25","0.083333333","0.2","0.066666667","100","55.55555556","33.33333333","2.777777778","2.777777778","2.222222222","5","8.333333333","8.333333333","6.666666667","15"
"","","UGP2014NAM-OT03","","","","","","","","","UGP2014NAM-OT03-01469","","","","3","2","2","4","5","3","5","2","0","0","0","0","2.5","","","","","","","0","2.5","0","","","","0","0","0","0","0","0","1.25","0.833333333","","0","66.66666667","0","0","27.77777778","27.77777778","0","0","41.66666667","41.66666667"
"","","UGP2014NAM-OT03","","","","","","","","","UGP2014NAM-OT03-01470","","","","3","2","2","2","6","3","5","2","1","7","0.1","0.12","1.7","2","1","1","9","9","1.65","0.22","1.92","8","0.1","0.017142857","0.0275","4","2.666666667","0.5","0.333333333","0.11","0.073333333","0.85","0.566666667","12.5","11.45833333","66.66666667","1.111111111","2.444444444","18.88888889","21.33333333","1.666666667","3.666666667","28.33333333","32"
"","","UGP2014NAM-OT03","","","","","","","","","UGP2014NAM-OT03-01471","","","","3","3","2","2","8","1","3","3","1","2","0.08","0.05","4.8","8","1","1","3","9","0","0.13","4.93","3","0.08","0.025","0.043333333","1","1","0.333333333","0.333333333","0.043333333","0.043333333","1.6","1.6","33.33333333","2.636916836","100","0.888888889","1.444444444","53.33333333","54.77777778","0.888888889","1.444444444","53.33333333","54.77777778"
"","","UGP2014NAM-OT03","","","","","","","","","UGP2014NAM-OT03-01472","","","","3","2","2","3","6","3","5","2","2","1","0.24","0.04","2.5","8","1","1","3","5","14.37","0.28","2.78","3","0.12","0.04","0.093333333","1.5","1","1","0.666666667","0.14","0.093333333","1.25","0.833333333","66.66666667","10.07194245","66.66666667","2.666666667","3.111111111","27.77777778","30.88888889","4","4.666666667","41.66666667","46.33333333"
"","","UGP2014NAM-OT03","","","","","","","","","UGP2014NAM-OT03-01473","","","","3","0","","","","","","0","0","0","0","0","0","","","","","","","0","0","0","","","","","0","","0","","0","","0","","","0","0","0","0","0","","","",""
"","","UGP2014NAM-OT03","","","","","","","","","UGP2014NAM-OT03-01474","","","","3","3","2","7","8","1","3","2","1","0","0.4","0","7","2","1","1","5","1","0","0.4","7.4","1","0.4","","0.4","0.5","0.333333333","0.5","0.333333333","0.2","0.133333333","3.5","2.333333333","100","5.405405405","66.66666667","4.444444444","4.444444444","77.77777778","82.22222222","6.666666667","6.666666667","116.6666667","123.3333333"
"","","UGP2014NAM-OT03","","","","","","","","","UGP2014NAM-OT03-01475","","","","3","2","2","4","7","1","3","2","4","4","0.2","0.12","4","9","1","1","3","7","1.38","0.32","4.32","8","0.05","0.03","0.04","4","2.666666667","2","1.333333333","0.16","0.106666667","2","1.333333333","50","7.407407407","66.66666667","2.222222222","3.555555556","44.44444444","48","3.333333333","5.333333333","66.66666667","72"
"","","UGP2014NAM-OT03","","","","","","","","","UGP2014NAM-OT03-01476","","","","3","0","","","","","","0","0","0","0","0","0","","","","","","","0","0","0","","","","","0","","0","","0","","0","","","0","0","0","0","0","","","",""
"","","UGP2014NAM-OT03","","","","","","","","","UGP2014NAM-OT03-01477","","","","3","2","2","2","6","1","2","2","0","0","0","0","2","","","","","","","0","2","0","","","","0","0","0","0","0","0","1","0.666666667","","0","66.66666667","0","0","22.22222222","22.22222222","0","0","33.33333333","33.33333333"
"","","UGP2014NAM-OT03","","","","","","","","","UGP2014NAM-OT03-01478","","","","3","1","2","2","6","2","3","1","2","0","0.3","0","0.08","8","2","1","3","5","1.5","0.3","0.38","2","0.15","","0.15","2","0.666666667","2","0.666666667","0.3","0.1","0.08","0.026666667","100","78.94736842","33.33333333","3.333333333","3.333333333","0.888888889","4.222222222","10","10","2.666666667","12.66666667"
"","","UGP2014NAM-OT03","","","","","","","","","UGP2014NAM-OT03-01479","","","","3","1","2","2","5","4","7","1","0","0","0","0","0.7","","","","","","","0","0.7","0","","","","0","0","0","0","0","0","0.7","0.233333333","","0","33.33333333","0","0","7.777777778","7.777777778","0","0","23.33333333","23.33333333"
"","","UGP2014NAM-OT03","","","","","","","","","UGP2014NAM-OT03-01480","","","","3","3","2","3","6","2","4","3","0","0","0","0","4.5","","","","","","","0","4.5","0","","","","0","0","0","0","0","0","1.5","1.5","","0","100","0","0","50","50","0","0","50","50"
"","","UGP2014NAM-OT03","","","","","","","","","UGP2014NAM-OT03-01481","","","","3","1","2","2","8","1","2","1","0","0","0","0","2","","","","","","","0","2","0","","","","0","0","0","0","0","0","2","0.666666667","","0","33.33333333","0","0","22.22222222","22.22222222","0","0","66.66666667","66.66666667"
"","","UGP2014NAM-OT03","","","","","","","","","UGP2014NAM-OT03-01482","","","","3","1","4","6","5","1","3","1","3","0","0.3","0","0.18","6","1","1","2","5","14.37","0.3","0.48","3","0.1","","0.1","3","1","3","1","0.3","0.1","0.18","0.06","100","62.5","33.33333333","3.333333333","3.333333333","2","5.333333333","10","10","6","16"
"","","UGP2014NAM-OT03","","","","","","","","","UGP2014NAM-OT03-01483","","","","3","1","2","2","9","2","3","1","0","0","0","0","5.5","","","","","","","0","5.5","0","","","","0","0","0","0","0","0","5.5","1.833333333","","0","33.33333333","0","0","61.11111111","61.11111111","0","0","183.3333333","183.3333333"
"","","UGP2014NAM-OT03","","","","","","","","","UGP2014NAM-OT03-01484","","","","3","1","2","2","6","2","3","1","2","0","0.5","0","0.7","9","1","1","3","7","0.02","0.5","1.2","2","0.25","","0.25","2","0.666666667","2","0.666666667","0.5","0.166666667","0.7","0.233333333","100","41.66666667","33.33333333","5.555555556","5.555555556","7.777777778","13.33333333","16.66666667","16.66666667","23.33333333","40"
"","","UGP2014NAM-OT03","","","","","","","","","UGP2014NAM-OT03-01485","","","","3","0","","","","","","0","0","0","0","0","0","","","","","","","0","0","0","","","","","0","","0","","0","","0","","","0","0","0","0","0","","","",""
"","","UGP2014NAM-OT03","","","","","","","","","UGP2014NAM-OT03-01486","","","","3","0","","","","","","0","0","0","0","0","0","","","","","","","0","0","0","","","","","0","","0","","0","","0","","","0","0","0","0","0","","","",""
"","","UGP2014NAM-OT03","","","","","","","","","UGP2014NAM-OT03-01487","","","","3","3","2","2","8","1","2","3","2","4","0.2","","3.5","8","1","1","1","3","7.76","","","6","0.1","","","2","2","0.666666667","0.666666667","","","1.166666667","1.166666667","33.33333333","","100","2.222222222","","38.88888889","","2.222222222","","38.88888889",""
"","","UGP2014NAM-OT03","","","","","","","","","UGP2014NAM-OT03-01488","","","","3","2","2","2","7","1","2","2","2","0","0.12","0","1","2","1","1","3","7","0","0.12","1.12","2","0.06","","0.06","1","0.666666667","1","0.666666667","0.06","0.04","0.5","0.333333333","100","10.71428571","66.66666667","1.333333333","1.333333333","11.11111111","12.44444444","2","2","16.66666667","18.66666667"
"","","UGP2014NAM-OT03","","","","","","","","","UGP2014NAM-OT03-01489","","","","3","0","","","","","","0","0","0","0","0","0","","","","","","","0","0","0","","","","","0","","0","","0","","0","","","0","0","0","0","0","","","",""
"","","UGP2014NAM-OT03","","","","","","","","","UGP2014NAM-OT03-01490","","","","3","2","2","3","7","2","3","2","1","1","0.05","0.03","5","8","1","1","3","9","0.02","0.08","5.08","2","0.05","0.03","0.04","1","0.666666667","0.5","0.333333333","0.04","0.026666667","2.5","1.666666667","50","1.57480315","66.66666667","0.555555556","0.888888889","55.55555556","56.44444444","0.833333333","1.333333333","83.33333333","84.66666667"
"","","UGP2014NAM-OT03","","","","","","","","","UGP2014NAM-OT03-01491","","","","3","2","2","4","8","2","4","2","7","0","2.3","0","4.4","2","1","1","5","1","0","2.3","6.7","7","0.328571429","","0.328571429","3.5","2.333333333","3.5","2.333333333","1.15","0.766666667","2.2","1.466666667","100","34.32835821","66.66666667","25.55555556","25.55555556","48.88888889","74.44444444","38.33333333","38.33333333","73.33333333","111.6666667"
"","","UGP2014NAM-OT03","","","","","","","","","UGP2014NAM-OT03-01492","","","","3","2","2","6","7","1","3","2","6","6","0.58","0.2","1.5","2","2","1","3","5","1.76","0.78","2.28","12","0.096666667","0.033333333","0.065","6","4","3","2","0.39","0.26","0.75","0.5","50","34.21052632","66.66666667","6.444444444","8.666666667","16.66666667","25.33333333","9.666666667","13","25","38"
"","","UGP2014NAM-OT03","","","","","","","","","UGP2014NAM-OT03-01493","","","","3","0","","","","","","0","0","0","0","0","0","","","","","","","0","0","0","","","","","0","","0","","0","","0","","","0","0","0","0","0","","","",""
"","","UGP2014NAM-OT03","","","","","","","","","UGP2014NAM-OT03-01494","","","","3","2","3","6","7","2","4","2","2","2","0.3","0.08","1.5","2","1","1","2","5","0","0.38","1.88","4","0.15","0.04","0.095","2","1.333333333","1","0.666666667","0.19","0.126666667","0.75","0.5","50","20.21276596","66.66666667","3.333333333","4.222222222","16.66666667","20.88888889","5","6.333333333","25","31.33333333"
"","","UGP2014NAM-OT03","","","","","","","","","UGP2014NAM-OT03-01495","","","","3","3","3","4","7","1","2","2","3","0","0.5","0","5","2","1","1","1","3","7.76","0.5","5.5","3","0.166666667","","0.166666667","1.5","1","1.5","1","0.25","0.166666667","2.5","1.666666667","100","9.090909091","66.66666667","5.555555556","5.555555556","55.55555556","61.11111111","8.333333333","8.333333333","83.33333333","91.66666667"
"","","UGP2014NAM-OT03","","","","","","","","","UGP2014NAM-OT03-01496","","","","3","3","3","6","7","2","3","2","0","0","0","0","6.7","","","","","","","0","6.7","0","","","","0","0","0","0","0","0","3.35","2.233333333","","0","66.66666667","0","0","74.44444444","74.44444444","0","0","111.6666667","111.6666667"
"","","UGP2014NAM-OT03","","","","","","","","","UGP2014NAM-OT03-01497","","","","3","3","3","6","6","1","3","1","0","0","0","0","0.04","","","","","","","0","0.04","0","","","","0","0","0","0","0","0","0.04","0.013333333","","0","33.33333333","0","0","0.444444444","0.444444444","0","0","1.333333333","1.333333333"
"","","UGP2014NAM-OT03","","","","","","","","","UGP2014NAM-OT03-01498","","","","3","3","1","2","7","1","3","3","0","0","0","0","4","","","","","","","0","4","0","","","","0","0","0","0","0","0","1.333333333","1.333333333","","0","100","0","0","44.44444444","44.44444444","0","0","44.44444444","44.44444444"
"","","UGP2014NAM-OT03","","","","","","","","","UGP2014NAM-OT03-01499","","","","3","3","2","3","8","2","4","3","7","7","0.4","0.24","5","8","1","1","2","7","0","0.64","5.64","14","0.057142857","0.034285714","0.045714286","4.666666667","4.666666667","2.333333333","2.333333333","0.213333333","0.213333333","1.666666667","1.666666667","50","11.34751773","100","4.444444444","7.111111111","55.55555556","62.66666667","4.444444444","7.111111111","55.55555556","62.66666667"
"","","UGP2014NAM-OT03","","","","","","","","","UGP2014NAM-OT03-01500","","","","3","2","4","8","7","3","6","2","7","4","0.4","0.08","1.5","2","1","1","3","5","0.15","0.48","1.98","11","0.057142857","0.02","0.043636364","5.5","3.666666667","3.5","2.333333333","0.24","0.16","0.75","0.5","63.63636364","24.24242424","66.66666667","4.444444444","5.333333333","16.66666667","22","6.666666667","8","25","33"
"","","UGP2014NAM-OT03","","","","","","","","","UGP2014NAM-OT03-01501","","","","3","3","1","3","6","3","5","3","1","0","0.4","0","3.5","8","1","1","4","3","0","0.4","3.9","1","0.4","","0.4","0.333333333","0.333333333","0.333333333","0.333333333","0.133333333","0.133333333","1.166666667","1.166666667","100","10.25641026","100","4.444444444","4.444444444","38.88888889","43.33333333","4.444444444","4.444444444","38.88888889","43.33333333"
"","","UGP2014NAM-OT03","","","","","","","","","UGP2014NAM-OT03-01502","","","","3","1","1","2","7","1","2","1","0","0","0","0","3","","","","","","","0","3","0","","","","0","0","0","0","0","0","3","1","","0","33.33333333","0","0","33.33333333","33.33333333","0","0","100","100"
"","","UGP2014NAM-OT03","","","","","","","","","UGP2014NAM-OT03-01503","","","","3","1","1","2","6","2","4","1","0","0","0","0","0.4","","","","","","","0","0.4","0","","","","0","0","0","0","0","0","0.4","0.133333333","","0","33.33333333","0","0","4.444444444","4.444444444","0","0","13.33333333","13.33333333"
"","","UGP2014NAM-OT03","","","","","","","","","UGP2014NAM-OT03-01504","","","","3","1","1","3","5","2","3","1","2","0","0.24","0","0.7","8","2","1","2","5","0","0.24","0.94","2","0.12","","0.12","2","0.666666667","2","0.666666667","0.24","0.08","0.7","0.233333333","100","25.53191489","33.33333333","2.666666667","2.666666667","7.777777778","10.44444444","8","8","23.33333333","31.33333333"
"","","UGP2014NAM-OT03","","","","","","","","","UGP2014NAM-OT03-01505","","","","3","1","1","3","6","1","2","1","5","7","0.4","0.1","1.7","6","1","1","3","5","0","0.5","2.2","12","0.08","0.014285714","0.041666667","12","4","5","1.666666667","0.5","0.166666667","1.7","0.566666667","41.66666667","22.72727273","33.33333333","4.444444444","5.555555556","18.88888889","24.44444444","13.33333333","16.66666667","56.66666667","73.33333333"
"","","UGP2014NAM-OT03","","","","","","","","","UGP2014NAM-OT03-01506","","","","3","1","1","3","7","1","2","1","2","2","0.2","0.02","5","8","1","1","5","5","0.12","0.22","5.22","4","0.1","0.01","0.055","4","1.333333333","2","0.666666667","0.22","0.073333333","5","1.666666667","50","4.214559387","33.33333333","2.222222222","2.444444444","55.55555556","58","6.666666667","7.333333333","166.6666667","174"
"","","UGP2014NAM-OT03","","","","","","","","","UGP2014NAM-OT03-01507","","","","3","2","2","2","6","1","3","2","0","1","0","0.02","0.7","9","1","1","3","9","0.02","0.02","0.72","1","","0.02","0.02","0.5","0.333333333","0","0","0.01","0.006666667","0.35","0.233333333","0","2.777777778","66.66666667","0","0.222222222","7.777777778","8","0","0.333333333","11.66666667","12"
"","","UGP2014NAM-OT03","","","","","","","","","UGP2014NAM-OT03-01508","","","","3","3","1","2","4","1","3","3","2","2","0.16","0.04","0.4","5","1","3","3","9","0.15","0.2","0.6","4","0.08","0.02","0.05","1.333333333","1.333333333","0.666666667","0.666666667","0.066666667","0.066666667","0.133333333","0.133333333","50","33.33333333","100","1.777777778","2.222222222","4.444444444","6.666666667","1.777777778","2.222222222","4.444444444","6.666666667"
"","","UGP2014NAM-OT03","","","","","","","","","UGP2014NAM-OT03-01509","","","","3","1","1","2","6","2","3","1","0","0","0","0","0.12","","","","","","","0","0.12","0","","","","0","0","0","0","0","0","0.12","0.04","","0","33.33333333","0","0","1.333333333","1.333333333","0","0","4","4"
"","","UGP2014NAM-OT03","","","","","","","","","UGP2014NAM-OT03-01510","","","","3","2","1","6","6","2","4","2","1","0","0.12","0","2","2","1","1","3","7","0","0.12","2.12","1","0.12","","0.12","0.5","0.333333333","0.5","0.333333333","0.06","0.04","1","0.666666667","100","5.660377358","66.66666667","1.333333333","1.333333333","22.22222222","23.55555556","2","2","33.33333333","35.33333333"
"","","UGP2014NAM-OT03","","","","","","","","","UGP2014NAM-OT03-01511","","","","3","1","2","3","7","1","3","1","0","1","0","0.04","3","2","1","1","9","9","0","0.04","3.04","1","","0.04","0.04","1","0.333333333","0","0","0.04","0.013333333","3","1","0","1.315789474","33.33333333","0","0.444444444","33.33333333","33.77777778","0","1.333333333","100","101.3333333"
"","","UGP2014NAM-OT03","","","","","","","","","UGP2014NAM-OT03-01512","","","","3","0","","","","","","0","0","0","0","0","0","","","","","","","0","0","0","","","","","0","","0","","0","","0","","","0","0","0","0","0","","","",""
"","","UGP2014NAM-OT03","","","","","","","","","UGP2014NAM-OT03-01513","","","","3","3","1","3","6","1","2","3","1","1","0.1","0.04","1.4","2","1","1","3","7","0","0.14","1.54","2","0.1","0.04","0.07","0.666666667","0.666666667","0.333333333","0.333333333","0.046666667","0.046666667","0.466666667","0.466666667","50","9.090909091","100","1.111111111","1.555555556","15.55555556","17.11111111","1.111111111","1.555555556","15.55555556","17.11111111"
"","","UGP2014NAM-OT03","","","","","","","","","UGP2014NAM-OT03-01514","","","","3","2","1","2","7","1","3","2","0","0","0","0","1.4","","","","","","","0","1.4","0","","","","0","0","0","0","0","0","0.7","0.466666667","","0","66.66666667","0","0","15.55555556","15.55555556","0","0","23.33333333","23.33333333"
"","","UGP2014NAM-OT03","","","","","","","","","UGP2014NAM-OT03-01515","","","","3","1","1","6","6","2","4","1","0","0","0","0","1.3","","","","","","","0","1.3","0","","","","0","0","0","0","0","0","1.3","0.433333333","","0","33.33333333","0","0","14.44444444","14.44444444","0","0","43.33333333","43.33333333"
"","","UGP2014NAM-OT03","","","","","","","","","UGP2014NAM-OT03-01516","","","","3","0","","","","","","0","0","0","0","0","0","","","","","","","0","0","0","","","","","0","","0","","0","","0","","","0","0","0","0","0","","","",""
"","","UGP2014NAM-OT03","","","","","","","","","UGP2014NAM-OT03-01517","","","","3","2","1","2","8","1","2","2","4","1","1","0.04","4","2","2","1","5","3","0.15","1.04","5.04","5","0.25","0.04","0.208","2.5","1.666666667","2","1.333333333","0.52","0.346666667","2","1.333333333","80","20.63492063","66.66666667","11.11111111","11.55555556","44.44444444","56","16.66666667","17.33333333","66.66666667","84"
"","","UGP2014NAM-OT03","","","","","","","","","UGP2014NAM-OT03-01518","","","","3","3","1","2","5","3","6","1","0","0","0","0","0.12","","","","","","","0","0.12","0","","","","0","0","0","0","0","0","0.12","0.04","","0","33.33333333","0","0","1.333333333","1.333333333","0","0","4","4"
"","","UGP2014NAM-OT03","","","","","","","","","UGP2014NAM-OT03-01519","","","","3","1","1","3","5","3","5","1","1","1","0.08","0.03","0.2","9","1","1","8","9","0.12","0.11","0.31","2","0.08","0.03","0.055","2","0.666666667","1","0.333333333","0.11","0.036666667","0.2","0.066666667","50","35.48387097","33.33333333","0.888888889","1.222222222","2.222222222","3.444444444","2.666666667","3.666666667","6.666666667","10.33333333"
"","","UGP2014NAM-OT03","","","","","","","","","UGP2014NAM-OT03-01520","","","","3","3","1","2","6","1","3","2","1","0","0.09","0","2.5","9","1","1","8","1","0.02","0.09","2.59","1","0.09","","0.09","0.5","0.333333333","0.5","0.333333333","0.045","0.03","1.25","0.833333333","100","3.474903475","66.66666667","1","1","27.77777778","28.77777778","1.5","1.5","41.66666667","43.16666667"
"","","UGP2014NAM-OT03","","","","","","","","","UGP2014NAM-OT03-01521","","","","3","2","1","2","6","1","3","2","3","0","0.48","0","3.2","2","1","1","3","3","0.12","0.48","3.68","3","0.16","","0.16","1.5","1","1.5","1","0.24","0.16","1.6","1.066666667","100","13.04347826","66.66666667","5.333333333","5.333333333","35.55555556","40.88888889","8","8","53.33333333","61.33333333"
"","","UGP2014NAM-OT03","","","","","","","","","UGP2014NAM-OT03-01522","","","","3","2","3","4","8","2","4","2","7","3","0.6","0.08","3.7","9","1","1","3","5","0.02","0.68","4.38","10","0.085714286","0.026666667","0.068","5","3.333333333","3.5","2.333333333","0.34","0.226666667","1.85","1.233333333","70","15.52511416","66.66666667","6.666666667","7.555555556","41.11111111","48.66666667","10","11.33333333","61.66666667","73"
"","","UGP2014NAM-OT03","","","","","","","","","UGP2014NAM-OT03-01523","","","","3","1","3","6","7","1","3","1","2","0","0.4","0","1.5","2","1","1","3","5","0.12","0.4","1.9","2","0.2","","0.2","2","0.666666667","2","0.666666667","0.4","0.133333333","1.5","0.5","100","21.05263158","33.33333333","4.444444444","4.444444444","16.66666667","21.11111111","13.33333333","13.33333333","50","63.33333333"
"","","UGP2014NAM-OT03","","","","","","","","","UGP2014NAM-OT03-01524","","","","3","2","4","6","6","3","4","2","0","0","0","0","2.5","","","","","","","0","2.5","0","","","","0","0","0","0","0","0","1.25","0.833333333","","0","66.66666667","0","0","27.77777778","27.77777778","0","0","41.66666667","41.66666667"
"","","UGP2014NAM-OT03","","","","","","","","","UGP2014NAM-OT03-01525","","","","3","1","1","2","5","3","5","1","0","0","0","0","1","","","","","","","0","1","0","","","","0","0","0","0","0","0","1","0.333333333","","0","33.33333333","0","0","11.11111111","11.11111111","0","0","33.33333333","33.33333333"
"","","UGP2014NAM-OT03","","","","","","","","","UGP2014NAM-OT03-01526","","","","3","3","1","2","6","4","7","3","0","0","0","0","1.5","","","","","","","0","1.5","0","","","","0","0","0","0","0","0","0.5","0.5","","0","100","0","0","16.66666667","16.66666667","0","0","16.66666667","16.66666667"
"","","UGP2014NAM-OT03","","","","","","","","","UGP2014NAM-OT03-01527","","","","3","2","1","2","7","2","3","2","0","0","0","0","2.7","","","","","","","0","2.7","0","","","","0","0","0","0","0","0","1.35","0.9","","0","66.66666667","0","0","30","30","0","0","45","45"
"","","UGP2014NAM-OT03","","","","","","","","","UGP2014NAM-OT03-01528","","","","3","2","1","2","6","2","3","2","1","0","0.2","0","1.7","2","1","1","3","5","3.96","0.2","1.9","1","0.2","","0.2","0.5","0.333333333","0.5","0.333333333","0.1","0.066666667","0.85","0.566666667","100","10.52631579","66.66666667","2.222222222","2.222222222","18.88888889","21.11111111","3.333333333","3.333333333","28.33333333","31.66666667"
"","","UGP2014NAM-OT03","","","","","","","","","UGP2014NAM-OT03-01529","","","","3","0","","","","","","0","0","0","0","0","0","","","","","","","0","0","0","","","","","0","","0","","0","","0","","","0","0","0","0","0","","","",""
"","","UGP2014NAM-OT03","","","","","","","","","UGP2014NAM-OT03-01531","","","","3","1","1","2","6","1","2","1","0","0","0","0","1","","","","","","","0","1","0","","","","0","0","0","0","0","0","1","0.333333333","","0","33.33333333","0","0","11.11111111","11.11111111","0","0","33.33333333","33.33333333"
"","","UGP2014NAM-OT03","","","","","","","","","UGP2014NAM-OT03-01532","","","","3","1","1","2","7","3","3","1","0","0","0","0","1.5","","","","","","","0","1.5","0","","","","0","0","0","0","0","0","1.5","0.5","","0","33.33333333","0","0","16.66666667","16.66666667","0","0","50","50"
"","","UGP2014NAM-OT03","","","","","","","","","UGP2014NAM-OT03-01533","","","","3","1","1","2","5","2","6","1","0","0","0","0","0.7","","","","","","","0","0.7","0","","","","0","0","0","0","0","0","0.7","0.233333333","","0","33.33333333","0","0","7.777777778","7.777777778","0","0","23.33333333","23.33333333"
"","","UGP2014NAM-OT03","","","","","","","","","UGP2014NAM-OT03-01534","","","","3","2","1","3","7","2","3","2","5","0","0.44","0","4.5","2","1","1","2","5","4.41","0.44","4.94","5","0.088","","0.088","2.5","1.666666667","2.5","1.666666667","0.22","0.146666667","2.25","1.5","100","8.906882591","66.66666667","4.888888889","4.888888889","50","54.88888889","7.333333333","7.333333333","75","82.33333333"
"","","UGP2014NAM-OT03","","","","","","","","","UGP2014NAM-OT03-01535","","","","3","2","1","3","6","1","4","2","4","0","0.58","0","2","9","1","1","2","5","0","0.58","2.58","4","0.145","","0.145","2","1.333333333","2","1.333333333","0.29","0.193333333","1","0.666666667","100","22.48062016","66.66666667","6.444444444","6.444444444","22.22222222","28.66666667","9.666666667","9.666666667","33.33333333","43"
"","","UGP2014NAM-OT03","","","","","","","","","UGP2014NAM-OT03-01536","","","","3","2","2","6","9","3","2","2","2","0","0.2","0","5.5","9","1","1","3","9","0.15","0.2","5.7","2","0.1","","0.1","1","0.666666667","1","0.666666667","0.1","0.066666667","2.75","1.833333333","100","3.50877193","66.66666667","2.222222222","2.222222222","61.11111111","63.33333333","3.333333333","3.333333333","91.66666667","95"
"","","UGP2014NAM-OT03","","","","","","","","","UGP2014NAM-OT03-01537","","","","3","2","2","2","7","2","7","2","2","1","0.18","0.02","1.5","2","1","1","3","7","0","0.2","1.7","3","0.09","0.02","0.066666667","1.5","1","1","0.666666667","0.1","0.066666667","0.75","0.5","66.66666667","11.76470588","66.66666667","2","2.222222222","16.66666667","18.88888889","3","3.333333333","25","28.33333333"
"","","UGP2014NAM-OT03","","","","","","","","","UGP2014NAM-OT03-01538","","","","3","0","","","","","","0","0","0","0","0","0","","","","","","","0","0","0","","","","","0","","0","","0","","0","","","0","0","0","0","0","","","",""
"","","UGP2014NAM-OT03","","","","","","","","","UGP2014NAM-OT03-01539","","","","3","3","2","3","6","2","3","2","2","2","","","3.5","","1","1","","","","","","4","","","","2","1.333333333","1","0.666666667","","","1.75","1.166666667","50","","66.66666667","","","38.88888889","","","","58.33333333",""
"","","UGP2014NAM-OT03","","","","","","","","","UGP2014NAM-OT03-01540","","","","3","0","","","","","","0","0","0","0","0","0","","","","","","","0","0","0","","","","","0","","0","","0","","0","","","0","0","0","0","0","","","",""
"","","UGP2014NAM-OT03","","","","","","","","","UGP2014NAM-OT03-01541","","","","3","2","2","6","9","2","3","2","3","4","0.4","0.18","7.5","6","3","1","5","5","0","0.58","8.08","7","0.133333333","0.045","0.082857143","3.5","2.333333333","1.5","1","0.29","0.193333333","3.75","2.5","42.85714286","7.178217822","66.66666667","4.444444444","6.444444444","83.33333333","89.77777778","6.666666667","9.666666667","125","134.6666667"
"","","UGP2014NAM-OT03","","","","","","","","","UGP2014NAM-OT03-01542","","","","3","2","2","6","8","2","4","2","0","0","0","0","2.5","","","","","","","0","2.5","0","","","","0","0","0","0","0","0","1.25","0.833333333","","0","66.66666667","0","0","27.77777778","27.77777778","0","0","41.66666667","41.66666667"
"","","UGP2014NAM-OT03","","","","","","","","","UGP2014NAM-OT03-01543","","","","3","2","1","3","7","1","3","2","0","0","0","0","0.7","","","","","","","0","0.7","0","","","","0","0","0","0","0","0","0.35","0.233333333","","0","66.66666667","0","0","7.777777778","7.777777778","0","0","11.66666667","11.66666667"
"","","UGP2014NAM-OT03","","","","","","","","","UGP2014NAM-OT03-01544","","","","3","0","","","","","","0","0","0","0","0","0","","","","","","","0","0","0","","","","","0","","0","","0","","0","","","0","0","0","0","0","","","",""
"","","UGP2014NAM-OT03","","","","","","","","","UGP2014NAM-OT03-01545","","","","3","1","2","3","6","1","3","1","2","4","0.28","0.08","0.5","2","1","1","1","5","0","0.36","0.86","6","0.14","0.02","0.06","6","2","2","0.666666667","0.36","0.12","0.5","0.166666667","33.33333333","41.86046512","33.33333333","3.111111111","4","5.555555556","9.555555556","9.333333333","12","16.66666667","28.66666667"
"","","UGP2014NAM-OT03","","","","","","","","","UGP2014NAM-OT03-01546","","","","3","0","","","","","","0","0","0","0","0","0","","","","","","","0","0","0","","","","","0","","0","","0","","0","","","0","0","0","0","0","","","",""
"","","UGP2014NAM-OT03","","","","","","","","","UGP2014NAM-OT03-01547","","","","3","2","2","2","8","1","2","2","0","0","0","0","1","","","","","","","0","1","0","","","","0","0","0","0","0","0","0.5","0.333333333","","0","66.66666667","0","0","11.11111111","11.11111111","0","0","16.66666667","16.66666667"
"","","UGP2014NAM-OT03","","","","","","","","","UGP2014NAM-OT03-01548","","","","3","2","1","3","7","1","2","2","4","7","0.5","0.17","1","8","1","1","4","5","3.96","0.67","1.67","11","0.125","0.024285714","0.060909091","5.5","3.666666667","2","1.333333333","0.335","0.223333333","0.5","0.333333333","36.36363636","40.11976048","66.66666667","5.555555556","7.444444444","11.11111111","18.55555556","8.333333333","11.16666667","16.66666667","27.83333333"
"","","UGP2014NAM-OT03","","","","","","","","","UGP2014NAM-OT03-01549","","","","3","2","1","3","7","3","5","2","1","0","0.16","0","1.6","9","1","1","3","5","0.02","0.16","1.76","1","0.16","","0.16","0.5","0.333333333","0.5","0.333333333","0.08","0.053333333","0.8","0.533333333","100","9.090909091","66.66666667","1.777777778","1.777777778","17.77777778","19.55555556","2.666666667","2.666666667","26.66666667","29.33333333"
"","","UGP2014NAM-OT03","","","","","","","","","UGP2014NAM-OT03-01550","","","","3","1","1","6","9","1","2","1","1","5","0.12","0.18","3.7","9","1","1","8","7","0.02","0.3","4","6","0.12","0.036","0.05","6","2","1","0.333333333","0.3","0.1","3.7","1.233333333","16.66666667","7.5","33.33333333","1.333333333","3.333333333","41.11111111","44.44444444","4","10","123.3333333","133.3333333"
"","","UGP2014NAM-OT03","","","","","","","","","UGP2014NAM-OT03-01551","","","","3","0","","","","","","0","0","0","0","0","0","","","","","","","0","0","0","","","","","0","","0","","0","","0","","","0","0","0","0","0","","","",""
"","","UGP2014NAM-OT03","","","","","","","","","UGP2014NAM-OT03-01552","","","","3","1","1","2","8","1","2","1","0","2","0","","2.3","8","1","1","8","9","0.12","","","2","","","","2","0.666666667","0","0","","","2.3","0.766666667","0","","33.33333333","0","","25.55555556","","0","","76.66666667",""
"","","UGP2014NAM-OT03","","","","","","","","","UGP2014NAM-OT03-01553","","","","3","2","1","4","6","1","2","2","3","","0.5","0.08","0.7","2","1","3","5","3","3.96","0.58","1.28","","0.166666667","","","","","1.5","1","0.29","0.193333333","0.35","0.233333333","","45.3125","66.66666667","5.555555556","6.444444444","7.777777778","14.22222222","8.333333333","9.666666667","11.66666667","21.33333333"
"","","UGP2014NAM-OT03","","","","","","","","","UGP2014NAM-OT03-01554","","","","3","2","1","3","8","1","2","2","0","0","0","0","1","","","","","","","0","1","0","","","","0","0","0","0","0","0","0.5","0.333333333","","0","66.66666667","0","0","11.11111111","11.11111111","0","0","16.66666667","16.66666667"
"","","UGP2014NAM-OT03","","","","","","","","","UGP2014NAM-OT03-01555","","","","3","3","1","3","7","1","2","1","1","2","0.05","0.08","1.6","9","1","1","9","9","0.15","0.13","1.73","3","0.05","0.04","0.043333333","3","1","1","0.333333333","0.13","0.043333333","1.6","0.533333333","33.33333333","7.514450867","33.33333333","0.555555556","1.444444444","17.77777778","19.22222222","1.666666667","4.333333333","53.33333333","57.66666667"
"","","UGP2014NAM-OT03","","","","","","","","","UGP2014NAM-OT03-01556","","","","3","2","1","3","5","1","2","2","2","0","0.38","0","0.28","9","1","1","5","3","0.15","0.38","0.66","2","0.19","","0.19","1","0.666666667","1","0.666666667","0.19","0.126666667","0.14","0.093333333","100","57.57575758","66.66666667","4.222222222","4.222222222","3.111111111","7.333333333","6.333333333","6.333333333","4.666666667","11"
"","","UGP2014NAM-OT03","","","","","","","","","UGP2014NAM-OT03-01557","","","","3","2","1","2","5","1","2","2","0","0","0","0","0.2","","","","","","","0","0.2","0","","","","0","0","0","0","0","0","0.1","0.066666667","","0","66.66666667","0","0","2.222222222","2.222222222","0","0","3.333333333","3.333333333"
"","","UGP2014NAM-OT03","","","","","","","","","UGP2014NAM-OT03-01558","","","","3","3","1","2","9","2","3","2","0","0","0","0","4.3","","","","","","","0","4.3","0","","","","0","0","0","0","0","0","2.15","1.433333333","","0","66.66666667","0","0","47.77777778","47.77777778","0","0","71.66666667","71.66666667"
"","","UGP2014NAM-OT03","","","","","","","","","UGP2014NAM-OT03-01559","","","","3","2","1","3","9","1","2","2","1","0","0.18","0","5","2","1","1","4","5","0.12","0.18","5.18","1","0.18","","0.18","0.5","0.333333333","0.5","0.333333333","0.09","0.06","2.5","1.666666667","100","3.474903475","66.66666667","2","2","55.55555556","57.55555556","3","3","83.33333333","86.33333333"
"","","UGP2014NAM-OT03","","","","","","","","","UGP2014NAM-OT03-01560","","","","3","3","1","2","8","1","3","1","0","0","0","0","4.5","","","","","","","0","4.5","0","","","","0","0","0","0","0","0","4.5","1.5","","0","33.33333333","0","0","50","50","0","0","150","150"
"","","UGP2014NAM-OT03","","","","","","","","","UGP2014NAM-OT03-01561","","","","3","3","1","2","8","1","2","2","0","0","0","0","2","","","","","","","0","2","0","","","","0","0","0","0","0","0","1","0.666666667","","0","66.66666667","0","0","22.22222222","22.22222222","0","0","33.33333333","33.33333333"
"","","UGP2014NAM-OT03","","","","","","","","","UGP2014NAM-OT03-01562","","","","3","2","1","2","4","4","6","2","0","0","0","0","0.04","","","","","","","0","0.04","0","","","","0","0","0","0","0","0","0.02","0.013333333","","0","66.66666667","0","0","0.444444444","0.444444444","0","0","0.666666667","0.666666667"
"","","UGP2014NAM-OT03","","","","","","","","","UGP2014NAM-OT03-01563","","","","3","2","1","3","7","2","3","2","8","3","2","0.1","3","6","1","1","7","3","1.5","2.1","5.1","11","0.25","0.033333333","0.190909091","5.5","3.666666667","4","2.666666667","1.05","0.7","1.5","1","72.72727273","41.17647059","66.66666667","22.22222222","23.33333333","33.33333333","56.66666667","33.33333333","35","50","85"
"","","UGP2014NAM-OT03","","","","","","","","","UGP2014NAM-OT03-01564","","","","3","0","","","","","","0","0","0","0","0","0","","","","","","","0","0","0","","","","","0","","0","","0","","0","","","0","0","0","0","0","","","",""
"","","UGP2014NAM-OT03","","","","","","","","","UGP2014NAM-OT03-01565","","","","3","2","3","6","8","2","3","2","1","0","0.12","0","3","9","1","1","3","3","0","0.12","3.12","1","0.12","","0.12","0.5","0.333333333","0.5","0.333333333","0.06","0.04","1.5","1","100","3.846153846","66.66666667","1.333333333","1.333333333","33.33333333","34.66666667","2","2","50","52"
"","","UGP2014NAM-OT03","","","","","","","","","UGP2014NAM-OT03-01566","","","","3","2","1","3","6","2","4","2","0","7","0","0.1","2","6","1","1","9","9","7.76","0.1","2.1","7","","0.014285714","0.014285714","3.5","2.333333333","0","0","0.05","0.033333333","1","0.666666667","0","4.761904762","66.66666667","0","1.111111111","22.22222222","23.33333333","0","1.666666667","33.33333333","35"
"","","UGP2014NAM-OT03","","","","","","","","","UGP2014NAM-OT03-01567","","","","3","2","1","2","9","1","2","2","0","0","0","0","4","","","","","","","0","4","0","","","","0","0","0","0","0","0","2","1.333333333","","0","66.66666667","0","0","44.44444444","44.44444444","0","0","66.66666667","66.66666667"
"","","UGP2014NAM-OT03","","","","","","","","","UGP2014NAM-OT03-01568","","","","3","1","1","3","6","2","4","1","","1","0.12","0.04","1.6","2","1","1","3","9","0.02","0.16","1.76","","","0.04","","","","","","0.16","0.053333333","1.6","0.533333333","","9.090909091","33.33333333","1.333333333","1.777777778","17.77777778","19.55555556","4","5.333333333","53.33333333","58.66666667"
"","","UGP2014NAM-OT03","","","","","","","","","UGP2014NAM-OT03-01569","","","","3","2","3","4","6","3","6","2","1","0","","0","1","5","1","1","2","7","0","","","1","","","","0.5","0.333333333","0.5","0.333333333","","","0.5","0.333333333","100","","66.66666667","","","11.11111111","","","","16.66666667",""
"","","UGP2014NAM-OT03","","","","","","","","","UGP2014NAM-OT03-01570","","","","3","1","1","2","6","2","4","1","0","0","0","0","0.5","","","","","","","0","0.5","0","","","","0","0","0","0","0","0","0.5","0.166666667","","0","33.33333333","0","0","5.555555556","5.555555556","0","0","16.66666667","16.66666667"
"","","UGP2014NAM-OT03","","","","","","","","","UGP2014NAM-OT03-01571","","","","3","0","","","","","","0","0","0","0","0","0","","","","","","","0","0","0","","","","","0","","0","","0","","0","","","0","0","0","0","0","","","",""
"","","UGP2014NAM-OT03","","","","","","","","","UGP2014NAM-OT03-01572","","","","3","1","1","2","6","1","2","1","0","0","0","0","0.7","","","","","","","0","0.7","0","","","","0","0","0","0","0","0","0.7","0.233333333","","0","33.33333333","0","0","7.777777778","7.777777778","0","0","23.33333333","23.33333333"
"","","UGP2014NAM-OT03","","","","","","","","","UGP2014NAM-OT03-01573","","","","3","2","1","3","8","2","4","2","0","0","0","0","1.7","","","","","","","0","1.7","0","","","","0","0","0","0","0","0","0.85","0.566666667","","0","66.66666667","0","0","18.88888889","18.88888889","0","0","28.33333333","28.33333333"
"","","UGP2014NAM-OT03","","","","","","","","","UGP2014NAM-OT03-01574","","","","3","2","1","2","7","1","3","2","1","0","0.1","0","2.3","2","1","1","2","7","0","0.1","2.4","1","0.1","","0.1","0.5","0.333333333","0.5","0.333333333","0.05","0.033333333","1.15","0.766666667","100","4.166666667","66.66666667","1.111111111","1.111111111","25.55555556","26.66666667","1.666666667","1.666666667","38.33333333","40"
"","","UGP2014NAM-OT03","","","","","","","","","UGP2014NAM-OT03-01575","","","","3","1","1","2","6","4","6","1","2","7","0.12","0.17","0.6","2","1","1","3","7","1.5","0.29","0.89","9","0.06","0.024285714","0.032222222","9","3","2","0.666666667","0.29","0.096666667","0.6","0.2","22.22222222","32.58426966","33.33333333","1.333333333","3.222222222","6.666666667","9.888888889","4","9.666666667","20","29.66666667"
"","","UGP2014NAM-OT03","","","","","","","","","UGP2014NAM-OT03-01576","","","","3","3","1","3","7","1","3","3","7","7","0.6","0.18","1.5","2","1","1","3","5","0.15","0.78","2.28","14","0.085714286","0.025714286","0.055714286","4.666666667","4.666666667","2.333333333","2.333333333","0.26","0.26","0.5","0.5","50","34.21052632","100","6.666666667","8.666666667","16.66666667","25.33333333","6.666666667","8.666666667","16.66666667","25.33333333"
"","","UGP2014NAM-OT03","","","","","","","","","UGP2014NAM-OT03-01577","","","","3","2","1","2","7","1","3","2","0","0","0","0","3.2","","","","","","","0","3.2","0","","","","0","0","0","0","0","0","1.6","1.066666667","","0","66.66666667","0","0","35.55555556","35.55555556","0","0","53.33333333","53.33333333"
"","","UGP2014NAM-OT03","","","","","","","","","UGP2014NAM-OT03-01578","","","","3","3","1","2","8","2","4","3","2","0","0.4","0","2","9","1","1","9","5","0","0.4","2.4","2","0.2","","0.2","0.666666667","0.666666667","0.666666667","0.666666667","0.133333333","0.133333333","0.666666667","0.666666667","100","16.66666667","100","4.444444444","4.444444444","22.22222222","26.66666667","4.444444444","4.444444444","22.22222222","26.66666667"
"","","UGP2014NAM-OT03","","","","","","","","","UGP2014NAM-OT03-01579","","","","3","1","1","2","7","1","2","1","4","4","0.6","0.12","1","9","1","1","3","3","1.38","0.72","1.72","8","0.15","0.03","0.09","8","2.666666667","4","1.333333333","0.72","0.24","1","0.333333333","50","41.86046512","33.33333333","6.666666667","8","11.11111111","19.11111111","20","24","33.33333333","57.33333333"
"","","UGP2014NAM-OT03","","","","","","","","","UGP2014NAM-OT03-01580","","","","3","3","2","3","5","4","7","3","4","0","0.4","0","0.5","6","2","1","3","5","0","0.4","0.9","4","0.1","","0.1","1.333333333","1.333333333","1.333333333","1.333333333","0.133333333","0.133333333","0.166666667","0.166666667","100","44.44444444","100","4.444444444","4.444444444","5.555555556","10","4.444444444","4.444444444","5.555555556","10"
"","","UGP2014NAM-OT03","","","","","","","","","UGP2014NAM-OT03-01581","","","","3","3","3","6","8","1","3","3","4","0","0.4","0","1.5","2","1","1","2","5","0","0.4","1.9","4","0.1","","0.1","1.333333333","1.333333333","1.333333333","1.333333333","0.133333333","0.133333333","0.5","0.5","100","21.05263158","100","4.444444444","4.444444444","16.66666667","21.11111111","4.444444444","4.444444444","16.66666667","21.11111111"
"","","UGP2014NAM-OT03","","","","","","","","","UGP2014NAM-OT03-01582","","","","3","1","1","3","5","1","2","1","3","0","0.2","0","0.2","2","3","1","3","7","1.5","0.2","0.4","3","0.066666667","","0.066666667","3","1","3","1","0.2","0.066666667","0.2","0.066666667","100","50","33.33333333","2.222222222","2.222222222","2.222222222","4.444444444","6.666666667","6.666666667","6.666666667","13.33333333"
"","","UGP2014NAM-OT03","","","","","","","","","UGP2014NAM-OT03-01583","","","","3","2","1","3","8","1","3","2","5","5","1.4","0.2","4.5","2","2","1","5","3","0","1.6","6.1","10","0.28","0.04","0.16","5","3.333333333","2.5","1.666666667","0.8","0.533333333","2.25","1.5","50","26.2295082","66.66666667","15.55555556","17.77777778","50","67.77777778","23.33333333","26.66666667","75","101.6666667"
"","","UGP2014NAM-OT03","","","","","","","","","UGP2014NAM-OT03-01584","","","","3","0","","","","","","0","0","0","0","0","0","","","","","","","0","0","0","","","","","0","","0","","0","","0","","","0","0","0","0","0","","","",""
"","","UGP2014NAM-OT03","","","","","","","","","UGP2014NAM-OT03-01585","","","","3","2","1","2","6","1","3","2","3","2","0.6","0.08","6","2","1","1","2","3","0","0.68","6.68","5","0.2","0.04","0.136","2.5","1.666666667","1.5","1","0.34","0.226666667","3","2","60","10.17964072","66.66666667","6.666666667","7.555555556","66.66666667","74.22222222","10","11.33333333","100","111.3333333"
"","","UGP2014NAM-OT03","","","","","","","","","UGP2014NAM-OT03-01586","","","","3","2","1","3","6","1","2","2","2","0","0.56","0","1.4","2","1","1","3","3","4.92","0.56","1.96","2","0.28","","0.28","1","0.666666667","1","0.666666667","0.28","0.186666667","0.7","0.466666667","100","28.57142857","66.66666667","6.222222222","6.222222222","15.55555556","21.77777778","9.333333333","9.333333333","23.33333333","32.66666667"
"","","UGP2014NAM-OT03","","","","","","","","","UGP2014NAM-OT03-01587","","","","3","3","1","2","6","2","4","1","1","0","0.3","0","1","8","1","1","2","3","0.15","0.3","1.3","1","0.3","","0.3","1","0.333333333","1","0.333333333","0.3","0.1","1","0.333333333","100","23.07692308","33.33333333","3.333333333","3.333333333","11.11111111","14.44444444","10","10","33.33333333","43.33333333"
"","","UGP2014NAM-OT03","","","","","","","","","UGP2014NAM-OT03-01588","","","","3","2","1","3","6","1","2","2","2","0","0.68","0","1.2","9","1","1","1","3","0.15","0.68","1.88","2","0.34","","0.34","1","0.666666667","1","0.666666667","0.34","0.226666667","0.6","0.4","100","36.17021277","66.66666667","7.555555556","7.555555556","13.33333333","20.88888889","11.33333333","11.33333333","20","31.33333333"
"","","UGP2014NAM-OT03","","","","","","","","","UGP2014NAM-OT03-01589","","","","3","3","3","4","8","2","4","3","1","0","0.08","0","1","2","1","1","1","7","0","0.08","1.08","1","0.08","","0.08","0.333333333","0.333333333","0.333333333","0.333333333","0.026666667","0.026666667","0.333333333","0.333333333","100","7.407407407","100","0.888888889","0.888888889","11.11111111","12","0.888888889","0.888888889","11.11111111","12"
"","","UGP2014NAM-OT03","","","","","","","","","UGP2014NAM-OT03-01590","","","","3","1","3","7","5","2","4","1","2","0","0.12","0","0.5","2","1","1","2","5","0","0.12","0.62","2","0.06","","0.06","2","0.666666667","2","0.666666667","0.12","0.04","0.5","0.166666667","100","19.35483871","33.33333333","1.333333333","1.333333333","5.555555556","6.888888889","4","4","16.66666667","20.66666667"
"","","UGP2014NAM-OT03","","","","","","","","","UGP2014NAM-OT03-01591","","","","3","2","1","3","6","2","5","2","3","0","0.3","0","4.5","2","1","1","4","5","0","0.3","4.8","3","0.1","","0.1","1.5","1","1.5","1","0.15","0.1","2.25","1.5","100","6.25","66.66666667","3.333333333","3.333333333","50","53.33333333","5","5","75","80"
"","","UGP2014NAM-OT03","","","","","","","","","UGP2014NAM-OT03-01592","","","","3","2","1","2","6","1","3","2","0","0","0","0","0.5","","","","","","","0","0.5","0","","","","0","0","0","0","0","0","0.25","0.166666667","","0","66.66666667","0","0","5.555555556","5.555555556","0","0","8.333333333","8.333333333"
"","","UGP2014NAM-OT03","","","","","","","","","UGP2014NAM-OT03-01593","","","","3","1","1","3","7","1","2","1","0","0","0","0","5.5","","","","","","","0","5.5","0","","","","0","0","0","0","0","0","5.5","1.833333333","","0","33.33333333","0","0","61.11111111","61.11111111","0","0","183.3333333","183.3333333"
"","","UGP2014NAM-OT03","","","","","","","","","UGP2014NAM-OT03-01594","","","","3","2","1","2","9","2","3","2","3","3","0.4","0.08","8.5","2","1","1","4","3","0.02","0.48","8.98","6","0.133333333","0.026666667","0.08","3","2","1.5","1","0.24","0.16","4.25","2.833333333","50","5.345211581","66.66666667","4.444444444","5.333333333","94.44444444","99.77777778","6.666666667","8","141.6666667","149.6666667"
"","","UGP2014NAM-OT03","","","","","","","","","UGP2014NAM-OT03-01595","","","","3","1","3","6","7","1","2","1","1","1","0.2","0.01","3","9","1","1","2","5","3.96","0.21","3.21","2","0.2","0.01","0.105","2","0.666666667","1","0.333333333","0.21","0.07","3","1","50","6.542056075","33.33333333","2.222222222","2.333333333","33.33333333","35.66666667","6.666666667","7","100","107"
"","","UGP2014NAM-OT03","","","","","","","","","UGP2014NAM-OT03-01596","","","","3","2","1","2","4","1","2","2","0","0","0","0","0.9","","","","","","","0","0.9","0","","","","0","0","0","0","0","0","0.45","0.3","","0","66.66666667","0","0","10","10","0","0","15","15"
"","","UGP2014NAM-OT03","","","","","","","","","UGP2014NAM-OT03-01597","","","","3","1","3","4","8","1","3","1","0","4","0","0.04","1.5","9","1","1","9","9","0","0.04","1.54","4","","0.01","0.01","4","1.333333333","0","0","0.04","0.013333333","1.5","0.5","0","2.597402597","33.33333333","0","0.444444444","16.66666667","17.11111111","0","1.333333333","50","51.33333333"
"","","UGP2014NAM-OT03","","","","","","","","","UGP2014NAM-OT03-01598","","","","3","1","1","2","6","1","2","1","2","3","0.3","0.05","1","6","1","1","3","5","1.65","0.35","1.35","5","0.15","0.016666667","0.07","5","1.666666667","2","0.666666667","0.35","0.116666667","1","0.333333333","40","25.92592593","33.33333333","3.333333333","3.888888889","11.11111111","15","10","11.66666667","33.33333333","45"
"","","UGP2014NAM-OT03","","","","","","","","","UGP2014NAM-OT03-01599","","","","3","1","2","2","7","1","3","1","3","0","0.2","0","0.5","9","1","1","2","5","0","0.2","0.7","3","0.066666667","","0.066666667","3","1","3","1","0.2","0.066666667","0.5","0.166666667","100","28.57142857","33.33333333","2.222222222","2.222222222","5.555555556","7.777777778","6.666666667","6.666666667","16.66666667","23.33333333"
"","","UGP2014NAM-OT03","","","","","","","","","UGP2014NAM-OT03-01600","","","","3","0","","","","","","0","0","0","0","0","0","","","","","","","0","0","0","","","","","0","","0","","0","","0","","","0","0","0","0","0","","","",""
"","","UGP2014NAM-OT03","","","","","","","","","UGP2014NAM-OT03-01601","","","","3","2","1","2","7","2","3","2","0","0","0","0","2.5","","","","","","","0","2.5","0","","","","0","0","0","0","0","0","1.25","0.833333333","","0","66.66666667","0","0","27.77777778","27.77777778","0","0","41.66666667","41.66666667"
"","","UGP2014NAM-OT03","","","","","","","","","UGP2014NAM-OT03-01602","","","","3","3","1","3","8","2","4","1","3","4","0.4","0.08","2","2","1","1","1","5","0","0.48","2.48","7","0.133333333","0.02","0.068571429","7","2.333333333","3","1","0.48","0.16","2","0.666666667","42.85714286","19.35483871","33.33333333","4.444444444","5.333333333","22.22222222","27.55555556","13.33333333","16","66.66666667","82.66666667"
"","","UGP2014NAM-OT03","","","","","","","","","UGP2014NAM-OT03-01603","","","","3","0","","","","","","0","0","0","0","0","0","","","","","","","0","0","0","","","","","0","","0","","0","","0","","","0","0","0","0","0","","","",""
"","","UGP2014NAM-OT03","","","","","","","","","UGP2014NAM-OT03-01604","","","","3","2","1","2","9","2","3","2","0","0","0","0","2.5","","","","","","","0","2.5","0","","","","0","0","0","0","0","0","1.25","0.833333333","","0","66.66666667","0","0","27.77777778","27.77777778","0","0","41.66666667","41.66666667"
"","","UGP2014NAM-OT03","","","","","","","","","UGP2014NAM-OT03-01605","","","","3","3","1","2","6","3","6","3","0","0","0","0","0.7","","","","","","","0","0.7","0","","","","0","0","0","0","0","0","0.233333333","0.233333333","","0","100","0","0","7.777777778","7.777777778","0","0","7.777777778","7.777777778"
"","","UGP2014NAM-OT03","","","","","","","","","UGP2014NAM-OT03-01606","","","","3","0","","","","","","0","0","0","0","0","0","","","","","","","0","0","0","","","","","0","","0","","0","","0","","","0","0","0","0","0","","","",""
"","","UGP2014NAM-OT03","","","","","","","","","UGP2014NAM-OT03-01607","","","","3","2","1","2","5","4","6","2","0","0","0","0","0.5","","","","","","","0","0.5","0","","","","0","0","0","0","0","0","0.25","0.166666667","","0","66.66666667","0","0","5.555555556","5.555555556","0","0","8.333333333","8.333333333"
"","","UGP2014NAM-OT03","","","","","","","","","UGP2014NAM-OT03-01608","","","","3","2","1","2","5","4","7","2","0","0","0","0","0.7","","","","","","","0","0.7","0","","","","0","0","0","0","0","0","0.35","0.233333333","","0","66.66666667","0","0","7.777777778","7.777777778","0","0","11.66666667","11.66666667"
"","","UGP2014NAM-OT03","","","","","","","","","UGP2014NAM-OT03-01609","","","","3","1","1","2","7","1","3","1","0","0","0","0","1.7","","","","","","","0","1.7","0","","","","0","0","0","0","0","0","1.7","0.566666667","","0","33.33333333","0","0","18.88888889","18.88888889","0","0","56.66666667","56.66666667"
"","","UGP2014NAM-OT03","","","","","","","","","UGP2014NAM-OT03-01610","","","","3","2","1","2","6","3","7","2","6","0","0.26","0","1.5","9","1","1","3","7","0.15","0.26","1.76","6","0.043333333","","0.043333333","3","2","3","2","0.13","0.086666667","0.75","0.5","100","14.77272727","66.66666667","2.888888889","2.888888889","16.66666667","19.55555556","4.333333333","4.333333333","25","29.33333333"
"","","UGP2014NAM-OT03","","","","","","","","","UGP2014NAM-OT03-01611","","","","3","1","1","2","9","1","3","1","0","0","0","0","9.5","","","","","","","0","9.5","0","","","","0","0","0","0","0","0","9.5","3.166666667","","0","33.33333333","0","0","105.5555556","105.5555556","0","0","316.6666667","316.6666667"
"","","UGP2014NAM-OT03","","","","","","","","","UGP2014NAM-OT03-01612","","","","3","0","","","","","","0","0","0","0","0","0","","","","","","","0","0","0","","","","","0","","0","","0","","0","","","0","0","0","0","0","","","",""
"","","UGP2014NAM-OT03","","","","","","","","","UGP2014NAM-OT03-01613","","","","3","1","2","3","5","1","3","1","0","0","0","0","0.24","","","","","","","0","0.24","0","","","","0","0","0","0","0","0","0.24","0.08","","0","33.33333333","0","0","2.666666667","2.666666667","0","0","8","8"
"","","UGP2014NAM-OT03","","","","","","","","","UGP2014NAM-OT03-01614","","","","3","2","2","3","5","4","7","2","0","0","0","0","0.05","","","","","","","0","0.05","0","","","","0","0","0","0","0","0","0.025","0.016666667","","0","66.66666667","0","0","0.555555556","0.555555556","0","0","0.833333333","0.833333333"
"","","UGP2014NAM-OT03","","","","","","","","","UGP2014NAM-OT03-01615","","","","3","1","2","2","6","1","3","1","0","0","0","0","1","","","","","","","0","1","0","","","","0","0","0","0","0","0","1","0.333333333","","0","33.33333333","0","0","11.11111111","11.11111111","0","0","33.33333333","33.33333333"
"","","UGP2014NAM-OT03","","","","","","","","","UGP2014NAM-OT03-01616","","","","3","2","2","4","8","1","2","2","0","0","0","0","2","","","","","","","0","2","0","","","","0","0","0","0","0","0","1","0.666666667","","0","66.66666667","0","0","22.22222222","22.22222222","0","0","33.33333333","33.33333333"
"","","UGP2014NAM-OT03","","","","","","","","","UGP2014NAM-OT03-01617","","","","3","0","","","","","","0","0","0","0","0","0","","","","","","","0","0","0","","","","","0","","0","","0","","0","","","0","0","0","0","0","","","",""
"","","UGP2014NAM-OT03","","","","","","","","","UGP2014NAM-OT03-01618","","","","3","3","1","2","6","3","5","1","0","0","0","0","0.2","","","","","","","0","0.2","0","","","","0","0","0","0","0","0","0.2","0.066666667","","0","33.33333333","0","0","2.222222222","2.222222222","0","0","6.666666667","6.666666667"
"","","UGP2014NAM-OT03","","","","","","","","","UGP2014NAM-OT03-01619","","","","3","2","1","2","9","1","3","2","5","2","0.44","0.05","4.5","9","1","1","3","5","11.03","0.49","4.99","7","0.088","0.025","0.07","3.5","2.333333333","2.5","1.666666667","0.245","0.163333333","2.25","1.5","71.42857143","9.819639279","66.66666667","4.888888889","5.444444444","50","55.44444444","7.333333333","8.166666667","75","83.16666667"
"","","UGP2014NAM-OT03","","","","","","","","","UGP2014NAM-OT03-01620","","","","3","3","1","2","9","1","2","2","2","1","0.12","0.04","2.7","9","1","1","9","9","0.15","0.16","2.86","3","0.06","0.04","0.053333333","1.5","1","1","0.666666667","0.08","0.053333333","1.35","0.9","66.66666667","5.594405594","66.66666667","1.333333333","1.777777778","30","31.77777778","2","2.666666667","45","47.66666667"
"","","UGP2014NAM-OT03","","","","","","","","","UGP2014NAM-OT03-01621","","","","3","1","2","2","6","1","4","1","3","1","0.2","0.03","2.5","2","1","1","3","5","1.65","0.23","2.73","4","0.066666667","0.03","0.0575","4","1.333333333","3","1","0.23","0.076666667","2.5","0.833333333","75","8.424908425","33.33333333","2.222222222","2.555555556","27.77777778","30.33333333","6.666666667","7.666666667","83.33333333","91"
"","","UGP2014NAM-OT03","","","","","","","","","UGP2014NAM-OT03-01622","","","","3","0","","","","","","0","0","0","0","0","0","","","","","","","0","0","0","","","","","0","","0","","0","","0","","","0","0","0","0","0","","","",""
"","","UGP2014NAM-OT03","","","","","","","","","UGP2014NAM-OT03-01623","","","","3","2","1","2","6","3","6","2","2","5","0.12","0.12","1","2","1","1","2","7","0.15","0.24","1.24","7","0.06","0.024","0.034285714","3.5","2.333333333","1","0.666666667","0.12","0.08","0.5","0.333333333","28.57142857","19.35483871","66.66666667","1.333333333","2.666666667","11.11111111","13.77777778","2","4","16.66666667","20.66666667"
"","","UGP2014NAM-OT03","","","","","","","","","UGP2014NAM-OT03-01624","","","","3","2","1","2","6","2","5","2","3","0","0.64","0","1","9","1","1","5","3","0.12","0.64","1.64","3","0.213333333","","0.213333333","1.5","1","1.5","1","0.32","0.213333333","0.5","0.333333333","100","39.02439024","66.66666667","7.111111111","7.111111111","11.11111111","18.22222222","10.66666667","10.66666667","16.66666667","27.33333333"
"","","UGP2014NAM-OT03","","","","","","","","","UGP2014NAM-OT03-01625","","","","3","2","5","6","5","2","6","2","4","1","0.28","0.04","2.6","2","1","1","2","5","0.02","0.32","2.92","5","0.07","0.04","0.064","2.5","1.666666667","2","1.333333333","0.16","0.106666667","1.3","0.866666667","80","10.95890411","66.66666667","3.111111111","3.555555556","28.88888889","32.44444444","4.666666667","5.333333333","43.33333333","48.66666667"
"","","UGP2014NAM-OT03","","","","","","","","","UGP2014NAM-OT03-01626","","","","3","1","1","2","9","1","2","1","3","0","0.19","0","2.2","9","1","1","5","5","0.12","0.19","2.39","3","0.063333333","","0.063333333","3","1","3","1","0.19","0.063333333","2.2","0.733333333","100","7.949790795","33.33333333","2.111111111","2.111111111","24.44444444","26.55555556","6.333333333","6.333333333","73.33333333","79.66666667"
"","","UGP2014NAM-OT03","","","","","","","","","UGP2014NAM-OT03-01627","","","","3","2","1","2","8","1","2","2","8","5","0.48","0.04","3","9","1","1","3","7","7.76","0.52","3.52","13","0.06","0.008","0.04","6.5","4.333333333","4","2.666666667","0.26","0.173333333","1.5","1","61.53846154","14.77272727","66.66666667","5.333333333","5.777777778","33.33333333","39.11111111","8","8.666666667","50","58.66666667"
"","","UGP2014NAM-OT03","","","","","","","","","UGP2014NAM-OT03-01628","","","","3","2","1","3","9","1","2","2","1","","0.08","0.01","1.5","6","1","1","3","9","0.02","0.09","1.59","","0.08","","","","","0.5","0.333333333","0.045","0.03","0.75","0.5","","5.660377358","66.66666667","0.888888889","1","16.66666667","17.66666667","1.333333333","1.5","25","26.5"
"","","UGP2014NAM-OT03","","","","","","","","","UGP2014NAM-OT03-01629","","","","3","2","1","2","6","1","2","2","2","2","0.1","0.08","0.6","9","1","1","2","9","1.5","0.18","0.78","4","0.05","0.04","0.045","2","1.333333333","1","0.666666667","0.09","0.06","0.3","0.2","50","23.07692308","66.66666667","1.111111111","2","6.666666667","8.666666667","1.666666667","3","10","13"
"","","UGP2014NAM-OT03","","","","","","","","","UGP2014NAM-OT03-01630","","","","3","1","1","2","6","1","2","1","3","1","0.24","0.03","1.5","9","1","1","3","5","0.12","0.27","1.77","4","0.08","0.03","0.0675","4","1.333333333","3","1","0.27","0.09","1.5","0.5","75","15.25423729","33.33333333","2.666666667","3","16.66666667","19.66666667","8","9","50","59"
"","","UGP2014NAM-OT03","","","","","","","","","UGP2014NAM-OT03-01631","","","","3","0","","","","","","0","0","0","0","0","0","","","","","","","0","0","0","","","","","0","","0","","0","","0","","","0","0","0","0","0","","","",""
"","","UGP2014NAM-OT03","","","","","","","","","UGP2014NAM-OT03-01632","","","","3","3","4","6","6","2","3","1","1","2","0.05","0.05","0.9","2","1","1","2","9","0","0.1","1","3","0.05","0.025","0.033333333","3","1","1","0.333333333","0.1","0.033333333","0.9","0.3","33.33333333","10","33.33333333","0.555555556","1.111111111","10","11.11111111","1.666666667","3.333333333","30","33.33333333"
"","","UGP2014NAM-OT03","","","","","","","","","UGP2014NAM-OT03-01633","","","","3","0","","","","","","0","0","0","0","0","0","","","","","","","0","0","0","","","","","0","","0","","0","","0","","","0","0","0","0","0","","","",""
"","","UGP2014NAM-OT03","","","","","","","","","UGP2014NAM-OT03-01634","","","","3","3","2","2","7","1","2","1","0","0","0","0","0.7","","","","","","","0","0.7","0","","","","0","0","0","0","0","0","0.7","0.233333333","","0","33.33333333","0","0","7.777777778","7.777777778","0","0","23.33333333","23.33333333"
"","","UGP2014NAM-OT03","","","","","","","","","UGP2014NAM-OT03-01635","","","","3","1","2","5","6","1","2","1","0","0","0","0","0.5","","","","","","","0","0.5","0","","","","0","0","0","0","0","0","0.5","0.166666667","","0","33.33333333","0","0","5.555555556","5.555555556","0","0","16.66666667","16.66666667"
"","","UGP2014NAM-OT03","","","","","","","","","UGP2014NAM-OT03-01636","","","","3","3","2","3","5","2","5","1","3","0","0.25","0","1.5","2","1","1","3","5","0.12","0.25","1.75","3","0.083333333","","0.083333333","3","1","3","1","0.25","0.083333333","1.5","0.5","100","14.28571429","33.33333333","2.777777778","2.777777778","16.66666667","19.44444444","8.333333333","8.333333333","50","58.33333333"
"","","UGP2014NAM-OT03","","","","","","","","","UGP2014NAM-OT03-01637","","","","3","2","1","3","5","1","3","2","2","1","0.4","0.04","1.5","2","1","1","3","3","0.02","0.44","1.94","3","0.2","0.04","0.146666667","1.5","1","1","0.666666667","0.22","0.146666667","0.75","0.5","66.66666667","22.68041237","66.66666667","4.444444444","4.888888889","16.66666667","21.55555556","6.666666667","7.333333333","25","32.33333333"
"","","UGP2014NAM-OT03","","","","","","","","","UGP2014NAM-OT03-01638","","","","3","2","1","2","5","1","3","2","0","0","0","0","2","","","","","","","0","2","0","","","","0","0","0","0","0","0","1","0.666666667","","0","66.66666667","0","0","22.22222222","22.22222222","0","0","33.33333333","33.33333333"
"","","UGP2014NAM-OT03","","","","","","","","","UGP2014NAM-OT03-01640","","","","3","2","1","3","7","1","2","2","0","0","0","0","2","","","","","","","0","2","0","","","","0","0","0","0","0","0","1","0.666666667","","0","66.66666667","0","0","22.22222222","22.22222222","0","0","33.33333333","33.33333333"
"","","UGP2014NAM-OT03","","","","","","","","","UGP2014NAM-OT03-01641","","","","3","2","1","2","5","1","2","2","0","0","0","0","1","","","","","","","0","1","0","","","","0","0","0","0","0","0","0.5","0.333333333","","0","66.66666667","0","0","11.11111111","11.11111111","0","0","16.66666667","16.66666667"
"","","UGP2014NAM-OT03","","","","","","","","","UGP2014NAM-OT03-01642","","","","3","3","1","3","7","1","2","3","3","1","0.3","0.04","1.7","8","2","1","2","5","0.12","0.34","2.04","4","0.1","0.04","0.085","1.333333333","1.333333333","1","1","0.113333333","0.113333333","0.566666667","0.566666667","75","16.66666667","100","3.333333333","3.777777778","18.88888889","22.66666667","3.333333333","3.777777778","18.88888889","22.66666667"
"","","UGP2014NAM-OT03","","","","","","","","","UGP2014NAM-OT03-01643","","","","3","2","1","3","5","4","7","2","0","0","0","0","0.08","","","","","","","0","0.08","0","","","","0","0","0","0","0","0","0.04","0.026666667","","0","66.66666667","0","0","0.888888889","0.888888889","0","0","1.333333333","1.333333333"
"","","UGP2014NAM-OT03","","","","","","","","","UGP2014NAM-OT03-01644","","","","3","1","2","2","5","3","6","1","0","0","0","0","1.5","","","","","","","0","1.5","0","","","","0","0","0","0","0","0","1.5","0.5","","0","33.33333333","0","0","16.66666667","16.66666667","0","0","50","50"
"","","UGP2014NAM-OT03","","","","","","","","","UGP2014NAM-OT03-01645","","","","3","1","1","2","5","1","3","1","0","0","0","0","0.6","","","","","","","0","0.6","0","","","","0","0","0","0","0","0","0.6","0.2","","0","33.33333333","0","0","6.666666667","6.666666667","0","0","20","20"
"","","UGP2014NAM-OT03","","","","","","","","","UGP2014NAM-OT03-01646","","","","3","1","1","3","7","1","4","1","0","0","0","0","2.5","","","","","","","0","2.5","0","","","","0","0","0","0","0","0","2.5","0.833333333","","0","33.33333333","0","0","27.77777778","27.77777778","0","0","83.33333333","83.33333333"
"","","UGP2014NAM-OT03","","","","","","","","","UGP2014NAM-OT03-01647","","","","3","2","2","2","6","1","3","2","0","0","0","0","1.2","","","","","","","0","1.2","0","","","","0","0","0","0","0","0","0.6","0.4","","0","66.66666667","0","0","13.33333333","13.33333333","0","0","20","20"
"","","UGP2014NAM-OT03","","","","","","","","","UGP2014NAM-OT03-01648","","","","3","1","1","2","4","1","3","1","0","0","0","0","0.09","","","","","","","0","0.09","0","","","","0","0","0","0","0","0","0.09","0.03","","0","33.33333333","0","0","1","1","0","0","3","3"
"","","UGP2014NAM-OT03","","","","","","","","","UGP2014NAM-OT03-01649","","","","3","1","1","2","7","3","6","1","0","0","0","0","1.2","","","","","","","0","1.2","0","","","","0","0","0","0","0","0","1.2","0.4","","0","33.33333333","0","0","13.33333333","13.33333333","0","0","40","40"
"","","UGP2014NAM-OT03","","","","","","","","","UGP2014NAM-OT03-01650","","","","3","3","1","2","3","5","9","3","0","0","0","0","0.09","","","","","","","0","0.09","0","","","","0","0","0","0","0","0","0.03","0.03","","0","100","0","0","1","1","0","0","1","1"
"","","UGP2014NAM-OT03","","","","","","","","","UGP2014NAM-OT03-01651","","","","3","3","1","2","7","3","6","3","7","2","0.64","0.04","1","2","1","3","3","5","6.12","0.68","1.68","9","0.091428571","0.02","0.075555556","3","3","2.333333333","2.333333333","0.226666667","0.226666667","0.333333333","0.333333333","77.77777778","40.47619048","100","7.111111111","7.555555556","11.11111111","18.66666667","7.111111111","7.555555556","11.11111111","18.66666667"
"","","UGP2014NAM-OT03","","","","","","","","","UGP2014NAM-OT03-01652","","","","3","2","1","3","5","3","7","2","0","0","0","0","0.2","","","","","","","0","0.2","0","","","","0","0","0","0","0","0","0.1","0.066666667","","0","66.66666667","0","0","2.222222222","2.222222222","0","0","3.333333333","3.333333333"
"","","UGP2014NAM-OT03","","","","","","","","","UGP2014NAM-OT03-01653","","","","3","1","1","6","2","2","3","1","2","0","0.08","0","3","6","1","1","4","9","7.23","0.08","3.08","2","0.04","","0.04","2","0.666666667","2","0.666666667","0.08","0.026666667","3","1","100","2.597402597","33.33333333","0.888888889","0.888888889","33.33333333","34.22222222","2.666666667","2.666666667","100","102.6666667"
"","","UGP2014NAM-OT03","","","","","","","","","UGP2014NAM-OT03-01654","","","","3","0","","","","","","0","0","0","0","0","0","","","","","","","0","0","0","","","","","0","","0","","0","","0","","","0","0","0","0","0","","","",""
"","","UGP2014NAM-OT03","","","","","","","","","UGP2014NAM-OT03-01655","","","","3","2","2","2","5","2","4","2","0","0","0","0","2","","","","","","","0","2","0","","","","0","0","0","0","0","0","1","0.666666667","","0","66.66666667","0","0","22.22222222","22.22222222","0","0","33.33333333","33.33333333"
"","","UGP2014NAM-OT03","","","","","","","","","UGP2014NAM-OT03-01656","","","","3","2","2","2","5","3","6","2","1","0","0.12","0","0.8","2","1","3","3","5","0.02","0.12","0.92","1","0.12","","0.12","0.5","0.333333333","0.5","0.333333333","0.06","0.04","0.4","0.266666667","100","13.04347826","66.66666667","1.333333333","1.333333333","8.888888889","10.22222222","2","2","13.33333333","15.33333333"
"","","UGP2014NAM-OT03","","","","","","","","","UGP2014NAM-OT03-01657","","","","3","3","2","3","7","1","3","3","0","0","0","0","2.1","","","","","","","0","2.1","0","","","","0","0","0","0","0","0","0.7","0.7","","0","100","0","0","23.33333333","23.33333333","0","0","23.33333333","23.33333333"
"","","UGP2014NAM-OT03","","","","","","","","","UGP2014NAM-OT03-01658","","","","3","3","2","2","8","3","5","3","0","0","0","0","2","","","","","","","0","2","0","","","","0","0","0","0","0","0","0.666666667","0.666666667","","0","100","0","0","22.22222222","22.22222222","0","0","22.22222222","22.22222222"
"","","UGP2014NAM-OT03","","","","","","","","","UGP2014NAM-OT03-01659","","","","3","2","2","3","7","1","3","2","0","0","0","0","1.5","","","","","","","0","1.5","0","","","","0","0","0","0","0","0","0.75","0.5","","0","66.66666667","0","0","16.66666667","16.66666667","0","0","25","25"
"","","UGP2014NAM-OT03","","","","","","","","","UGP2014NAM-OT03-01660","","","","3","0","","","","","","0","0","0","0","0","0","","","","","","","0","0","0","","","","","0","","0","","0","","0","","","0","0","0","0","0","","","",""
"","","UGP2014NAM-OT03","","","","","","","","","UGP2014NAM-OT03-01661","","","","3","3","2","2","9","2","3","3","12","12","0.8","0.2","6","9","1","1","2","7","0.15","1","7","24","0.066666667","0.016666667","0.041666667","8","8","4","4","0.333333333","0.333333333","2","2","50","14.28571429","100","8.888888889","11.11111111","66.66666667","77.77777778","8.888888889","11.11111111","66.66666667","77.77777778"
"","","UGP2014NAM-OT03","","","","","","","","","UGP2014NAM-OT03-01662","","","","3","3","2","4","7","1","3","3","0","0","0","0","1.5","","","","","","","0","1.5","0","","","","0","0","0","0","0","0","0.5","0.5","","0","100","0","0","16.66666667","16.66666667","0","0","16.66666667","16.66666667"
"","","UGP2014NAM-OT03","","","","","","","","","UGP2014NAM-OT03-01663","","","","3","1","2","3","7","3","6","1","0","0","0","0","1.3","","","","","","","0","1.3","0","","","","0","0","0","0","0","0","1.3","0.433333333","","0","33.33333333","0","0","14.44444444","14.44444444","0","0","43.33333333","43.33333333"
"","","UGP2014NAM-OT03","","","","","","","","","UGP2014NAM-OT03-01664","","","","3","1","2","3","7","2","4","1","0","5","0","0.1","3","6","1","1","8","9","0.15","0.1","3.1","5","","0.02","0.02","5","1.666666667","0","0","0.1","0.033333333","3","1","0","3.225806452","33.33333333","0","1.111111111","33.33333333","34.44444444","0","3.333333333","100","103.3333333"
"","","UGP2014NAM-OT03","","","","","","","","","UGP2014NAM-OT03-01665","","","","3","2","2","2","7","1","2","2","11","5","1.5","0.08","5.5","9","1","1","3","5","4.92","1.58","7.08","16","0.136363636","0.016","0.09875","8","5.333333333","5.5","3.666666667","0.79","0.526666667","2.75","1.833333333","68.75","22.31638418","66.66666667","16.66666667","17.55555556","61.11111111","78.66666667","25","26.33333333","91.66666667","118"
"","","UGP2014NAM-OT03","","","","","","","","","UGP2014NAM-OT03-01666","","","","3","3","2","2","7","1","3","3","3","0","0.68","0","1","2","1","1","5","3","0.15","0.68","1.68","3","0.226666667","","0.226666667","1","1","1","1","0.226666667","0.226666667","0.333333333","0.333333333","100","40.47619048","100","7.555555556","7.555555556","11.11111111","18.66666667","7.555555556","7.555555556","11.11111111","18.66666667"
"","","UGP2014NAM-OT03","","","","","","","","","UGP2014NAM-OT03-01667","","","","3","2","2","2","9","1","2","2","6","2","1.44","0.08","4.6","9","1","1","2","3","3.03","1.52","6.12","8","0.24","0.04","0.19","4","2.666666667","3","2","0.76","0.506666667","2.3","1.533333333","75","24.83660131","66.66666667","16","16.88888889","51.11111111","68","24","25.33333333","76.66666667","102"
"","","UGP2014NAM-OT03","","","","","","","","","UGP2014NAM-OT03-01668","","","","3","3","2","7","7","1","3","3","0","1","0","0.01","4.5","8","1","1","9","9","0","0.01","4.51","1","","0.01","0.01","0.333333333","0.333333333","0","0","0.003333333","0.003333333","1.5","1.5","0","0.22172949","100","0","0.111111111","50","50.11111111","0","0.111111111","50","50.11111111"
"","","UGP2014NAM-OT03","","","","","","","","","UGP2014NAM-OT03-01669","","","","3","2","2","6","6","2","3","2","0","0","0","0","6.5","","","","","","","0","6.5","0","","","","0","0","0","0","0","0","3.25","2.166666667","","0","66.66666667","0","0","72.22222222","72.22222222","0","0","108.3333333","108.3333333"
"","","UGP2014NAM-OT03","","","","","","","","","UGP2014NAM-OT03-01670","","","","3","2","2","3","7","1","3","2","5","0","1.5","0","2.5","5","2","1","4","1","0","1.5","4","5","0.3","","0.3","2.5","1.666666667","2.5","1.666666667","0.75","0.5","1.25","0.833333333","100","37.5","66.66666667","16.66666667","16.66666667","27.77777778","44.44444444","25","25","41.66666667","66.66666667"
"","","UGP2014NAM-OT03","","","","","","","","","UGP2014NAM-OT03-01671","","","","3","0","","","","","","0","0","0","0","0","0","","","","","","","0","0","0","","","","","0","","0","","0","","0","","","0","0","0","0","0","","","",""
"","","UGP2014NAM-OT03","","","","","","","","","UGP2014NAM-OT03-01672","","","","3","2","2","3","8","2","3","2","1","2","0.1","0.04","6.5","6","1","1","3","5","3.96","0.14","6.64","3","0.1","0.02","0.046666667","1.5","1","0.5","0.333333333","0.07","0.046666667","3.25","2.166666667","33.33333333","2.108433735","66.66666667","1.111111111","1.555555556","72.22222222","73.77777778","1.666666667","2.333333333","108.3333333","110.6666667"
"","","UGP2014NAM-OT03","","","","","","","","","UGP2014NAM-OT03-01673","","","","3","1","2","6","8","1","3","1","2","0","0.8","0","1","2","1","1","5","1","0.15","0.8","1.8","2","0.4","","0.4","2","0.666666667","2","0.666666667","0.8","0.266666667","1","0.333333333","100","44.44444444","33.33333333","8.888888889","8.888888889","11.11111111","20","26.66666667","26.66666667","33.33333333","60"
"","","UGP2014NAM-OT03","","","","","","","","","UGP2014NAM-OT03-01674","","","","3","1","2","2","7","1","2","1","0","0","0","0","1.5","","","","","","","0","1.5","0","","","","0","0","0","0","0","0","1.5","0.5","","0","33.33333333","0","0","16.66666667","16.66666667","0","0","50","50"
"","","UGP2014NAM-OT03","","","","","","","","","UGP2014NAM-OT03-01675","","","","3","0","","","","","","0","0","0","0","0","0","","","","","","","0","0","0","","","","","0","","0","","0","","0","","","0","0","0","0","0","","","",""
"","","UGP2014NAM-OT03","","","","","","","","","UGP2014NAM-OT03-01676","","","","3","3","2","3","7","1","2","3","1","0","0.1","0","1","9","1","1","1","5","0","0.1","1.1","1","0.1","","0.1","0.333333333","0.333333333","0.333333333","0.333333333","0.033333333","0.033333333","0.333333333","0.333333333","100","9.090909091","100","1.111111111","1.111111111","11.11111111","12.22222222","1.111111111","1.111111111","11.11111111","12.22222222"
"","","UGP2014NAM-OT03","","","","","","","","","UGP2014NAM-OT03-01677","","","","3","2","2","6","6","2","4","2","0","0","0","0","1.5","","","","","","","0","1.5","0","","","","0","0","0","0","0","0","0.75","0.5","","0","66.66666667","0","0","16.66666667","16.66666667","0","0","25","25"
"","","UGP2014NAM-OT03","","","","","","","","","UGP2014NAM-OT03-01678","","","","3","2","2","2","6","1","3","1","0","0","0","0","1.5","","","","","","","0","1.5","0","","","","0","0","0","0","0","0","1.5","0.5","","0","33.33333333","0","0","16.66666667","16.66666667","0","0","50","50"
"","","UGP2014NAM-OT03","","","","","","","","","UGP2014NAM-OT03-01679","","","","3","1","2","4","5","1","3","1","0","0","0","0","0.9","","","","","","","0","0.9","0","","","","0","0","0","0","0","0","0.9","0.3","","0","33.33333333","0","0","10","10","0","0","30","30"
"","","UGP2014NAM-OT03","","","","","","","","","UGP2014NAM-OT03-01680","","","","3","3","2","3","6","2","4","3","6","17","0.64","0.28","5","9","1","1","9","5","0","0.92","5.92","23","0.106666667","0.016470588","0.04","7.666666667","7.666666667","2","2","0.306666667","0.306666667","1.666666667","1.666666667","26.08695652","15.54054054","100","7.111111111","10.22222222","55.55555556","65.77777778","7.111111111","10.22222222","55.55555556","65.77777778"
"","","UGP2014NAM-OT03","","","","","","","","","UGP2014NAM-OT03-01682","","","","3","2","2","2","6","1","3","2","0","0","0","0","1.5","","","","","","","0","1.5","0","","","","0","0","0","0","0","0","0.75","0.5","","0","66.66666667","0","0","16.66666667","16.66666667","0","0","25","25"
"","","UGP2014NAM-OT03","","","","","","","","","UGP2014NAM-OT03-01683","","","","3","2","2","2","6","3","5","1","0","0","0","0","1.7","","","","","","","0","1.7","0","","","","0","0","0","0","0","0","1.7","0.566666667","","0","33.33333333","0","0","18.88888889","18.88888889","0","0","56.66666667","56.66666667"
"","","UGP2014NAM-OT03","","","","","","","","","UGP2014NAM-OT03-01685","","","","3","2","2","2","6","1","3","2","1","0","0.1","0","1","2","1","1","3","7","0.12","0.1","1.1","1","0.1","","0.1","0.5","0.333333333","0.5","0.333333333","0.05","0.033333333","0.5","0.333333333","100","9.090909091","66.66666667","1.111111111","1.111111111","11.11111111","12.22222222","1.666666667","1.666666667","16.66666667","18.33333333"
"","","UGP2014NAM-OT03","","","","","","","","","UGP2014NAM-OT03-01687","","","","3","2","2","2","5","3","5","2","3","1","0.5","0.04","0.1","2","1","1","2","5","0","0.54","0.64","4","0.166666667","0.04","0.135","2","1.333333333","1.5","1","0.27","0.18","0.05","0.033333333","75","84.375","66.66666667","5.555555556","6","1.111111111","7.111111111","8.333333333","9","1.666666667","10.66666667"
"","","UGP2014NAM-OT03","","","","","","","","","UGP2014NAM-OT03-01688","","","","3","2","2","2","7","2","4","2","2","0","0.7","0","5","6","1","1","5","1","1.5","0.7","5.7","2","0.35","","0.35","1","0.666666667","1","0.666666667","0.35","0.233333333","2.5","1.666666667","100","12.28070175","66.66666667","7.777777778","7.777777778","55.55555556","63.33333333","11.66666667","11.66666667","83.33333333","95"
"","","UGP2014NAM-OT03","","","","","","","","","UGP2014NAM-OT03-01689","","","","3","3","2","2","7","2","3","3","4","1","0.5","0.02","1.2","9","1","1","3","5","0","0.52","1.72","5","0.125","0.02","0.104","1.666666667","1.666666667","1.333333333","1.333333333","0.173333333","0.173333333","0.4","0.4","80","30.23255814","100","5.555555556","5.777777778","13.33333333","19.11111111","5.555555556","5.777777778","13.33333333","19.11111111"
"","","UGP2014NAM-OT03","","","","","","","","","UGP2014NAM-OT03-01690","","","","3","2","2","3","5","3","4","2","0","0","0","0","3","","","","","","","0","3","0","","","","0","0","0","0","0","0","1.5","1","","0","66.66666667","0","0","33.33333333","33.33333333","0","0","50","50"
"","","UGP2014NAM-OT03","","","","","","","","","UGP2014NAM-OT03-01691","","","","3","2","2","3","6","3","6","2","0","0","0","0","2","","","","","","","0","2","0","","","","0","0","0","0","0","0","1","0.666666667","","0","66.66666667","0","0","22.22222222","22.22222222","0","0","33.33333333","33.33333333"
"","","UGP2014NAM-OT03","","","","","","","","","UGP2014NAM-OT03-01692","","","","3","3","2","6","5","1","3","3","0","0","0","0","2.1","","","","","","","0","2.1","0","","","","0","0","0","0","0","0","0.7","0.7","","0","100","0","0","23.33333333","23.33333333","0","0","23.33333333","23.33333333"
"","","UGP2014NAM-OT03","","","","","","","","","UGP2014NAM-OT03-01693","","","","3","3","2","2","7","4","6","3","2","0","0.12","0","1.3","2","1","1","3","9","0.12","0.12","1.42","2","0.06","","0.06","0.666666667","0.666666667","0.666666667","0.666666667","0.04","0.04","0.433333333","0.433333333","100","8.450704225","100","1.333333333","1.333333333","14.44444444","15.77777778","1.333333333","1.333333333","14.44444444","15.77777778"
"","","UGP2014NAM-OT03","","","","","","","","","UGP2014NAM-OT03-01694","","","","3","2","2","3","6","1","3","2","2","0","0.4","0","1.4","8","1","1","4","3","0.12","0.4","1.8","2","0.2","","0.2","1","0.666666667","1","0.666666667","0.2","0.133333333","0.7","0.466666667","100","22.22222222","66.66666667","4.444444444","4.444444444","15.55555556","20","6.666666667","6.666666667","23.33333333","30"
"","","UGP2014NAM-OT03","","","","","","","","","UGP2014NAM-OT03-01695","","","","3","2","2","2","8","3","6","2","5","4","0.36","0.1","4.5","6","3","1","3","7","0","0.46","4.96","9","0.072","0.025","0.051111111","4.5","3","2.5","1.666666667","0.23","0.153333333","2.25","1.5","55.55555556","9.274193548","66.66666667","4","5.111111111","50","55.11111111","6","7.666666667","75","82.66666667"
"","","UGP2014NAM-OT03","","","","","","","","","UGP2014NAM-OT03-01696","","","","3","1","2","3","5","2","6","1","0","0","0","0","0.5","","","","","","","0","0.5","0","","","","0","0","0","0","0","0","0.5","0.166666667","","0","33.33333333","0","0","5.555555556","5.555555556","0","0","16.66666667","16.66666667"
"","","UGP2014NAM-OT03","","","","","","","","","UGP2014NAM-OT03-01697","","","","3","1","2","2","4","1","3","1","0","0","0","0","0.01","","","","","","","0","0.01","0","","","","0","0","0","0","0","0","0.01","0.003333333","","0","33.33333333","0","0","0.111111111","0.111111111","0","0","0.333333333","0.333333333"
"","","UGP2014NAM-OT03","","","","","","","","","UGP2014NAM-OT03-01698","","","","3","1","2","3","9","1","2","1","2","0","0.8","0","3","8","1","1","5","1","7.76","0.8","3.8","2","0.4","","0.4","2","0.666666667","2","0.666666667","0.8","0.266666667","3","1","100","21.05263158","33.33333333","8.888888889","8.888888889","33.33333333","42.22222222","26.66666667","26.66666667","100","126.6666667"
"","","UGP2014NAM-OT03","","","","","","","","","UGP2014NAM-OT03-01699","","","","3","2","2","2","7","2","4","2","2","0","0.8","0","2","8","1","1","4","1","7.76","0.8","2.8","2","0.4","","0.4","1","0.666666667","1","0.666666667","0.4","0.266666667","1","0.666666667","100","28.57142857","66.66666667","8.888888889","8.888888889","22.22222222","31.11111111","13.33333333","13.33333333","33.33333333","46.66666667"
"","","UGP2014NAM-OT03","","","","","","","","","UGP2014NAM-OT03-01700","","","","3","3","2","2","5","3","6","3","3","1","0.52","0.04","1","2","3","1","2","3","0.15","0.56","1.56","4","0.173333333","0.04","0.14","1.333333333","1.333333333","1","1","0.186666667","0.186666667","0.333333333","0.333333333","75","35.8974359","100","5.777777778","6.222222222","11.11111111","17.33333333","5.777777778","6.222222222","11.11111111","17.33333333"
"","","UGP2014NAM-OT03","","","","","","","","","UGP2014NAM-OT03-01701","","","","3","0","","","","","","0","0","0","0","0","0","","","","","","","0","0","0","","","","","0","","0","","0","","0","","","0","0","0","0","0","","","",""
"","","UGP2014NAM-OT03","","","","","","","","","UGP2014NAM-OT03-01702","","","","3","1","2","2","7","3","6","1","4","0","0.48","0","3.5","2","2","1","9","5","0","0.48","3.98","4","0.12","","0.12","4","1.333333333","4","1.333333333","0.48","0.16","3.5","1.166666667","100","12.06030151","33.33333333","5.333333333","5.333333333","38.88888889","44.22222222","16","16","116.6666667","132.6666667"
"","","UGP2014NAM-OT03","","","","","","","","","UGP2014NAM-OT03-01703","","","","3","2","2","2","8","1","2","2","0","0","0","0","2.5","","","","","","","0","2.5","0","","","","0","0","0","0","0","0","1.25","0.833333333","","0","66.66666667","0","0","27.77777778","27.77777778","0","0","41.66666667","41.66666667"
"","","UGP2014NAM-OT03","","","","","","","","","UGP2014NAM-OT03-01704","","","","3","2","2","2","8","1","3","2","0","0","0","0","3","","","","","","","0","3","0","","","","0","0","0","0","0","0","1.5","1","","0","66.66666667","0","0","33.33333333","33.33333333","0","0","50","50"
"","","UGP2014NAM-OT03","","","","","","","","","UGP2014NAM-OT03-01705","","","","3","2","2","2","4","1","4","2","0","0","0","0","0.16","","","","","","","0","0.16","0","","","","0","0","0","0","0","0","0.08","0.053333333","","0","66.66666667","0","0","1.777777778","1.777777778","0","0","2.666666667","2.666666667"
"","","UGP2014NAM-OT03","","","","","","","","","UGP2014NAM-OT03-01706","","","","3","0","","","","","","0","0","0","0","0","0","","","","","","","0","0","0","","","","","0","","0","","0","","0","","","0","0","0","0","0","","","",""
"","","UGP2014NAM-OT03","","","","","","","","","UGP2014NAM-OT03-01707","","","","3","0","","","","","","0","0","0","0","0","0","","","","","","","0","0","0","","","","","0","","0","","0","","0","","","0","0","0","0","0","","","",""
"","","UGP2014NAM-OT03","","","","","","","","","UGP2014NAM-OT03-01708","","","","3","0","","","","","","0","0","0","0","0","0","","","","","","","0","0","0","","","","","0","","0","","0","","0","","","0","0","0","0","0","","","",""
"","","UGP2014NAM-OT03","","","","","","","","","UGP2014NAM-OT03-01709","","","","3","2","2","2","6","1","2","2","8","5","1.2","0.09","1.5","9","2","1","7","3","0.15","1.29","2.79","13","0.15","0.018","0.099230769","6.5","4.333333333","4","2.666666667","0.645","0.43","0.75","0.5","61.53846154","46.23655914","66.66666667","13.33333333","14.33333333","16.66666667","31","20","21.5","25","46.5"
"","","UGP2014NAM-OT03","","","","","","","","","UGP2014NAM-OT03-01710","","","","3","3","2","3","8","1","3","3","0","0","0","0","5","","","","","","","0","5","0","","","","0","0","0","0","0","0","1.666666667","1.666666667","","0","100","0","0","55.55555556","55.55555556","0","0","55.55555556","55.55555556"
"","","UGP2014NAM-OT03","","","","","","","","","UGP2014NAM-OT03-01711","","","","3","3","2","3","8","2","4","3","3","0","0.4","0","4","9","2","1","2","3","1.65","0.4","4.4","3","0.133333333","","0.133333333","1","1","1","1","0.133333333","0.133333333","1.333333333","1.333333333","100","9.090909091","100","4.444444444","4.444444444","44.44444444","48.88888889","4.444444444","4.444444444","44.44444444","48.88888889"
"","","UGP2014NAM-OT03","","","","","","","","","UGP2014NAM-OT03-01712","","","","3","3","2","6","7","1","3","3","2","0","0.2","0","5","2","2","1","3","5","0.02","0.2","5.2","2","0.1","","0.1","0.666666667","0.666666667","0.666666667","0.666666667","0.066666667","0.066666667","1.666666667","1.666666667","100","3.846153846","100","2.222222222","2.222222222","55.55555556","57.77777778","2.222222222","2.222222222","55.55555556","57.77777778"
"","","UGP2014NAM-OT03","","","","","","","","","UGP2014NAM-OT03-01713","","","","3","2","2","3","8","2","4","2","1","0","0.08","0","3","9","1","1","8","9","0.02","0.08","3.08","1","0.08","","0.08","0.5","0.333333333","0.5","0.333333333","0.04","0.026666667","1.5","1","100","2.597402597","66.66666667","0.888888889","0.888888889","33.33333333","34.22222222","1.333333333","1.333333333","50","51.33333333"
"","","UGP2014NAM-OT03","","","","","","","","","UGP2014NAM-OT03-01714","","","","3","2","2","3","8","1","3","2","11","8","2.3","0.18","2.5","8","2","1","8","3","1.5","2.48","4.98","19","0.209090909","0.0225","0.130526316","9.5","6.333333333","5.5","3.666666667","1.24","0.826666667","1.25","0.833333333","57.89473684","49.79919679","66.66666667","25.55555556","27.55555556","27.77777778","55.33333333","38.33333333","41.33333333","41.66666667","83"
"","","UGP2014NAM-OT03","","","","","","","","","UGP2014NAM-OT03-01715","","","","3","2","2","7","7","1","3","2","3","1","0.84","0.04","2.4","8","1","1","5","1","0","0.88","3.28","4","0.28","0.04","0.22","2","1.333333333","1.5","1","0.44","0.293333333","1.2","0.8","75","26.82926829","66.66666667","9.333333333","9.777777778","26.66666667","36.44444444","14","14.66666667","40","54.66666667"
"","","UGP2014NAM-OT03","","","","","","","","","UGP2014NAM-OT03-01716","","","","3","2","2","2","5","1","3","2","3","3","0.5","0.08","1","6","1","1","6","3","14.37","0.58","1.58","6","0.166666667","0.026666667","0.096666667","3","2","1.5","1","0.29","0.193333333","0.5","0.333333333","50","36.70886076","66.66666667","5.555555556","6.444444444","11.11111111","17.55555556","8.333333333","9.666666667","16.66666667","26.33333333"
"","","UGP2014NAM-OT03","","","","","","","","","UGP2014NAM-OT03-01717","","","","3","2","2","3","7","1","3","2","10","10","0.64","0.16","1.5","9","1","1","2","5","0","0.8","2.3","20","0.064","0.016","0.04","10","6.666666667","5","3.333333333","0.4","0.266666667","0.75","0.5","50","34.7826087","66.66666667","7.111111111","8.888888889","16.66666667","25.55555556","10.66666667","13.33333333","25","38.33333333"
"","","UGP2014NAM-OT03","","","","","","","","","UGP2014NAM-OT03-01718","","","","3","2","2","6","6","1","3","2","1","0","0.08","0","2","2","1","1","3","7","0","0.08","2.08","1","0.08","","0.08","0.5","0.333333333","0.5","0.333333333","0.04","0.026666667","1","0.666666667","100","3.846153846","66.66666667","0.888888889","0.888888889","22.22222222","23.11111111","1.333333333","1.333333333","33.33333333","34.66666667"
"","","UGP2014NAM-OT03","","","","","","","","","UGP2014NAM-OT03-01719","","","","3","2","2","3","5","1","2","2","1","5","0.08","0.02","4.8","2","1","1","3","9","0.02","0.1","4.9","6","0.08","0.004","0.016666667","3","2","0.5","0.333333333","0.05","0.033333333","2.4","1.6","16.66666667","2.040816327","66.66666667","0.888888889","1.111111111","53.33333333","54.44444444","1.333333333","1.666666667","80","81.66666667"
"","","UGP2014NAM-OT03","","","","","","","","","UGP2014NAM-OT03-01720","","","","3","2","2","2","7","2","4","2","3","4","0.25","0.1","0.2","8","1","1","4","5","0.02","0.35","0.55","7","0.083333333","0.025","0.05","3.5","2.333333333","1.5","1","0.175","0.116666667","0.1","0.066666667","42.85714286","63.63636364","66.66666667","2.777777778","3.888888889","2.222222222","6.111111111","4.166666667","5.833333333","3.333333333","9.166666667"
"","","UGP2014NAM-OT03","","","","","","","","","UGP2014NAM-OT03-01721","","","","3","2","2","4","8","1","3","2","1","2","0.08","0.08","6.8","9","1","1","1","9","0.02","0.16","6.96","3","0.08","0.04","0.053333333","1.5","1","0.5","0.333333333","0.08","0.053333333","3.4","2.266666667","33.33333333","2.298850575","66.66666667","0.888888889","1.777777778","75.55555556","77.33333333","1.333333333","2.666666667","113.3333333","116"
"","","UGP2014NAM-OT03","","","","","","","","","UGP2014NAM-OT03-01722","","","","3","1","2","3","7","3","5","1","1","0","0.24","0","3.5","9","1","1","1","3","0","0.24","3.74","1","0.24","","0.24","1","0.333333333","1","0.333333333","0.24","0.08","3.5","1.166666667","100","6.417112299","33.33333333","2.666666667","2.666666667","38.88888889","41.55555556","8","8","116.6666667","124.6666667"
"","","UGP2014NAM-OT03","","","","","","","","","UGP2014NAM-OT03-01723","","","","3","1","2","3","7","1","3","1","2","0","0.1","0","2.5","2","1","1","2","7","0.12","0.1","2.6","2","0.05","","0.05","2","0.666666667","2","0.666666667","0.1","0.033333333","2.5","0.833333333","100","3.846153846","33.33333333","1.111111111","1.111111111","27.77777778","28.88888889","3.333333333","3.333333333","83.33333333","86.66666667"
"","","UGP2014NAM-OT03","","","","","","","","","UGP2014NAM-OT03-01724","","","","3","2","2","4","9","1","3","2","2","2","0.09","0.08","2.5","9","1","1","3","9","3.03","0.17","2.67","4","0.045","0.04","0.0425","2","1.333333333","1","0.666666667","0.085","0.056666667","1.25","0.833333333","50","6.367041199","66.66666667","1","1.888888889","27.77777778","29.66666667","1.5","2.833333333","41.66666667","44.5"
"","","UGP2014NAM-OT03","","","","","","","","","UGP2014NAM-OT03-01725","","","","3","3","2","6","9","1","2","3","0","0","0","0","3.5","","","","","","","0","3.5","0","","","","0","0","0","0","0","0","1.166666667","1.166666667","","0","100","0","0","38.88888889","38.88888889","0","0","38.88888889","38.88888889"
"","","UGP2014NAM-OT03","","","","","","","","","UGP2014NAM-OT03-01726","","","","3","2","2","2","5","3","6","2","0","0","0","0","0.1","","","","","","","0","0.1","0","","","","0","0","0","0","0","0","0.05","0.033333333","","0","66.66666667","0","0","1.111111111","1.111111111","0","0","1.666666667","1.666666667"
"","","UGP2014NAM-OT03","","","","","","","","","UGP2014NAM-OT03-01727","","","","3","1","2","2","5","1","2","1","0","0","0","0","0.5","","","","","","","0","0.5","0","","","","0","0","0","0","0","0","0.5","0.166666667","","0","33.33333333","0","0","5.555555556","5.555555556","0","0","16.66666667","16.66666667"
"","","UGP2014NAM-OT03","","","","","","","","","UGP2014NAM-OT03-01728","","","","3","2","2","2","6","1","3","2","0","0","0","0","1.5","","","","","","","0","1.5","0","","","","0","0","0","0","0","0","0.75","0.5","","0","66.66666667","0","0","16.66666667","16.66666667","0","0","25","25"
"","","UGP2014NAM-OT03","","","","","","","","","UGP2014NAM-OT03-01729","","","","3","2","1","2","5","1","3","2","0","0","0","0","4.5","","","","","","","0","4.5","0","","","","0","0","0","0","0","0","2.25","1.5","","0","66.66666667","0","0","50","50","0","0","75","75"
"","","UGP2014NAM-OT03","","","","","","","","","UGP2014NAM-OT03-01730","","","","3","3","1","3","6","1","3","3","0","0","0","0","1.7","","","","","","","0","1.7","0","","","","0","0","0","0","0","0","0.566666667","0.566666667","","0","100","0","0","18.88888889","18.88888889","0","0","18.88888889","18.88888889"
"","","UGP2014NAM-OT03","","","","","","","","","UGP2014NAM-OT03-01731","","","","3","1","2","3","6","2","4","1","5","4","0.4","0.1","11","2","1","1","2","5","0.12","0.5","11.5","9","0.08","0.025","0.055555556","9","3","5","1.666666667","0.5","0.166666667","11","3.666666667","55.55555556","4.347826087","33.33333333","4.444444444","5.555555556","122.2222222","127.7777778","13.33333333","16.66666667","366.6666667","383.3333333"
"","","UGP2014NAM-OT03","","","","","","","","","UGP2014NAM-OT03-01732","","","","3","1","2","2","5","1","2","1","4","2","0.5","0.08","0.7","2","1","1","4","5","0","0.58","1.28","6","0.125","0.04","0.096666667","6","2","4","1.333333333","0.58","0.193333333","0.7","0.233333333","66.66666667","45.3125","33.33333333","5.555555556","6.444444444","7.777777778","14.22222222","16.66666667","19.33333333","23.33333333","42.66666667"
"","","UGP2014NAM-OT03","","","","","","","","","UGP2014NAM-OT03-01733","","","","3","2","2","3","5","3","5","2","0","0","0","0","1","","","","","","","0","1","0","","","","0","0","0","0","0","0","0.5","0.333333333","","0","66.66666667","0","0","11.11111111","11.11111111","0","0","16.66666667","16.66666667"
"","","UGP2014NAM-OT03","","","","","","","","","UGP2014NAM-OT03-01734","","","","3","2","2","2","5","1","3","2","0","0","0","0","1.5","","","","","","","0","1.5","0","","","","0","0","0","0","0","0","0.75","0.5","","0","66.66666667","0","0","16.66666667","16.66666667","0","0","25","25"
"","","UGP2014NAM-OT03","","","","","","","","","UGP2014NAM-OT03-01735","","","","3","0","","","","","","0","0","0","0","0","0","","","","","","","0","0","0","","","","","0","","0","","0","","0","","","0","0","0","0","0","","","",""
"","","UGP2014NAM-OT03","","","","","","","","","UGP2014NAM-OT03-01736","","","","3","2","2","2","9","1","3","2","0","0","0","0","4.5","","","","","","","0","4.5","0","","","","0","0","0","0","0","0","2.25","1.5","","0","66.66666667","0","0","50","50","0","0","75","75"
"","","UGP2014NAM-OT03","","","","","","","","","UGP2014NAM-OT03-01737","","","","3","1","1","2","6","1","3","1","0","0","0","0","1","","","","","","","0","1","0","","","","0","0","0","0","0","0","1","0.333333333","","0","33.33333333","0","0","11.11111111","11.11111111","0","0","33.33333333","33.33333333"
"","","UGP2014NAM-OT03","","","","","","","","","UGP2014NAM-OT03-01738","","","","3","1","2","3","6","1","3","1","1","1","0.08","0.03","0.7","6","1","1","2","9","11.03","0.11","0.81","2","0.08","0.03","0.055","2","0.666666667","1","0.333333333","0.11","0.036666667","0.7","0.233333333","50","13.58024691","33.33333333","0.888888889","1.222222222","7.777777778","9","2.666666667","3.666666667","23.33333333","27"
"","","UGP2014NAM-OT03","","","","","","","","","UGP2014NAM-OT03-01739","","","","3","2","2","3","3","5","9","2","0","0","0","0","0.1","","","","","","","0","0.1","0","","","","0","0","0","0","0","0","0.05","0.033333333","","0","66.66666667","0","0","1.111111111","1.111111111","0","0","1.666666667","1.666666667"
"","","UGP2014NAM-OT03","","","","","","","","","UGP2014NAM-OT03-01740","","","","3","2","1","2","7","3","7","2","0","0","0","0","2.2","","","","","","","0","2.2","0","","","","0","0","0","0","0","0","1.1","0.733333333","","0","66.66666667","0","0","24.44444444","24.44444444","0","0","36.66666667","36.66666667"
"","","UGP2014NAM-OT03","","","","","","","","","UGP2014NAM-OT03-01741","","","","3","2","2","3","6","2","5","2","3","0","0.4","0","1","2","1","1","3","5","0","0.4","1.4","3","0.133333333","","0.133333333","1.5","1","1.5","1","0.2","0.133333333","0.5","0.333333333","100","28.57142857","66.66666667","4.444444444","4.444444444","11.11111111","15.55555556","6.666666667","6.666666667","16.66666667","23.33333333"
"","","UGP2014NAM-OT03","","","","","","","","","UGP2014NAM-OT03-01742","","","","3","1","1","2","8","2","5","1","4","0","0.2","0","1","9","1","1","3","7","0","0.2","1.2","4","0.05","","0.05","4","1.333333333","4","1.333333333","0.2","0.066666667","1","0.333333333","100","16.66666667","33.33333333","2.222222222","2.222222222","11.11111111","13.33333333","6.666666667","6.666666667","33.33333333","40"
"","","UGP2014NAM-OT03","","","","","","","","","UGP2014NAM-OT03-01743","","","","3","0","","","","","","0","0","0","0","0","0","","","","","","","0","0","0","","","","","0","","0","","0","","0","","","0","0","0","0","0","","","",""
"","","UGP2014NAM-OT03","","","","","","","","","UGP2014NAM-OT03-01744","","","","3","1","2","2","8","1","2","1","0","0","0","0","0.9","","","","","","","0","0.9","0","","","","0","0","0","0","0","0","0.9","0.3","","0","33.33333333","0","0","10","10","0","0","30","30"
"","","UGP2014NAM-OT03","","","","","","","","","UGP2014NAM-OT03-01745","","","","3","2","2","2","5","3","7","2","1","3","0.1","0.02","0.09","2","1","1","9","9","0","0.12","0.21","4","0.1","0.006666667","0.03","2","1.333333333","0.5","0.333333333","0.06","0.04","0.045","0.03","25","57.14285714","66.66666667","1.111111111","1.333333333","1","2.333333333","1.666666667","2","1.5","3.5"
"","","UGP2014NAM-OT03","","","","","","","","","UGP2014NAM-OT03-01746","","","","3","1","3","6","9","2","4","1","1","1","0.08","0.04","4.5","6","1","1","2","5","1.17","0.12","4.62","2","0.08","0.04","0.06","2","0.666666667","1","0.333333333","0.12","0.04","4.5","1.5","50","2.597402597","33.33333333","0.888888889","1.333333333","50","51.33333333","2.666666667","4","150","154"
"","","UGP2014NAM-OT03","","","","","","","","","UGP2014NAM-OT03-01747","","","","3","2","2","2","6","1","3","2","1","0","0.02","0","1.8","2","1","1","2","5","0","0.02","1.82","1","0.02","","0.02","0.5","0.333333333","0.5","0.333333333","0.01","0.006666667","0.9","0.6","100","1.098901099","66.66666667","0.222222222","0.222222222","20","20.22222222","0.333333333","0.333333333","30","30.33333333"
"","","UGP2014NAM-OT03","","","","","","","","","UGP2014NAM-OT03-01748","","","","3","2","1","3","6","1","3","2","0","0","0","0","1.7","","","","","","","0","1.7","0","","","","0","0","0","0","0","0","0.85","0.566666667","","0","66.66666667","0","0","18.88888889","18.88888889","0","0","28.33333333","28.33333333"
"","","UGP2014NAM-OT03","","","","","","","","","UGP2014NAM-OT03-01749","","","","3","2","1","2","9","1","3","2","4","0","0.98","0","6","2","1","3","4","1","0","0.98","6.98","4","0.245","","0.245","2","1.333333333","2","1.333333333","0.49","0.326666667","3","2","100","14.04011461","66.66666667","10.88888889","10.88888889","66.66666667","77.55555556","16.33333333","16.33333333","100","116.3333333"
"","","UGP2014NAM-OT03","","","","","","","","","UGP2014NAM-OT03-01750","","","","3","2","1","2","6","3","4","2","4","0","2.7","0","1","2","1","1","5","1","0","2.7","3.7","4","0.675","","0.675","2","1.333333333","2","1.333333333","1.35","0.9","0.5","0.333333333","100","72.97297297","66.66666667","30","30","11.11111111","41.11111111","45","45","16.66666667","61.66666667"
"","","UGP2014NAM-OT03","","","","","","","","","UGP2014NAM-OT03-01751","","","","3","3","2","2","9","1","2","3","9","4","3.7","0.1","7","9","2","2","1","1","0","3.8","10.8","13","0.411111111","0.025","0.292307692","4.333333333","4.333333333","3","3","1.266666667","1.266666667","2.333333333","2.333333333","69.23076923","35.18518519","100","41.11111111","42.22222222","77.77777778","120","41.11111111","42.22222222","77.77777778","120"
"","","UGP2014NAM-OT03","","","","","","","","","UGP2014NAM-OT03-01752","","","","3","2","1","2","5","4","7","2","3","0","0.7","0","0.5","2","1","1","5","3","0","0.7","1.2","3","0.233333333","","0.233333333","1.5","1","1.5","1","0.35","0.233333333","0.25","0.166666667","100","58.33333333","66.66666667","7.777777778","7.777777778","5.555555556","13.33333333","11.66666667","11.66666667","8.333333333","20"
"","","UGP2014NAM-OT03","","","","","","","","","UGP2014NAM-OT03-01753","","","","3","2","1","4","9","1","2","2","3","4","2","0.16","3.5","6","1","1","4","3","0.02","2.16","5.66","7","0.666666667","0.04","0.308571429","3.5","2.333333333","1.5","1","1.08","0.72","1.75","1.166666667","42.85714286","38.16254417","66.66666667","22.22222222","24","38.88888889","62.88888889","33.33333333","36","58.33333333","94.33333333"
"","","UGP2014NAM-OT03","","","","","","","","","UGP2014NAM-OT03-01754","","","","3","3","3","3","8","2","4","3","6","3","1.3","0.08","2","9","1","1","2","3","1.65","1.38","3.38","9","0.216666667","0.026666667","0.153333333","3","3","2","2","0.46","0.46","0.666666667","0.666666667","66.66666667","40.82840237","100","14.44444444","15.33333333","22.22222222","37.55555556","14.44444444","15.33333333","22.22222222","37.55555556"
"","","UGP2014NAM-OT03","","","","","","","","","UGP2014NAM-OT03-01755","","","","3","1","1","2","8","1","2","1","4","0","1.5","0","5","2","1","1","5","1","0","1.5","6.5","4","0.375","","0.375","4","1.333333333","4","1.333333333","1.5","0.5","5","1.666666667","100","23.07692308","33.33333333","16.66666667","16.66666667","55.55555556","72.22222222","50","50","166.6666667","216.6666667"
"","","UGP2014NAM-OT03","","","","","","","","","UGP2014NAM-OT03-01756","","","","3","1","2","3","6","1","2","1","0","0","0","0","2","","","","","","","0","2","0","","","","0","0","0","0","0","0","2","0.666666667","","0","33.33333333","0","0","22.22222222","22.22222222","0","0","66.66666667","66.66666667"
"","","UGP2014NAM-OT03","","","","","","","","","UGP2014NAM-OT03-01758","","","","3","1","6","9","6","1","3","1","2","0","0.24","0","2","9","2","2","5","5","0.02","0.24","2.24","2","0.12","","0.12","2","0.666666667","2","0.666666667","0.24","0.08","2","0.666666667","100","10.71428571","33.33333333","2.666666667","2.666666667","22.22222222","24.88888889","8","8","66.66666667","74.66666667"
"","","UGP2014NAM-OT03","","","","","","","","","UGP2014NAM-OT03-01759","","","","3","2","5","8","5","1","2","2","1","0","0.1","0","0.2","8","1","1","4","7","0.02","0.1","0.3","1","0.1","","0.1","0.5","0.333333333","0.5","0.333333333","0.05","0.033333333","0.1","0.066666667","100","33.33333333","66.66666667","1.111111111","1.111111111","2.222222222","3.333333333","1.666666667","1.666666667","3.333333333","5"
"","","UGP2014NAM-OT03","","","","","","","","","UGP2014NAM-OT03-01760","","","","3","2","4","8","7","1","3","2","4","2","0.52","0.08","3","9","1","1","2","5","11.03","0.6","3.6","6","0.13","0.04","0.1","3","2","2","1.333333333","0.3","0.2","1.5","1","66.66666667","16.66666667","66.66666667","5.777777778","6.666666667","33.33333333","40","8.666666667","10","50","60"
"","","UGP2014NAM-OT03","","","","","","","","","UGP2014NAM-OT03-01761","","","","3","2","2","2","7","3","6","2","2","0","0.38","0","2","9","2","1","5","3","0","0.38","2.38","2","0.19","","0.19","1","0.666666667","1","0.666666667","0.19","0.126666667","1","0.666666667","100","15.96638655","66.66666667","4.222222222","4.222222222","22.22222222","26.44444444","6.333333333","6.333333333","33.33333333","39.66666667"
"","","UGP2014NAM-OT03","","","","","","","","","UGP2014NAM-OT03-01762","","","","3","2","1","2","3","2","5","2","0","0","0","0","0.2","","","","","","","0","0.2","0","","","","0","0","0","0","0","0","0.1","0.066666667","","0","66.66666667","0","0","2.222222222","2.222222222","0","0","3.333333333","3.333333333"
"","","UGP2014NAM-OT03","","","","","","","","","UGP2014NAM-OT03-01763","","","","3","2","1","2","8","1","3","2","1","1","0.28","0.04","4.1","6","1","1","5","3","0","0.32","4.42","2","0.28","0.04","0.16","1","0.666666667","0.5","0.333333333","0.16","0.106666667","2.05","1.366666667","50","7.239819005","66.66666667","3.111111111","3.555555556","45.55555556","49.11111111","4.666666667","5.333333333","68.33333333","73.66666667"
"","","UGP2014NAM-OT03","","","","","","","","","UGP2014NAM-OT03-01764","","","","3","2","1","4","8","1","3","2","0","0","0","0","2.5","","","","","","","0","2.5","0","","","","0","0","0","0","0","0","1.25","0.833333333","","0","66.66666667","0","0","27.77777778","27.77777778","0","0","41.66666667","41.66666667"
"","","UGP2014NAM-OT03","","","","","","","","","UGP2014NAM-OT03-01765","","","","3","1","1","2","6","4","6","1","0","0","0","0","1.7","","","","","","","0","1.7","0","","","","0","0","0","0","0","0","1.7","0.566666667","","0","33.33333333","0","0","18.88888889","18.88888889","0","0","56.66666667","56.66666667"
"","","UGP2014NAM-OT03","","","","","","","","","UGP2014NAM-OT03-01766","","","","3","1","1","2","6","3","7","1","0","0","0","0","2.5","","","","","","","0","2.5","0","","","","0","0","0","0","0","0","2.5","0.833333333","","0","33.33333333","0","0","27.77777778","27.77777778","0","0","83.33333333","83.33333333"
"","","UGP2014NAM-OT03","","","","","","","","","UGP2014NAM-OT03-01767","","","","3","1","1","2","6","2","4","1","0","1","0","0.05","2","2","1","1","2","9","1.76","0.05","2.05","1","","0.05","0.05","1","0.333333333","0","0","0.05","0.016666667","2","0.666666667","0","2.43902439","33.33333333","0","0.555555556","22.22222222","22.77777778","0","1.666666667","66.66666667","68.33333333"
"","","UGP2014NAM-OT03","","","","","","","","","UGP2014NAM-OT03-01768","","","","3","2","1","2","7","1","2","2","0","0","0","0","1.5","","","","","","","0","1.5","0","","","","0","0","0","0","0","0","0.75","0.5","","0","66.66666667","0","0","16.66666667","16.66666667","0","0","25","25"
"","","UGP2014NAM-OT03","","","","","","","","","UGP2014NAM-OT03-01769","","","","3","1","1","2","7","2","5","1","1","0","0.04","0","1.2","2","1","1","3","9","0","0.04","1.24","1","0.04","","0.04","1","0.333333333","1","0.333333333","0.04","0.013333333","1.2","0.4","100","3.225806452","33.33333333","0.444444444","0.444444444","13.33333333","13.77777778","1.333333333","1.333333333","40","41.33333333"
"","","UGP2014NAM-OT03","","","","","","","","","UGP2014NAM-OT03-01770","","","","3","2","2","3","6","4","7","2","0","0","0","0","1","","","","","","","0","1","0","","","","0","0","0","0","0","0","0.5","0.333333333","","0","66.66666667","0","0","11.11111111","11.11111111","0","0","16.66666667","16.66666667"
"","","UGP2014NAM-OT03","","","","","","","","","UGP2014NAM-OT03-01771","","","","3","2","1","2","5","2","4","2","1","1","0.1","0.04","1.3","2","1","1","2","7","0.02","0.14","1.44","2","0.1","0.04","0.07","1","0.666666667","0.5","0.333333333","0.07","0.046666667","0.65","0.433333333","50","9.722222222","66.66666667","1.111111111","1.555555556","14.44444444","16","1.666666667","2.333333333","21.66666667","24"
"","","UGP2014NAM-OT03","","","","","","","","","UGP2014NAM-OT03-01772","","","","3","1","1","2","7","1","3","1","0","0","0","0","3.5","","","","","","","0","3.5","0","","","","0","0","0","0","0","0","3.5","1.166666667","","0","33.33333333","0","0","38.88888889","38.88888889","0","0","116.6666667","116.6666667"
"","","UGP2014NAM-OT03","","","","","","","","","UGP2014NAM-OT03-01773","","","","3","0","","","","","","0","0","0","0","0","0","","","","","","","0","0","0","","","","","0","","0","","0","","0","","","0","0","0","0","0","","","",""
"","","UGP2014NAM-OT03","","","","","","","","","UGP2014NAM-OT03-01774","","","","3","3","2","2","5","3","6","3","1","1","0.3","0.04","5","9","1","1","6","3","0","0.34","5.34","2","0.3","0.04","0.17","0.666666667","0.666666667","0.333333333","0.333333333","0.113333333","0.113333333","1.666666667","1.666666667","50","6.367041199","100","3.333333333","3.777777778","55.55555556","59.33333333","3.333333333","3.777777778","55.55555556","59.33333333"
"","","UGP2014NAM-OT03","","","","","","","","","UGP2014NAM-OT03-01775","","","","3","2","2","2","7","3","6","2","0","0","0","0","1","","","","","","","0","1","0","","","","0","0","0","0","0","0","0.5","0.333333333","","0","66.66666667","0","0","11.11111111","11.11111111","0","0","16.66666667","16.66666667"
"","","UGP2014NAM-OT03","","","","","","","","","UGP2014NAM-OT03-01776","","","","3","1","2","3","7","2","3","1","1","0","0.3","0","1.1","2","1","1","4","3","0","0.3","1.4","1","0.3","","0.3","1","0.333333333","1","0.333333333","0.3","0.1","1.1","0.366666667","100","21.42857143","33.33333333","3.333333333","3.333333333","12.22222222","15.55555556","10","10","36.66666667","46.66666667"
"","","UGP2014NAM-OT03","","","","","","","","","UGP2014NAM-OT03-01777","","","","3","3","2","3","8","2","4","3","0","2","0","0.08","3.5","9","1","1","3","9","7.76","0.08","3.58","2","","0.04","0.04","0.666666667","0.666666667","0","0","0.026666667","0.026666667","1.166666667","1.166666667","0","2.234636872","100","0","0.888888889","38.88888889","39.77777778","0","0.888888889","38.88888889","39.77777778"
"","","UGP2014NAM-OT03","","","","","","","","","UGP2014NAM-OT03-01778","","","","3","2","2","2","7","1","2","2","2","3","0.48","0.04","2","2","1","2","4","3","0","0.52","2.52","5","0.24","0.013333333","0.104","2.5","1.666666667","1","0.666666667","0.26","0.173333333","1","0.666666667","40","20.63492063","66.66666667","5.333333333","5.777777778","22.22222222","28","8","8.666666667","33.33333333","42"
"","","UGP2014NAM-OT03","","","","","","","","","UGP2014NAM-OT03-01779","","","","3","1","1","4","7","2","3","1","2","1","0.38","0.01","1","2","1","1","5","3","0.15","0.39","1.39","3","0.19","0.01","0.13","3","1","2","0.666666667","0.39","0.13","1","0.333333333","66.66666667","28.05755396","33.33333333","4.222222222","4.333333333","11.11111111","15.44444444","12.66666667","13","33.33333333","46.33333333"
"","","UGP2014NAM-OT03","","","","","","","","","UGP2014NAM-OT03-01780","","","","3","1","1","2","8","2","4","1","2","5","0.1","0.09","1.2","9","1","1","3","7","3.03","0.19","1.39","7","0.05","0.018","0.027142857","7","2.333333333","2","0.666666667","0.19","0.063333333","1.2","0.4","28.57142857","13.66906475","33.33333333","1.111111111","2.111111111","13.33333333","15.44444444","3.333333333","6.333333333","40","46.33333333"
"","","UGP2014NAM-OT03","","","","","","","","","UGP2014NAM-OT03-01781","","","","3","2","1","2","6","2","3","2","4","4","0.3","0.06","0.8","2","1","1","4","5","0.15","0.36","1.16","8","0.075","0.015","0.045","4","2.666666667","2","1.333333333","0.18","0.12","0.4","0.266666667","50","31.03448276","66.66666667","3.333333333","4","8.888888889","12.88888889","5","6","13.33333333","19.33333333"
"","","UGP2014NAM-OT03","","","","","","","","","UGP2014NAM-OT03-01782","","","","3","1","1","4","7","3","3","1","1","0","0.1","0","0.7","2","1","1","4","7","0","0.1","0.8","1","0.1","","0.1","1","0.333333333","1","0.333333333","0.1","0.033333333","0.7","0.233333333","100","12.5","33.33333333","1.111111111","1.111111111","7.777777778","8.888888889","3.333333333","3.333333333","23.33333333","26.66666667"
"","","UGP2014NAM-OT03","","","","","","","","","UGP2014NAM-OT03-01783","","","","3","2","1","2","6","4","5","2","2","2","0.16","0.06","2","2","1","1","4","7","0.02","0.22","2.22","4","0.08","0.03","0.055","2","1.333333333","1","0.666666667","0.11","0.073333333","1","0.666666667","50","9.90990991","66.66666667","1.777777778","2.444444444","22.22222222","24.66666667","2.666666667","3.666666667","33.33333333","37"
"","","UGP2014NAM-OT03","","","","","","","","","UGP2014NAM-OT03-01784","","","","3","2","1","2","5","2","7","2","0","0","0","0","1","","","","","","","0","1","0","","","","0","0","0","0","0","0","0.5","0.333333333","","0","66.66666667","0","0","11.11111111","11.11111111","0","0","16.66666667","16.66666667"
"","","UGP2014NAM-OT03","","","","","","","","","UGP2014NAM-OT03-01785","","","","3","1","1","2","6","1","4","1","0","0","0","0","1","","","","","","","0","1","0","","","","0","0","0","0","0","0","1","0.333333333","","0","33.33333333","0","0","11.11111111","11.11111111","0","0","33.33333333","33.33333333"
"","","UGP2014NAM-OT03","","","","","","","","","UGP2014NAM-OT03-01786","","","","3","1","1","3","6","4","3","1","0","0","0","0","1","","","","","","","0","1","0","","","","0","0","0","0","0","0","1","0.333333333","","0","33.33333333","0","0","11.11111111","11.11111111","0","0","33.33333333","33.33333333"
"","","UGP2014NAM-OT03","","","","","","","","","UGP2014NAM-OT03-01787","","","","3","1","2","2","5","1","6","1","0","0","0","0","1.1","","","","","","","0","1.1","0","","","","0","0","0","0","0","0","1.1","0.366666667","","0","33.33333333","0","0","12.22222222","12.22222222","0","0","36.66666667","36.66666667"
"","","UGP2014NAM-OT03","","","","","","","","","UGP2014NAM-OT03-01788","","","","3","1","1","2","8","1","3","1","0","0","0","0","1.5","","","","","","","0","1.5","0","","","","0","0","0","0","0","0","1.5","0.5","","0","33.33333333","0","0","16.66666667","16.66666667","0","0","50","50"
"","","UGP2014NAM-OT03","","","","","","","","","UGP2014NAM-OT03-01789","","","","3","0","","","","","","0","0","0","0","0","0","","","","","","","0","0","0","","","","","0","","0","","0","","0","","","0","0","0","0","0","","","",""
"","","UGP2014NAM-OT03","","","","","","","","","UGP2014NAM-OT03-01790","","","","3","0","","","","","","0","0","0","0","0","0","","","","","","","0","0","0","","","","","0","","0","","0","","0","","","0","0","0","0","0","","","",""
"","","UGP2014NAM-OT03","","","","","","","","","UGP2014NAM-OT03-01791","","","","3","2","1","2","8","1","3","2","4","2","1.2","0.4","1.6","2","2","1","4","3","1.5","1.6","3.2","6","0.3","0.2","0.266666667","3","2","2","1.333333333","0.8","0.533333333","0.8","0.533333333","66.66666667","50","66.66666667","13.33333333","17.77777778","17.77777778","35.55555556","20","26.66666667","26.66666667","53.33333333"
"","","UGP2014NAM-OT03","","","","","","","","","UGP2014NAM-OT03-01792","","","","3","1","1","2","6","4","7","1","3","1","0.58","0.04","0.5","2","1","1","5","3","0.02","0.62","1.12","4","0.193333333","0.04","0.155","4","1.333333333","3","1","0.62","0.206666667","0.5","0.166666667","75","55.35714286","33.33333333","6.444444444","6.888888889","5.555555556","12.44444444","19.33333333","20.66666667","16.66666667","37.33333333"
"","","UGP2014NAM-OT03","","","","","","","","","UGP2014NAM-OT03-01793","","","","3","3","1","4","5","1","3","3","7","10","0.98","0.1","1","9","1","1","8","3","0.02","1.08","2.08","17","0.14","0.01","0.063529412","5.666666667","5.666666667","2.333333333","2.333333333","0.36","0.36","0.333333333","0.333333333","41.17647059","51.92307692","100","10.88888889","12","11.11111111","23.11111111","10.88888889","12","11.11111111","23.11111111"
"","","UGP2014NAM-OT03","","","","","","","","","UGP2014NAM-OT03-01794","","","","3","3","3","6","8","1","3","3","3","2","0.18","0.06","4.2","9","1","1","3","7","0.02","0.24","4.44","5","0.06","0.03","0.048","1.666666667","1.666666667","1","1","0.08","0.08","1.4","1.4","60","5.405405405","100","2","2.666666667","46.66666667","49.33333333","2","2.666666667","46.66666667","49.33333333"
"","","UGP2014NAM-OT03","","","","","","","","","UGP2014NAM-OT03-01795","","","","3","3","2","2","6","1","3","3","7","0","1","0","1","2","2","2","5","3","0.12","1","2","7","0.142857143","","0.142857143","2.333333333","2.333333333","2.333333333","2.333333333","0.333333333","0.333333333","0.333333333","0.333333333","100","50","100","11.11111111","11.11111111","11.11111111","22.22222222","11.11111111","11.11111111","11.11111111","22.22222222"
"","","UGP2014NAM-OT03","","","","","","","","","UGP2014NAM-OT03-01796","","","","3","2","1","2","9","1","2","2","3","0","0.5","0","8.5","9","1","1","4","3","0","0.5","9","3","0.166666667","","0.166666667","1.5","1","1.5","1","0.25","0.166666667","4.25","2.833333333","100","5.555555556","66.66666667","5.555555556","5.555555556","94.44444444","100","8.333333333","8.333333333","141.6666667","150"
"","","UGP2014NAM-OT03","","","","","","","","","UGP2014NAM-OT03-01797","","","","3","2","1","3","8","2","3","2","2","15","1.2","0.38","2","2","2","2","5","3","0","1.58","3.58","17","0.6","0.025333333","0.092941176","8.5","5.666666667","1","0.666666667","0.79","0.526666667","1","0.666666667","11.76470588","44.13407821","66.66666667","13.33333333","17.55555556","22.22222222","39.77777778","20","26.33333333","33.33333333","59.66666667"
"","","UGP2014NAM-OT03","","","","","","","","","UGP2014NAM-OT03-01798","","","","3","3","1","2","6","1","2","3","0","0","0","0","3","","","","","","","0","3","0","","","","0","0","0","0","0","0","1","1","","0","100","0","0","33.33333333","33.33333333","0","0","33.33333333","33.33333333"
"","","UGP2014NAM-OT03","","","","","","","","","UGP2014NAM-OT03-01799","","","","3","1","1","4","8","1","3","1","2","0","0.4","0","5.5","2","1","1","2","3","0.15","0.4","5.9","2","0.2","","0.2","2","0.666666667","2","0.666666667","0.4","0.133333333","5.5","1.833333333","100","6.779661017","33.33333333","4.444444444","4.444444444","61.11111111","65.55555556","13.33333333","13.33333333","183.3333333","196.6666667"
"","","UGP2014NAM-OT03","","","","","","","","","UGP2014NAM-OT03-01800","","","","3","2","1","3","9","1","2","2","5","0","1.7","0","5.8","9","1","1","4","1","0","1.7","7.5","5","0.34","","0.34","2.5","1.666666667","2.5","1.666666667","0.85","0.566666667","2.9","1.933333333","100","22.66666667","66.66666667","18.88888889","18.88888889","64.44444444","83.33333333","28.33333333","28.33333333","96.66666667","125"
"","","UGP2014NAM-OT03","","","","","","","","","UGP2014NAM-OT03-01801","","","","3","2","1","3","6","2","4","2","1","1","0.1","","3.7","2","1","1","2","7","0.02","","","2","0.1","","","1","0.666666667","0.5","0.333333333","","","1.85","1.233333333","50","","66.66666667","1.111111111","","41.11111111","","1.666666667","","61.66666667",""
"","","UGP2014NAM-OT03","","","","","","","","","UGP2014NAM-OT03-01803","","","","3","1","2","2","5","1","2","1","0","0","0","0","0.1","","","","","","","0","0.1","0","","","","0","0","0","0","0","0","0.1","0.033333333","","0","33.33333333","0","0","1.111111111","1.111111111","0","0","3.333333333","3.333333333"
"","","UGP2014NAM-OT03","","","","","","","","","UGP2014NAM-OT03-01804","","","","3","0","","","","","","0","0","0","0","0","0","","","","","","","0","0","0","","","","","0","","0","","0","","0","","","0","0","0","0","0","","","",""
"","","UGP2014NAM-OT03","","","","","","","","","UGP2014NAM-OT03-01805","","","","3","1","1","2","5","4","6","1","0","0","0","0","1","","","","","","","0","1","0","","","","0","0","0","0","0","0","1","0.333333333","","0","33.33333333","0","0","11.11111111","11.11111111","0","0","33.33333333","33.33333333"
"","","UGP2014NAM-OT03","","","","","","","","","UGP2014NAM-OT03-01806","","","","3","2","1","6","8","2","3","2","2","0","0.2","0","2.5","9","1","1","3","7","0.02","0.2","2.7","2","0.1","","0.1","1","0.666666667","1","0.666666667","0.1","0.066666667","1.25","0.833333333","100","7.407407407","66.66666667","2.222222222","2.222222222","27.77777778","30","3.333333333","3.333333333","41.66666667","45"
"","","UGP2014NAM-OT03","","","","","","","","","UGP2014NAM-OT03-01807","","","","3","1","1","2","6","3","5","1","2","0","0.1","0","1.5","2","1","1","2","7","0.12","0.1","1.6","2","0.05","","0.05","2","0.666666667","2","0.666666667","0.1","0.033333333","1.5","0.5","100","6.25","33.33333333","1.111111111","1.111111111","16.66666667","17.77777778","3.333333333","3.333333333","50","53.33333333"
"","","UGP2014NAM-OT03","","","","","","","","","UGP2014NAM-OT03-01808","","","","3","2","2","2","7","2","4","2","1","1","0.38","0.01","3.5","9","1","1","5","3","0","0.39","3.89","2","0.38","0.01","0.195","1","0.666666667","0.5","0.333333333","0.195","0.13","1.75","1.166666667","50","10.02570694","66.66666667","4.222222222","4.333333333","38.88888889","43.22222222","6.333333333","6.5","58.33333333","64.83333333"
"","","UGP2014NAM-OT03","","","","","","","","","UGP2014NAM-OT03-01809","","","","3","2","2","2","7","3","6","2","2","2","0.5","0.08","2.1","9","1","1","6","3","0","0.58","2.68","4","0.25","0.04","0.145","2","1.333333333","1","0.666666667","0.29","0.193333333","1.05","0.7","50","21.64179104","66.66666667","5.555555556","6.444444444","23.33333333","29.77777778","8.333333333","9.666666667","35","44.66666667"
"","","UGP2014NAM-OT03","","","","","","","","","UGP2014NAM-OT03-01810","","","","3","2","2","2","7","3","5","2","0","0","0","0","2","","","","","","","0","2","0","","","","0","0","0","0","0","0","1","0.666666667","","0","66.66666667","0","0","22.22222222","22.22222222","0","0","33.33333333","33.33333333"
"","","UGP2014NAM-OT03","","","","","","","","","UGP2014NAM-OT03-01811","","","","3","2","1","3","5","4","6","2","0","0","0","0","0.6","","","","","","","0","0.6","0","","","","0","0","0","0","0","0","0.3","0.2","","0","66.66666667","0","0","6.666666667","6.666666667","0","0","10","10"
"","","UGP2014NAM-OT03","","","","","","","","","UGP2014NAM-OT03-01812","","","","3","1","1","2","5","2","4","1","0","0","0","0","0.5","","","","","","","0","0.5","0","","","","0","0","0","0","0","0","0.5","0.166666667","","0","33.33333333","0","0","5.555555556","5.555555556","0","0","16.66666667","16.66666667"
"","","UGP2014NAM-OT03","","","","","","","","","UGP2014NAM-OT03-01813","","","","3","2","2","2","5","3","5","2","0","0","0","0","0.5","","","","","","","0","0.5","0","","","","0","0","0","0","0","0","0.25","0.166666667","","0","66.66666667","0","0","5.555555556","5.555555556","0","0","8.333333333","8.333333333"
"","","UGP2014NAM-OT03","","","","","","","","","UGP2014NAM-OT03-01814","","","","3","2","1","4","6","1","3","2","0","0","0","0","2.8","","","","","","","0","2.8","0","","","","0","0","0","0","0","0","1.4","0.933333333","","0","66.66666667","0","0","31.11111111","31.11111111","0","0","46.66666667","46.66666667"
"","","UGP2014NAM-OT03","","","","","","","","","UGP2014NAM-OT03-01815","","","","3","3","1","2","6","3","6","3","0","0","0","0","3","","","","","","","0","3","0","","","","0","0","0","0","0","0","1","1","","0","100","0","0","33.33333333","33.33333333","0","0","33.33333333","33.33333333"
"","","UGP2014NAM-OT03","","","","","","","","","UGP2014NAM-OT03-01816","","","","3","2","2","2","8","3","6","2","0","0","0","0","1.8","","","","","","","0","1.8","0","","","","0","0","0","0","0","0","0.9","0.6","","0","66.66666667","0","0","20","20","0","0","30","30"
"","","UGP2014NAM-OT03","","","","","","","","","UGP2014NAM-OT03-01817","","","","3","2","2","3","9","1","3","2","0","0","0","0","8.5","","","","","","","0","8.5","0","","","","0","0","0","0","0","0","4.25","2.833333333","","0","66.66666667","0","0","94.44444444","94.44444444","0","0","141.6666667","141.6666667"
"","","UGP2014NAM-OT03","","","","","","","","","UGP2014NAM-OT03-01818","","","","3","2","1","3","5","4","7","2","0","0","0","0","0.3","","","","","","","0","0.3","0","","","","0","0","0","0","0","0","0.15","0.1","","0","66.66666667","0","0","3.333333333","3.333333333","0","0","5","5"
"","","UGP2014NAM-OT03","","","","","","","","","UGP2014NAM-OT03-01819","","","","3","3","1","2","7","1","2","3","0","0","0","0","6","","","","","","","0","6","0","","","","0","0","0","0","0","0","2","2","","0","100","0","0","66.66666667","66.66666667","0","0","66.66666667","66.66666667"
"","","UGP2014NAM-OT03","","","","","","","","","UGP2014NAM-OT03-01820","","","","3","3","1","3","5","3","6","3","0","0","0","0","1","","","","","","","0","1","0","","","","0","0","0","0","0","0","0.333333333","0.333333333","","0","100","0","0","11.11111111","11.11111111","0","0","11.11111111","11.11111111"
"","","UGP2014NAM-OT03","","","","","","","","","UGP2014NAM-OT03-01821","","","","3","2","1","2","5","2","4","2","0","0","0","0","2","","","","","","","0","2","0","","","","0","0","0","0","0","0","1","0.666666667","","0","66.66666667","0","0","22.22222222","22.22222222","0","0","33.33333333","33.33333333"
"","","UGP2014NAM-OT03","","","","","","","","","UGP2014NAM-OT03-01822","","","","3","3","1","2","5","1","3","3","0","0","0","0","1","","","","","","","0","1","0","","","","0","0","0","0","0","0","0.333333333","0.333333333","","0","100","0","0","11.11111111","11.11111111","0","0","11.11111111","11.11111111"
"","","UGP2014NAM-OT03","","","","","","","","","UGP2014NAM-OT03-01823","","","","3","2","1","2","5","2","4","2","0","0","0","0","1","","","","","","","0","1","0","","","","0","0","0","0","0","0","0.5","0.333333333","","0","66.66666667","0","0","11.11111111","11.11111111","0","0","16.66666667","16.66666667"
"","","UGP2014NAM-OT03","","","","","","","","","UGP2014NAM-OT03-01824","","","","3","2","1","2","6","3","6","2","3","4","0.21","0.1","2","6","1","1","2","7","11.03","0.31","2.31","7","0.07","0.025","0.044285714","3.5","2.333333333","1.5","1","0.155","0.103333333","1","0.666666667","42.85714286","13.41991342","66.66666667","2.333333333","3.444444444","22.22222222","25.66666667","3.5","5.166666667","33.33333333","38.5"
"","","UGP2014NAM-OT03","","","","","","","","","UGP2014NAM-OT03-01825","","","","3","0","","","","","","0","0","0","0","0","0","","","","","","","0","0","0","","","","","0","","0","","0","","0","","","0","0","0","0","0","","","",""
"","","UGP2014NAM-OT03","","","","","","","","","UGP2014NAM-OT03-01826","","","","3","1","2","2","5","1","2","1","0","0","0","0","0.5","","","","","","","0","0.5","0","","","","0","0","0","0","0","0","0.5","0.166666667","","0","33.33333333","0","0","5.555555556","5.555555556","0","0","16.66666667","16.66666667"
"","","UGP2014NAM-OT03","","","","","","","","","UGP2014NAM-OT03-01827","","","","3","2","2","3","8","2","4","2","0","0","0","0","9.5","","","","","","","0","9.5","0","","","","0","0","0","0","0","0","4.75","3.166666667","","0","66.66666667","0","0","105.5555556","105.5555556","0","0","158.3333333","158.3333333"
"","","UGP2014NAM-OT03","","","","","","","","","UGP2014NAM-OT03-01828","","","","3","2","2","2","5","1","3","2","0","0","0","0","1","","","","","","","0","1","0","","","","0","0","0","0","0","0","0.5","0.333333333","","0","66.66666667","0","0","11.11111111","11.11111111","0","0","16.66666667","16.66666667"
"","","UGP2014NAM-OT03","","","","","","","","","UGP2014NAM-OT03-01829","","","","3","3","2","2","7","3","5","3","2","0","0.26","0","1.5","9","1","1","3","5","0","0.26","1.76","2","0.13","","0.13","0.666666667","0.666666667","0.666666667","0.666666667","0.086666667","0.086666667","0.5","0.5","100","14.77272727","100","2.888888889","2.888888889","16.66666667","19.55555556","2.888888889","2.888888889","16.66666667","19.55555556"
"","","UGP2014NAM-OT03","","","","","","","","","UGP2014NAM-OT03-01830","","","","3","3","1","3","6","4","7","3","0","0","0","0","2","","","","","","","0","2","0","","","","0","0","0","0","0","0","0.666666667","0.666666667","","0","100","0","0","22.22222222","22.22222222","0","0","22.22222222","22.22222222"
"","","UGP2014NAM-OT03","","","","","","","","","UGP2014NAM-OT03-01831","","","","3","1","1","2","5","2","4","1","0","0","0","0","0.2","","","","","","","0","0.2","0","","","","0","0","0","0","0","0","0.2","0.066666667","","0","33.33333333","0","0","2.222222222","2.222222222","0","0","6.666666667","6.666666667"
"","","UGP2014NAM-OT03","","","","","","","","","UGP2014NAM-OT03-01832","","","","3","2","1","2","5","2","4","2","0","0","0","0","0.2","","","","","","","0","0.2","0","","","","0","0","0","0","0","0","0.1","0.066666667","","0","66.66666667","0","0","2.222222222","2.222222222","0","0","3.333333333","3.333333333"
"","","UGP2014NAM-OT03","","","","","","","","","UGP2014NAM-OT03-01833","","","","3","1","1","2","8","1","2","1","0","0","0","0","3.5","","","","","","","0","3.5","0","","","","0","0","0","0","0","0","3.5","1.166666667","","0","33.33333333","0","0","38.88888889","38.88888889","0","0","116.6666667","116.6666667"
"","","UGP2014NAM-OT03","","","","","","","","","UGP2014NAM-OT03-01834","","","","3","2","3","6","6","1","3","2","1","4","0.08","0.08","0.16","9","1","1","3","7","3.96","0.16","0.32","5","0.08","0.02","0.032","2.5","1.666666667","0.5","0.333333333","0.08","0.053333333","0.08","0.053333333","20","50","66.66666667","0.888888889","1.777777778","1.777777778","3.555555556","1.333333333","2.666666667","2.666666667","5.333333333"
"","","UGP2014NAM-OT03","","","","","","","","","UGP2014NAM-OT03-01835","","","","3","3","2","3","6","2","4","3","4","1","0.4","0.04","1.2","2","1","1","4","3","0","0.44","1.64","5","0.1","0.04","0.088","1.666666667","1.666666667","1.333333333","1.333333333","0.146666667","0.146666667","0.4","0.4","80","26.82926829","100","4.444444444","4.888888889","13.33333333","18.22222222","4.444444444","4.888888889","13.33333333","18.22222222"
"","","UGP2014NAM-OT03","","","","","","","","","UGP2014NAM-OT03-01836","","","","3","0","","","","","","0","0","0","0","0","0","","","","","","","0","0","0","","","","","0","","0","","0","","0","","","0","0","0","0","0","","","",""
"","","UGP2014NAM-OT03","","","","","","","","","UGP2014NAM-OT03-01837","","","","3","3","1","2","7","4","7","3","0","0","0","0","3","","","","","","","0","3","0","","","","0","0","0","0","0","0","1","1","","0","100","0","0","33.33333333","33.33333333","0","0","33.33333333","33.33333333"
"","","UGP2014NAM-OT03","","","","","","","","","UGP2014NAM-OT03-01838","","","","3","3","3","4","6","3","5","3","10","6","2","0.1","3.5","8","2","2","4","3","0","2.1","5.6","16","0.2","0.016666667","0.13125","5.333333333","5.333333333","3.333333333","3.333333333","0.7","0.7","1.166666667","1.166666667","62.5","37.5","100","22.22222222","23.33333333","38.88888889","62.22222222","22.22222222","23.33333333","38.88888889","62.22222222"
"","","UGP2014NAM-OT03","","","","","","","","","UGP2014NAM-OT03-01839","","","","3","2","2","4","7","1","3","2","3","0","0.38","0","0.5","2","1","1","3","5","0.12","0.38","0.88","3","0.126666667","","0.126666667","1.5","1","1.5","1","0.19","0.126666667","0.25","0.166666667","100","43.18181818","66.66666667","4.222222222","4.222222222","5.555555556","9.777777778","6.333333333","6.333333333","8.333333333","14.66666667"
"","","UGP2014NAM-OT03","","","","","","","","","UGP2014NAM-OT03-01840","","","","3","2","1","2","5","1","2","2","0","0","0","0","6","","","","","","","0","6","0","","","","0","0","0","0","0","0","3","2","","0","66.66666667","0","0","66.66666667","66.66666667","0","0","100","100"
"","","UGP2014NAM-OT03","","","","","","","","","UGP2014NAM-OT03-01841","","","","3","2","1","2","9","1","2","2","0","0","0","0","12","","","","","","","0","12","0","","","","0","0","0","0","0","0","6","4","","0","66.66666667","0","0","133.3333333","133.3333333","0","0","200","200"
"","","UGP2014NAM-OT03","","","","","","","","","UGP2014NAM-OT03-01842","","","","3","1","3","6","6","2","4","1","0","0","0","0","0.7","","","","","","","0","0.7","0","","","","0","0","0","0","0","0","0.7","0.233333333","","0","33.33333333","0","0","7.777777778","7.777777778","0","0","23.33333333","23.33333333"
"","","UGP2014NAM-OT03","","","","","","","","","UGP2014NAM-OT03-01843","","","","3","2","1","2","8","1","3","2","2","0","1.28","0","2.3","2","1","1","5","1","0","1.28","3.58","2","0.64","","0.64","1","0.666666667","1","0.666666667","0.64","0.426666667","1.15","0.766666667","100","35.75418994","66.66666667","14.22222222","14.22222222","25.55555556","39.77777778","21.33333333","21.33333333","38.33333333","59.66666667"
"","","UGP2014NAM-OT03","","","","","","","","","UGP2014NAM-OT03-01844","","","","3","1","1","2","5","1","3","1","0","0","0","0","0.1","","","","","","","0","0.1","0","","","","0","0","0","0","0","0","0.1","0.033333333","","0","33.33333333","0","0","1.111111111","1.111111111","0","0","3.333333333","3.333333333"
"","","UGP2014NAM-OT03","","","","","","","","","UGP2014NAM-OT03-01845","","","","3","1","1","2","7","2","3","1","1","0","0.24","0","2.2","9","1","1","2","3","0.02","0.24","2.44","1","0.24","","0.24","1","0.333333333","1","0.333333333","0.24","0.08","2.2","0.733333333","100","9.836065574","33.33333333","2.666666667","2.666666667","24.44444444","27.11111111","8","8","73.33333333","81.33333333"
"","","UGP2014NAM-OT03","","","","","","","","","UGP2014NAM-OT03-01846","","","","3","2","1","2","5","4","7","2","4","1","0.6","0.01","0.28","8","1","1","3","3","0.12","0.61","0.89","5","0.15","0.01","0.122","2.5","1.666666667","2","1.333333333","0.305","0.203333333","0.14","0.093333333","80","68.53932584","66.66666667","6.666666667","6.777777778","3.111111111","9.888888889","10","10.16666667","4.666666667","14.83333333"
"","","UGP2014NAM-OT03","","","","","","","","","UGP2014NAM-OT03-01847","","","","3","2","1","3","5","1","3","2","4","1","0.38","0.04","0.12","2","2","1","4","6","4.92","0.42","0.54","5","0.095","0.04","0.084","2.5","1.666666667","2","1.333333333","0.21","0.14","0.06","0.04","80","77.77777778","66.66666667","4.222222222","4.666666667","1.333333333","6","6.333333333","7","2","9"
"","","UGP2014NAM-OT03","","","","","","","","","UGP2014NAM-OT03-01848","","","","3","3","1","2","6","1","3","3","5","0","0.4","0","1.5","2","1","1","5","5","0.12","0.4","1.9","5","0.08","","0.08","1.666666667","1.666666667","1.666666667","1.666666667","0.133333333","0.133333333","0.5","0.5","100","21.05263158","100","4.444444444","4.444444444","16.66666667","21.11111111","4.444444444","4.444444444","16.66666667","21.11111111"
"","","UGP2014NAM-OT03","","","","","","","","","UGP2014NAM-OT03-01849","","","","3","1","1","3","5","3","5","1","5","0","0.1","0","1.2","2","1","1","4","7","0.02","0.1","1.3","5","0.02","","0.02","5","1.666666667","5","1.666666667","0.1","0.033333333","1.2","0.4","100","7.692307692","33.33333333","1.111111111","1.111111111","13.33333333","14.44444444","3.333333333","3.333333333","40","43.33333333"
"","","UGP2014NAM-OT03","","","","","","","","","UGP2014NAM-OT03-01850","","","","3","3","1","2","5","4","7","3","0","0","0","0","1","","","","","","","0","1","0","","","","0","0","0","0","0","0","0.333333333","0.333333333","","0","100","0","0","11.11111111","11.11111111","0","0","11.11111111","11.11111111"
"","","UGP2014NAM-OT03","","","","","","","","","UGP2014NAM-OT03-01851","","","","3","2","3","4","7","1","3","2","1","3","0.16","0.08","4.5","8","1","1","3","7","0","0.24","4.74","4","0.16","0.026666667","0.06","2","1.333333333","0.5","0.333333333","0.12","0.08","2.25","1.5","25","5.063291139","66.66666667","1.777777778","2.666666667","50","52.66666667","2.666666667","4","75","79"
"","","UGP2014NAM-OT03","","","","","","","","","UGP2014NAM-OT03-01852","","","","3","2","1","2","5","2","3","2","0","0","0","0","2","","","","","","","0","2","0","","","","0","0","0","0","0","0","1","0.666666667","","0","66.66666667","0","0","22.22222222","22.22222222","0","0","33.33333333","33.33333333"
"","","UGP2014NAM-OT03","","","","","","","","","UGP2014NAM-OT03-01853","","","","3","3","4","6","9","1","3","3","0","0","0","0","4","","","","","","","0","4","0","","","","0","0","0","0","0","0","1.333333333","1.333333333","","0","100","0","0","44.44444444","44.44444444","0","0","44.44444444","44.44444444"
"","","UGP2014NAM-OT03","","","","","","","","","UGP2014NAM-OT03-01854","","","","3","1","","","","","","1","0","0","0","0","1","","","","","","","0","1","0","","","","0","0","0","0","0","0","1","0.333333333","","0","33.33333333","0","0","11.11111111","11.11111111","0","0","33.33333333","33.33333333"
"","","UGP2014NAM-OT03","","","","","","","","","UGP2014NAM-OT03-01855","","","","3","","2","3","5","1","2","0","0","0","0","0","0","","","","","","","0","0","0","","","","","0","","0","","0","","0","","","0","0","0","0","0","","","",""
"","","UGP2014NAM-OT03","","","","","","","","","UGP2014NAM-OT03-01856","","","","3","2","2","3","7","3","6","2","0","0","0","0","2","","","","","","","0","2","0","","","","0","0","0","0","0","0","1","0.666666667","","0","66.66666667","0","0","22.22222222","22.22222222","0","0","33.33333333","33.33333333"
"","","UGP2014NAM-OT03","","","","","","","","","UGP2014NAM-OT03-01857","","","","3","2","6","6","6","4","7","2","0","0","0","0","6","","","","","","","0","6","0","","","","0","0","0","0","0","0","3","2","","0","66.66666667","0","0","66.66666667","66.66666667","0","0","100","100"
"","","UGP2014NAM-OT03","","","","","","","","","UGP2014NAM-OT03-01858","","","","3","1","1","2","5","2","4","1","1","5","0.12","0.12","1.5","2","1","1","3","9","0.15","0.24","1.74","6","0.12","0.024","0.04","6","2","1","0.333333333","0.24","0.08","1.5","0.5","16.66666667","13.79310345","33.33333333","1.333333333","2.666666667","16.66666667","19.33333333","4","8","50","58"
"","","UGP2014NAM-OT03","","","","","","","","","UGP2014NAM-OT03-01859","","","","3","2","1","2","6","3","6","2","2","0","0.38","0","0.5","6","1","1","5","3","1.5","0.38","0.88","2","0.19","","0.19","1","0.666666667","1","0.666666667","0.19","0.126666667","0.25","0.166666667","100","43.18181818","66.66666667","4.222222222","4.222222222","5.555555556","9.777777778","6.333333333","6.333333333","8.333333333","14.66666667"
"","","UGP2014NAM-OT03","","","","","","","","","UGP2014NAM-OT03-01860","","","","3","2","1","2","7","2","5","2","3","0","1","0","3.9","9","1","1","4","1","0.02","1","4.9","3","0.333333333","","0.333333333","1.5","1","1.5","1","0.5","0.333333333","1.95","1.3","100","20.40816327","66.66666667","11.11111111","11.11111111","43.33333333","54.44444444","16.66666667","16.66666667","65","81.66666667"
"","","UGP2014NAM-OT03","","","","","","","","","UGP2014NAM-OT03-01861","","","","3","2","1","2","7","2","6","2","1","1","0.3","0.02","1.5","2","1","1","5","5","1.74","0.32","1.82","2","0.3","0.02","0.16","1","0.666666667","0.5","0.333333333","0.16","0.106666667","0.75","0.5","50","17.58241758","66.66666667","3.333333333","3.555555556","16.66666667","20.22222222","5","5.333333333","25","30.33333333"
"","","UGP2014NAM-OT03","","","","","","","","","UGP2014NAM-OT03-01862","","","","3","2","1","2","8","1","2","2","0","2","0","0.01","2.5","6","1","1","2","9","0.15","0.01","2.51","2","","0.005","0.005","1","0.666666667","0","0","0.005","0.003333333","1.25","0.833333333","0","0.398406375","66.66666667","0","0.111111111","27.77777778","27.88888889","0","0.166666667","41.66666667","41.83333333"
"","","UGP2014NAM-OT03","","","","","","","","","UGP2014NAM-OT03-01863","","","","3","2","1","2","7","2","4","2","0","0","0","0","1","","","","","","","0","1","0","","","","0","0","0","0","0","0","0.5","0.333333333","","0","66.66666667","0","0","11.11111111","11.11111111","0","0","16.66666667","16.66666667"
"","","UGP2014NAM-OT03","","","","","","","","","UGP2014NAM-OT03-01864","","","","3","2","2","2","7","1","3","2","0","0","0","0","3.5","","","","","","","0","3.5","0","","","","0","0","0","0","0","0","1.75","1.166666667","","0","66.66666667","0","0","38.88888889","38.88888889","0","0","58.33333333","58.33333333"
"","","UGP2014NAM-OT03","","","","","","","","","UGP2014NAM-OT03-01865","","","","3","3","1","2","8","1","3","3","2","0","0.26","0","5.5","2","1","1","3","7","0","0.26","5.76","2","0.13","","0.13","0.666666667","0.666666667","0.666666667","0.666666667","0.086666667","0.086666667","1.833333333","1.833333333","100","4.513888889","100","2.888888889","2.888888889","61.11111111","64","2.888888889","2.888888889","61.11111111","64"
"","","UGP2014NAM-OT03","","","","","","","","","UGP2014NAM-OT03-01866","","","","3","2","1","2","9","1","2","2","0","0","0","0","3.5","","","","","","","0","3.5","0","","","","0","0","0","0","0","0","1.75","1.166666667","","0","66.66666667","0","0","38.88888889","38.88888889","0","0","58.33333333","58.33333333"
"","","UGP2014NAM-OT03","","","","","","","","","UGP2014NAM-OT03-01867","","","","3","2","2","2","5","4","6","2","5","0","0.4","0","0.6","9","1","1","4","7","0.02","0.4","1","5","0.08","","0.08","2.5","1.666666667","2.5","1.666666667","0.2","0.133333333","0.3","0.2","100","40","66.66666667","4.444444444","4.444444444","6.666666667","11.11111111","6.666666667","6.666666667","10","16.66666667"
"","","UGP2014NAM-OT03","","","","","","","","","UGP2014NAM-OT03-01868","","","","3","0","","","","","","0","0","0","0","0","0","","","","","","","0","0","0","","","","","0","","0","","0","","0","","","0","0","0","0","0","","","",""
"","","UGP2014NAM-OT03","","","","","","","","","UGP2014NAM-OT03-01869","","","","3","2","1","2","8","1","3","2","3","0","0.48","0","1.5","9","2","1","8","3","0.02","0.48","1.98","3","0.16","","0.16","1.5","1","1.5","1","0.24","0.16","0.75","0.5","100","24.24242424","66.66666667","5.333333333","5.333333333","16.66666667","22","8","8","25","33"
"","","UGP2014NAM-OT03","","","","","","","","","UGP2014NAM-OT03-01870","","","","3","2","3","6","5","2","4","2","0","0","0","0","4","","","","","","","0","4","0","","","","0","0","0","0","0","0","2","1.333333333","","0","66.66666667","0","0","44.44444444","44.44444444","0","0","66.66666667","66.66666667"
"","","UGP2014NAM-OT03","","","","","","","","","UGP2014NAM-OT03-01871","","","","3","1","1","3","6","1","3","1","4","5","0.44","0.16","4.2","6","1","1","3","5","0.15","0.6","4.8","9","0.11","0.032","0.066666667","9","3","4","1.333333333","0.6","0.2","4.2","1.4","44.44444444","12.5","33.33333333","4.888888889","6.666666667","46.66666667","53.33333333","14.66666667","20","140","160"
"","","UGP2014NAM-OT03","","","","","","","","","UGP2014NAM-OT03-01872","","","","3","2","1","2","7","1","3","2","1","0","0.06","0","1.5","2","1","1","3","9","0","0.06","1.56","1","0.06","","0.06","0.5","0.333333333","0.5","0.333333333","0.03","0.02","0.75","0.5","100","3.846153846","66.66666667","0.666666667","0.666666667","16.66666667","17.33333333","1","1","25","26"
"","","UGP2014NAM-OT03","","","","","","","","","UGP2014NAM-OT03-01873","","","","3","2","1","3","7","2","4","2","2","2","0.24","0.01","1.6","6","1","1","2","3","7.76","0.25","1.85","4","0.12","0.005","0.0625","2","1.333333333","1","0.666666667","0.125","0.083333333","0.8","0.533333333","50","13.51351351","66.66666667","2.666666667","2.777777778","17.77777778","20.55555556","4","4.166666667","26.66666667","30.83333333"
"","","UGP2014NAM-OT03","","","","","","","","","UGP2014NAM-OT03-01874","","","","3","1","2","2","6","2","3","1","0","0","0","0","2","","","","","","","0","2","0","","","","0","0","0","0","0","0","2","0.666666667","","0","33.33333333","0","0","22.22222222","22.22222222","0","0","66.66666667","66.66666667"
"","","UGP2014NAM-OT03","","","","","","","","","UGP2014NAM-OT03-01875","","","","3","2","2","2","9","3","5","2","1","0","0.09","0","4","9","1","1","2","7","0.02","0.09","4.09","1","0.09","","0.09","0.5","0.333333333","0.5","0.333333333","0.045","0.03","2","1.333333333","100","2.200488998","66.66666667","1","1","44.44444444","45.44444444","1.5","1.5","66.66666667","68.16666667"
"","","UGP2014NAM-OT03","","","","","","","","","UGP2014NAM-OT03-01876","","","","3","0","","","","","","0","0","0","0","0","0","","","","","","","0","0","0","","","","","0","","0","","0","","0","","","0","0","0","0","0","","","",""
"","","UGP2014NAM-OT03","","","","","","","","","UGP2014NAM-OT03-01877","","","","3","1","1","3","9","1","2","1","5","5","1.04","0.16","3.5","9","1","1","5","3","0","1.2","4.7","10","0.208","0.032","0.12","10","3.333333333","5","1.666666667","1.2","0.4","3.5","1.166666667","50","25.53191489","33.33333333","11.55555556","13.33333333","38.88888889","52.22222222","34.66666667","40","116.6666667","156.6666667"
"","","UGP2014NAM-OT03","","","","","","","","","UGP2014NAM-OT03-01878","","","","3","2","1","3","6","2","3","2","2","7","0.36","0.12","1","9","1","1","4","5","4.41","0.48","1.48","9","0.18","0.017142857","0.053333333","4.5","3","1","0.666666667","0.24","0.16","0.5","0.333333333","22.22222222","32.43243243","66.66666667","4","5.333333333","11.11111111","16.44444444","6","8","16.66666667","24.66666667"
"","","UGP2014NAM-OT03","","","","","","","","","UGP2014NAM-OT03-01879","","","","3","2","3","6","9","1","2","2","3","2","1.02","0.4","4.5","2","2","5","6","1","1.32","1.42","5.92","5","0.34","0.2","0.284","2.5","1.666666667","1.5","1","0.71","0.473333333","2.25","1.5","60","23.98648649","66.66666667","11.33333333","15.77777778","50","65.77777778","17","23.66666667","75","98.66666667"
"","","UGP2014NAM-OT03","","","","","","","","","UGP2014NAM-OT03-01880","","","","3","2","1","2","7","1","2","2","11","4","1.6","0.12","3","9","1","1","4","1","14.37","1.72","4.72","15","0.145454545","0.03","0.114666667","7.5","5","5.5","3.666666667","0.86","0.573333333","1.5","1","73.33333333","36.44067797","66.66666667","17.77777778","19.11111111","33.33333333","52.44444444","26.66666667","28.66666667","50","78.66666667"
"","","UGP2014NAM-OT03","","","","","","","","","UGP2014NAM-OT03-01881","","","","3","2","1","2","7","4","6","2","3","1","1.7","0.01","1.5","9","2","1","1","1","0.02","1.71","3.21","4","0.566666667","0.01","0.4275","2","1.333333333","1.5","1","0.855","0.57","0.75","0.5","75","53.27102804","66.66666667","18.88888889","19","16.66666667","35.66666667","28.33333333","28.5","25","53.5"
"","","UGP2014NAM-OT03","","","","","","","","","UGP2014NAM-OT03-01882","","","","3","1","1","3","9","1","3","1","6","1","1.12","0.01","3.5","8","2","2","2","3","0.12","1.13","4.63","7","0.186666667","0.01","0.161428571","7","2.333333333","6","2","1.13","0.376666667","3.5","1.166666667","85.71428571","24.40604752","33.33333333","12.44444444","12.55555556","38.88888889","51.44444444","37.33333333","37.66666667","116.6666667","154.3333333"
"","","UGP2014NAM-OT03","","","","","","","","","UGP2014NAM-OT03-01883","","","","3","2","1","2","9","1","3","2","5","7","0.26","0.16","6","2","1","1","3","7","0.15","0.42","6.42","12","0.052","0.022857143","0.035","6","4","2.5","1.666666667","0.21","0.14","3","2","41.66666667","6.542056075","66.66666667","2.888888889","4.666666667","66.66666667","71.33333333","4.333333333","7","100","107"
"","","UGP2014NAM-OT03","","","","","","","","","UGP2014NAM-OT03-01884","","","","3","1","1","3","7","1","3","1","0","0","0","0","1.5","","","","","","","0","1.5","0","","","","0","0","0","0","0","0","1.5","0.5","","0","33.33333333","0","0","16.66666667","16.66666667","0","0","50","50"
"","","UGP2014NAM-OT03","","","","","","","","","UGP2014NAM-OT03-01885","","","","3","2","1","2","7","4","3","2","0","0","0","0","5","","","","","","","0","5","0","","","","0","0","0","0","0","0","2.5","1.666666667","","0","66.66666667","0","0","55.55555556","55.55555556","0","0","83.33333333","83.33333333"
"","","UGP2014NAM-OT03","","","","","","","","","UGP2014NAM-OT03-01886","","","","3","2","1","3","7","1","6","2","14","18","1.7","0.26","1","6","2","1","2","3","1.5","1.96","2.96","32","0.121428571","0.014444444","0.06125","16","10.66666667","7","4.666666667","0.98","0.653333333","0.5","0.333333333","43.75","66.21621622","66.66666667","18.88888889","21.77777778","11.11111111","32.88888889","28.33333333","32.66666667","16.66666667","49.33333333"
"","","UGP2014NAM-OT03","","","","","","","","","UGP2014NAM-OT03-01887","","","","3","2","1","3","8","2","2","2","5","2","1.8","0.05","4.5","2","2","2","5","3","0","1.85","6.35","7","0.36","0.025","0.264285714","3.5","2.333333333","2.5","1.666666667","0.925","0.616666667","2.25","1.5","71.42857143","29.13385827","66.66666667","20","20.55555556","50","70.55555556","30","30.83333333","75","105.8333333"
"","","UGP2014NAM-OT03","","","","","","","","","UGP2014NAM-OT03-01888","","","","3","1","1","4","7","1","3","1","0","1","0","0.08","1.2","9","1","1","3","7","0.15","0.08","1.28","1","","0.08","0.08","1","0.333333333","0","0","0.08","0.026666667","1.2","0.4","0","6.25","33.33333333","0","0.888888889","13.33333333","14.22222222","0","2.666666667","40","42.66666667"
"","","UGP2014NAM-OT03","","","","","","","","","UGP2014NAM-OT03-01889","","","","3","3","1","2","8","1","3","3","6","4","0.4","0.12","3.5","2","1","1","3","7","0","0.52","4.02","10","0.066666667","0.03","0.052","3.333333333","3.333333333","2","2","0.173333333","0.173333333","1.166666667","1.166666667","60","12.93532338","100","4.444444444","5.777777778","38.88888889","44.66666667","4.444444444","5.777777778","38.88888889","44.66666667"
"","","UGP2014NAM-OT03","","","","","","","","","UGP2014NAM-OT03-01890","","","","3","2","4","6","7","2","4","2","0","0","0","0","1.1","","","","","","","0","1.1","0","","","","0","0","0","0","0","0","0.55","0.366666667","","0","66.66666667","0","0","12.22222222","12.22222222","0","0","18.33333333","18.33333333"
"","","UGP2014NAM-OT03","","","","","","","","","UGP2014NAM-OT03-01891","","","","3","2","1","2","5","4","7","2","0","3","0","0.12","0.5","8","1","1","1","7","0.02","0.12","0.62","3","","0.04","0.04","1.5","1","0","0","0.06","0.04","0.25","0.166666667","0","19.35483871","66.66666667","0","1.333333333","5.555555556","6.888888889","0","2","8.333333333","10.33333333"
"","","UGP2014NAM-OT03","","","","","","","","","UGP2014NAM-OT03-01892","","","","3","2","1","2","7","1","2","2","3","0","0.16","0","0.7","2","1","1","3","7","0.02","0.16","0.86","3","0.053333333","","0.053333333","1.5","1","1.5","1","0.08","0.053333333","0.35","0.233333333","100","18.60465116","66.66666667","1.777777778","1.777777778","7.777777778","9.555555556","2.666666667","2.666666667","11.66666667","14.33333333"
"","","UGP2014NAM-OT03","","","","","","","","","UGP2014NAM-OT03-01893","","","","3","2","1","2","8","1","2","2","3","0","0.5","0","4","9","1","1","4","3","0","0.5","4.5","3","0.166666667","","0.166666667","1.5","1","1.5","1","0.25","0.166666667","2","1.333333333","100","11.11111111","66.66666667","5.555555556","5.555555556","44.44444444","50","8.333333333","8.333333333","66.66666667","75"
"","","UGP2014NAM-OT03","","","","","","","","","UGP2014NAM-OT03-01894","","","","3","3","2","4","8","1","3","3","4","0","0.8","0","5","9","1","1","9","3","0.12","0.8","5.8","4","0.2","","0.2","1.333333333","1.333333333","1.333333333","1.333333333","0.266666667","0.266666667","1.666666667","1.666666667","100","13.79310345","100","8.888888889","8.888888889","55.55555556","64.44444444","8.888888889","8.888888889","55.55555556","64.44444444"
"","","UGP2014NAM-OT03","","","","","","","","","UGP2014NAM-OT03-01895","","","","3","1","3","6","7","2","4","1","2","0","1","0","4","2","1","1","7","1","0.15","1","5","2","0.5","","0.5","2","0.666666667","2","0.666666667","1","0.333333333","4","1.333333333","100","20","33.33333333","11.11111111","11.11111111","44.44444444","55.55555556","33.33333333","33.33333333","133.3333333","166.6666667"
"","","UGP2014NAM-OT03","","","","","","","","","UGP2014NAM-OT03-01896","","","","3","2","1","3","5","2","3","2","0","0","0","0","1.5","","","","","","","0","1.5","0","","","","0","0","0","0","0","0","0.75","0.5","","0","66.66666667","0","0","16.66666667","16.66666667","0","0","25","25"
"","","UGP2014NAM-OT03","","","","","","","","","UGP2014NAM-OT03-01897","","","","3","2","2","3","5","3","5","2","0","0","0","0","1.2","","","","","","","0","1.2","0","","","","0","0","0","0","0","0","0.6","0.4","","0","66.66666667","0","0","13.33333333","13.33333333","0","0","20","20"
"","","UGP2014NAM-OT03","","","","","","","","","UGP2014NAM-OT03-01898","","","","3","1","1","2","7","1","3","1","1","0","0.06","0","1","2","1","1","4","7","0","0.06","1.06","1","0.06","","0.06","1","0.333333333","1","0.333333333","0.06","0.02","1","0.333333333","100","5.660377358","33.33333333","0.666666667","0.666666667","11.11111111","11.77777778","2","2","33.33333333","35.33333333"
"","","UGP2014NAM-OT03","","","","","","","","","UGP2014NAM-OT03-01899","","","","3","1","1","2","5","1","2","1","0","0","0","0","2.5","","","","","","","0","2.5","0","","","","0","0","0","0","0","0","2.5","0.833333333","","0","33.33333333","0","0","27.77777778","27.77777778","0","0","83.33333333","83.33333333"
"","","UGP2014NAM-OT03","","","","","","","","","UGP2014NAM-OT03-01900","","","","3","2","1","2","5","1","3","2","0","0","0","0","0.3","","","","","","","0","0.3","0","","","","0","0","0","0","0","0","0.15","0.1","","0","66.66666667","0","0","3.333333333","3.333333333","0","0","5","5"
"","","UGP2014NAM-OT03","","","","","","","","","UGP2014NAM-OT03-01901","","","","3","2","1","2","6","1","2","2","0","0","0","0","1.5","","","","","","","0","1.5","0","","","","0","0","0","0","0","0","0.75","0.5","","0","66.66666667","0","0","16.66666667","16.66666667","0","0","25","25"
"","","UGP2014NAM-OT03","","","","","","","","","UGP2014NAM-OT03-01902","","","","3","1","2","2","7","3","6","1","0","0","0","0","0.3","","","","","","","0","0.3","0","","","","0","0","0","0","0","0","0.3","0.1","","0","33.33333333","0","0","3.333333333","3.333333333","0","0","10","10"
"","","UGP2014NAM-OT03","","","","","","","","","UGP2014NAM-OT03-01903","","","","3","0","","","","","","0","0","0","0","0","0","","","","","","","0","0","0","","","","","0","","0","","0","","0","","","0","0","0","0","0","","","",""
"","","UGP2014NAM-OT03","","","","","","","","","UGP2014NAM-OT03-01904","","","","3","2","1","2","6","1","3","2","0","0","0","0","1.7","","","","","","","0","1.7","0","","","","0","0","0","0","0","0","0.85","0.566666667","","0","66.66666667","0","0","18.88888889","18.88888889","0","0","28.33333333","28.33333333"
"","","UGP2014NAM-OT03","","","","","","","","","UGP2014NAM-OT03-01905","","","","3","1","1","4","7","1","2","1","0","0","0","0","1.5","","","","","","","0","1.5","0","","","","0","0","0","0","0","0","1.5","0.5","","0","33.33333333","0","0","16.66666667","16.66666667","0","0","50","50"
"","","UGP2014NAM-OT03","","","","","","","","","UGP2014NAM-OT03-01906","","","","3","0","","","","","","0","0","0","0","0","0","","","","","","","0","0","0","","","","","0","","0","","0","","0","","","0","0","0","0","0","","","",""
"","","UGP2014NAM-OT03","","","","","","","","","UGP2014NAM-OT03-01907","","","","3","2","1","2","7","1","3","2","0","0","0","0","3.5","","","","","","","0","3.5","0","","","","0","0","0","0","0","0","1.75","1.166666667","","0","66.66666667","0","0","38.88888889","38.88888889","0","0","58.33333333","58.33333333"
"","","UGP2014NAM-OT03","","","","","","","","","UGP2014NAM-OT03-01908","","","","3","2","1","3","5","2","4","2","0","3","0","0.03","2","2","1","1","4","9","0.02","0.03","2.03","3","","0.01","0.01","1.5","1","0","0","0.015","0.01","1","0.666666667","0","1.477832512","66.66666667","0","0.333333333","22.22222222","22.55555556","0","0.5","33.33333333","33.83333333"
"","","UGP2014NAM-OT03","","","","","","","","","UGP2014NAM-OT03-01909","","","","3","2","1","3","5","2","3","2","2","1","0.26","0.01","1","2","1","1","4","3","0","0.27","1.27","3","0.13","0.01","0.09","1.5","1","1","0.666666667","0.135","0.09","0.5","0.333333333","66.66666667","21.25984252","66.66666667","2.888888889","3","11.11111111","14.11111111","4.333333333","4.5","16.66666667","21.16666667"
"","","UGP2014NAM-OT03","","","","","","","","","UGP2014NAM-OT03-01910","","","","3","2","1","2","9","1","2","2","2","2","0.3","0.06","2.5","6","1","1","5","3","0.15","0.36","2.86","4","0.15","0.03","0.09","2","1.333333333","1","0.666666667","0.18","0.12","1.25","0.833333333","50","12.58741259","66.66666667","3.333333333","4","27.77777778","31.77777778","5","6","41.66666667","47.66666667"
"","","UGP2014NAM-OT03","","","","","","","","","UGP2014NAM-OT03-01911","","","","3","3","1","2","6","1","2","3","10","1","1.12","0.04","2.7","9","1","1","2","3","4.92","1.16","3.86","11","0.112","0.04","0.105454545","3.666666667","3.666666667","3.333333333","3.333333333","0.386666667","0.386666667","0.9","0.9","90.90909091","30.05181347","100","12.44444444","12.88888889","30","42.88888889","12.44444444","12.88888889","30","42.88888889"
"","","UGP2014NAM-OT03","","","","","","","","","UGP2014NAM-OT03-01912","","","","3","2","1","2","5","1","3","2","0","0","0","0","2.5","","","","","","","0","2.5","0","","","","0","0","0","0","0","0","1.25","0.833333333","","0","66.66666667","0","0","27.77777778","27.77777778","0","0","41.66666667","41.66666667"
"","","UGP2014NAM-OT03","","","","","","","","","UGP2014NAM-OT03-01913","","","","3","2","1","2","7","2","4","2","0","0","0","0","2.7","","","","","","","0","2.7","0","","","","0","0","0","0","0","0","1.35","0.9","","0","66.66666667","0","0","30","30","0","0","45","45"
"","","UGP2014NAM-OT03","","","","","","","","","UGP2014NAM-OT03-01914","","","","3","1","1","2","6","3","5","1","0","0","0","0","0.5","","","","","","","0","0.5","0","","","","0","0","0","0","0","0","0.5","0.166666667","","0","33.33333333","0","0","5.555555556","5.555555556","0","0","16.66666667","16.66666667"
"","","UGP2014NAM-OT03","","","","","","","","","UGP2014NAM-OT03-01915","","","","3","2","1","2","5","2","4","2","0","0","0","0","0.5","","","","","","","0","0.5","0","","","","0","0","0","0","0","0","0.25","0.166666667","","0","66.66666667","0","0","5.555555556","5.555555556","0","0","8.333333333","8.333333333"
"","","UGP2014NAM-OT03","","","","","","","","","UGP2014NAM-OT03-01916","","","","3","3","1","4","8","3","5","3","0","0","0","0","1","","","","","","","0","1","0","","","","0","0","0","0","0","0","0.333333333","0.333333333","","0","100","0","0","11.11111111","11.11111111","0","0","11.11111111","11.11111111"
"","","UGP2014NAM-OT03","","","","","","","","","UGP2014NAM-OT03-01917","","","","3","3","2","2","8","1","3","3","0","0","0","0","1.5","","","","","","","0","1.5","0","","","","0","0","0","0","0","0","0.5","0.5","","0","100","0","0","16.66666667","16.66666667","0","0","16.66666667","16.66666667"
"","","UGP2014NAM-OT03","","","","","","","","","UGP2014NAM-OT03-01918","","","","3","1","1","2","5","1","3","1","0","0","0","0","0.5","","","","","","","0","0.5","0","","","","0","0","0","0","0","0","0.5","0.166666667","","0","33.33333333","0","0","5.555555556","5.555555556","0","0","16.66666667","16.66666667"
"","","UGP2014NAM-OT03","","","","","","","","","UGP2014NAM-OT03-01919","","","","3","0","","","","","","0","0","0","0","0","0","","","","","","","0","0","0","","","","","0","","0","","0","","0","","","0","0","0","0","0","","","",""
"","","UGP2014NAM-OT03","","","","","","","","","UGP2014NAM-OT03-01920","","","","3","0","","","","","","0","0","0","0","0","0","","","","","","","0","0","0","","","","","0","","0","","0","","0","","","0","0","0","0","0","","","",""
"","","UGP2014NAM-OT03","","","","","","","","","UGP2014NAM-OT03-01921","","","","3","1","1","2","7","1","2","1","4","0","1.24","0","7","9","1","1","1","1","0","1.24","8.24","4","0.31","","0.31","4","1.333333333","4","1.333333333","1.24","0.413333333","7","2.333333333","100","15.04854369","33.33333333","13.77777778","13.77777778","77.77777778","91.55555556","41.33333333","41.33333333","233.3333333","274.6666667"
"","","UGP2014NAM-OT03","","","","","","","","","UGP2014NAM-OT03-01922","","","","3","1","2","6","8","1","2","1","5","0","1.28","0","0.5","9","1","1","6","1","3.96","1.28","1.78","5","0.256","","0.256","5","1.666666667","5","1.666666667","1.28","0.426666667","0.5","0.166666667","100","71.91011236","33.33333333","14.22222222","14.22222222","5.555555556","19.77777778","42.66666667","42.66666667","16.66666667","59.33333333"
"","","UGP2014NAM-OT03","","","","","","","","","UGP2014NAM-OT03-01923","","","","3","2","1","3","6","1","3","2","2","5","0.12","0.02","2.5","6","1","1","3","7","11.03","0.14","2.64","7","0.06","0.004","0.02","3.5","2.333333333","1","0.666666667","0.07","0.046666667","1.25","0.833333333","28.57142857","5.303030303","66.66666667","1.333333333","1.555555556","27.77777778","29.33333333","2","2.333333333","41.66666667","44"
"","","UGP2014NAM-OT03","","","","","","","","","UGP2014NAM-OT03-01924","","","","3","3","3","4","7","2","3","3","11","8","1","0.12","2.2","2","1","1","3","3","3.96","1.12","3.32","19","0.090909091","0.015","0.058947368","6.333333333","6.333333333","3.666666667","3.666666667","0.373333333","0.373333333","0.733333333","0.733333333","57.89473684","33.73493976","100","11.11111111","12.44444444","24.44444444","36.88888889","11.11111111","12.44444444","24.44444444","36.88888889"
"","","UGP2014NAM-OT03","","","","","","","","","UGP2014NAM-OT03-01925","","","","3","2","3","4","9","2","3","2","2","2","0.68","0.05","2","2","1","1","5","3","3.03","0.73","2.73","4","0.34","0.025","0.1825","2","1.333333333","1","0.666666667","0.365","0.243333333","1","0.666666667","50","26.73992674","66.66666667","7.555555556","8.111111111","22.22222222","30.33333333","11.33333333","12.16666667","33.33333333","45.5"
"","","UGP2014NAM-OT03","","","","","","","","","UGP2014NAM-OT03-01926","","","","3","1","4","7","8","1","2","1","0","0","0","0","1.5","","","","","","","0","1.5","0","","","","0","0","0","0","0","0","1.5","0.5","","0","33.33333333","0","0","16.66666667","16.66666667","0","0","50","50"
"","","UGP2014NAM-OT03","","","","","","","","","UGP2014NAM-OT03-01927","","","","3","2","2","6","9","1","3","2","5","0","3","0","5","8","1","1","5","1","0","3","8","5","0.6","","0.6","2.5","1.666666667","2.5","1.666666667","1.5","1","2.5","1.666666667","100","37.5","66.66666667","33.33333333","33.33333333","55.55555556","88.88888889","50","50","83.33333333","133.3333333"
"","","UGP2014NAM-OT03","","","","","","","","","UGP2014NAM-OT03-01928","","","","3","0","","","","","","0","0","0","0","0","0","","","","","","","0","0","0","","","","","0","","0","","0","","0","","","0","0","0","0","0","","","",""
"","","UGP2014NAM-OT03","","","","","","","","","UGP2014NAM-OT03-01929","","","","3","2","1","4","8","1","3","2","4","0","0.68","0","1.6","9","1","1","8","3","0","0.68","2.28","4","0.17","","0.17","2","1.333333333","2","1.333333333","0.34","0.226666667","0.8","0.533333333","100","29.8245614","66.66666667","7.555555556","7.555555556","17.77777778","25.33333333","11.33333333","11.33333333","26.66666667","38"
"","","UGP2014NAM-OT03","","","","","","","","","UGP2014NAM-OT03-01930","","","","3","2","1","2","7","3","6","2","2","3","0.12","0.05","1.5","2","1","1","2","7","0","0.17","1.67","5","0.06","0.016666667","0.034","2.5","1.666666667","1","0.666666667","0.085","0.056666667","0.75","0.5","40","10.17964072","66.66666667","1.333333333","1.888888889","16.66666667","18.55555556","2","2.833333333","25","27.83333333"
"","","UGP2014NAM-OT03","","","","","","","","","UGP2014NAM-OT03-01931","","","","3","1","1","2","6","1","2","1","4","0","0.7","0","0.1","2","1","1","5","3","0","0.7","0.8","4","0.175","","0.175","4","1.333333333","4","1.333333333","0.7","0.233333333","0.1","0.033333333","100","87.5","33.33333333","7.777777778","7.777777778","1.111111111","8.888888889","23.33333333","23.33333333","3.333333333","26.66666667"
"","","UGP2014NAM-OT03","","","","","","","","","UGP2014NAM-OT03-01932","","","","3","1","1","2","7","1","2","1","2","0","0.12","0","4.5","2","1","1","3","7","1.65","0.12","4.62","2","0.06","","0.06","2","0.666666667","2","0.666666667","0.12","0.04","4.5","1.5","100","2.597402597","33.33333333","1.333333333","1.333333333","50","51.33333333","4","4","150","154"
"","","UGP2014NAM-OT03","","","","","","","","","UGP2014NAM-OT03-01933","","","","3","1","1","2","8","1","2","1","0","0","0","0","1","","","","","","","0","1","0","","","","0","0","0","0","0","0","1","0.333333333","","0","33.33333333","0","0","11.11111111","11.11111111","0","0","33.33333333","33.33333333"
"","","UGP2014NAM-OT03","","","","","","","","","UGP2014NAM-OT03-01934","","","","3","0","","","","","","0","0","0","0","0","0","","","","","","","0","0","0","","","","","0","","0","","0","","0","","","0","0","0","0","0","","","",""
"","","UGP2014NAM-OT03","","","","","","","","","UGP2014NAM-OT03-01935","","","","3","2","1","3","8","1","2","2","2","0","0.7","0","3","9","1","1","1","3","0","0.7","3.7","2","0.35","","0.35","1","0.666666667","1","0.666666667","0.35","0.233333333","1.5","1","100","18.91891892","66.66666667","7.777777778","7.777777778","33.33333333","41.11111111","11.66666667","11.66666667","50","61.66666667"
"","","UGP2014NAM-OT03","","","","","","","","","UGP2014NAM-OT03-01936","","","","3","1","1","2","7","1","2","1","0","0","0","0","1.7","","","","","","","0","1.7","0","","","","0","0","0","0","0","0","1.7","0.566666667","","0","33.33333333","0","0","18.88888889","18.88888889","0","0","56.66666667","56.66666667"
"","","UGP2014NAM-OT03","","","","","","","","","UGP2014NAM-OT03-01937","","","","3","0","","","","","","0","0","0","0","0","0","","","","","","","0","0","0","","","","","0","","0","","0","","0","","","0","0","0","0","0","","","",""
"","","UGP2014NAM-OT03","","","","","","","","","UGP2014NAM-OT03-01938","","","","3","3","3","3","7","4","6","3","1","0","0.08","0","1","2","1","1","3","7","0.15","0.08","1.08","1","0.08","","0.08","0.333333333","0.333333333","0.333333333","0.333333333","0.026666667","0.026666667","0.333333333","0.333333333","100","7.407407407","100","0.888888889","0.888888889","11.11111111","12","0.888888889","0.888888889","11.11111111","12"
"","","UGP2014NAM-OT03","","","","","","","","","UGP2014NAM-OT03-01939","","","","3","2","4","6","9","2","3","2","4","0","0.5","0","4.5","9","2","1","2","3","11.03","0.5","5","4","0.125","","0.125","2","1.333333333","2","1.333333333","0.25","0.166666667","2.25","1.5","100","10","66.66666667","5.555555556","5.555555556","50","55.55555556","8.333333333","8.333333333","75","83.33333333"
"","","UGP2014NAM-OT03","","","","","","","","","UGP2014NAM-OT03-01940","","","","3","2","1","3","5","4","7","2","0","0","0","0","0.5","","","","","","","0","0.5","0","","","","0","0","0","0","0","0","0.25","0.166666667","","0","66.66666667","0","0","5.555555556","5.555555556","0","0","8.333333333","8.333333333"
"","","UGP2014NAM-OT03","","","","","","","","","UGP2014NAM-OT03-01941","","","","3","1","1","2","5","3","5","1","0","0","0","0","0.11","","","","","","","0","0.11","0","","","","0","0","0","0","0","0","0.11","0.036666667","","0","33.33333333","0","0","1.222222222","1.222222222","0","0","3.666666667","3.666666667"
"","","UGP2014NAM-OT03","","","","","","","","","UGP2014NAM-OT03-01942","","","","3","2","2","3","8","1","3","2","0","0","0","0","0.8","","","","","","","0","0.8","0","","","","0","0","0","0","0","0","0.4","0.266666667","","0","66.66666667","0","0","8.888888889","8.888888889","0","0","13.33333333","13.33333333"
"","","UGP2014NAM-OT03","","","","","","","","","UGP2014NAM-OT03-01943","","","","3","2","1","2","6","3","6","2","2","0","0.28","0","1","9","3","1","4","5","0","0.28","1.28","2","0.14","","0.14","1","0.666666667","1","0.666666667","0.14","0.093333333","0.5","0.333333333","100","21.875","66.66666667","3.111111111","3.111111111","11.11111111","14.22222222","4.666666667","4.666666667","16.66666667","21.33333333"
"","","UGP2014NAM-OT03","","","","","","","","","UGP2014NAM-OT03-01944","","","","3","2","2","3","6","2","3","2","0","0","0","0","1","","","","","","","0","1","0","","","","0","0","0","0","0","0","0.5","0.333333333","","0","66.66666667","0","0","11.11111111","11.11111111","0","0","16.66666667","16.66666667"
"","","UGP2014NAM-OT03","","","","","","","","","UGP2014NAM-OT03-01945","","","","3","0","","","","","","0","0","0","0","0","0","","","","","","","0","0","0","","","","","0","","0","","0","","0","","","0","0","0","0","0","","","",""
"","","UGP2014NAM-OT03","","","","","","","","","UGP2014NAM-OT03-01946","","","","3","1","1","2","5","1","2","1","0","0","0","0","3","","","","","","","0","3","0","","","","0","0","0","0","0","0","3","1","","0","33.33333333","0","0","33.33333333","33.33333333","0","0","100","100"
"","","UGP2014NAM-OT03","","","","","","","","","UGP2014NAM-OT03-01947","","","","3","2","4","6","5","1","3","2","3","1","0.38","0.03","3.6","6","1","1","3","5","0.02","0.41","4.01","4","0.126666667","0.03","0.1025","2","1.333333333","1.5","1","0.205","0.136666667","1.8","1.2","75","10.2244389","66.66666667","4.222222222","4.555555556","40","44.55555556","6.333333333","6.833333333","60","66.83333333"
"","","UGP2014NAM-OT03","","","","","","","","","UGP2014NAM-OT03-01948","","","","3","1","1","2","5","2","4","1","2","0","0.46","0","0.5","8","1","1","4","5","0.02","0.46","0.96","2","0.23","","0.23","2","0.666666667","2","0.666666667","0.46","0.153333333","0.5","0.166666667","100","47.91666667","33.33333333","5.111111111","5.111111111","5.555555556","10.66666667","15.33333333","15.33333333","16.66666667","32"
"","","UGP2014NAM-OT03","","","","","","","","","UGP2014NAM-OT03-01949","","","","3","1","1","2","4","3","7","1","0","0","0","0","0.09","","","","","","","0","0.09","0","","","","0","0","0","0","0","0","0.09","0.03","","0","33.33333333","0","0","1","1","0","0","3","3"
"","","UGP2014NAM-OT03","","","","","","","","","UGP2014NAM-OT03-01950","","","","3","0","","","","","","0","0","0","0","0","0","","","","","","","0","0","0","","","","","0","","0","","0","","0","","","0","0","0","0","0","","","",""
"","","UGP2014NAM-OT03","","","","","","","","","UGP2014NAM-OT03-01952","","","","3","2","1","2","7","3","6","2","0","0","0","0","3.5","","","","","","","0","3.5","0","","","","0","0","0","0","0","0","1.75","1.166666667","","0","66.66666667","0","0","38.88888889","38.88888889","0","0","58.33333333","58.33333333"
"","","UGP2014NAM-OT03","","","","","","","","","UGP2014NAM-OT03-01953","","","","3","2","1","2","6","1","3","2","0","0","0","0","1.7","","","","","","","0","1.7","0","","","","0","0","0","0","0","0","0.85","0.566666667","","0","66.66666667","0","0","18.88888889","18.88888889","0","0","28.33333333","28.33333333"
"","","UGP2014NAM-OT03","","","","","","","","","UGP2014NAM-OT03-01954","","","","3","2","1","2","6","4","6","2","3","0","1.08","0","4","6","1","1","9","1","7.76","1.08","5.08","3","0.36","","0.36","1.5","1","1.5","1","0.54","0.36","2","1.333333333","100","21.25984252","66.66666667","12","12","44.44444444","56.44444444","18","18","66.66666667","84.66666667"
"","","UGP2014NAM-OT03","","","","","","","","","UGP2014NAM-OT03-01955","","","","3","2","1","2","7","3","6","2","0","0","0","0","8","","","","","","","0","8","0","","","","0","0","0","0","0","0","4","2.666666667","","0","66.66666667","0","0","88.88888889","88.88888889","0","0","133.3333333","133.3333333"
"","","UGP2014NAM-OT03","","","","","","","","","UGP2014NAM-OT03-01956","","","","3","0","","","","","","0","0","0","0","0","0","","","","","","","0","0","0","","","","","0","","0","","0","","0","","","0","0","0","0","0","","","",""
"","","UGP2014NAM-OT03","","","","","","","","","UGP2014NAM-OT03-01957","","","","3","0","","","","","","0","0","0","0","0","0","","","","","","","0","0","0","","","","","0","","0","","0","","0","","","0","0","0","0","0","","","",""
"","","UGP2014NAM-OT03","","","","","","","","","UGP2014NAM-OT03-01958","","","","3","1","2","4","7","2","4","1","1","1","0.16","0.02","2.5","6","1","1","3","5","3.76","0.18","2.68","2","0.16","0.02","0.09","2","0.666666667","1","0.333333333","0.18","0.06","2.5","0.833333333","50","6.71641791","33.33333333","1.777777778","2","27.77777778","29.77777778","5.333333333","6","83.33333333","89.33333333"
"","","UGP2014NAM-OT03","","","","","","","","","UGP2014NAM-OT03-01959","","","","3","2","1","3","6","3","5","2","0","0","0","0","2.5","","","","","","","0","2.5","0","","","","0","0","0","0","0","0","1.25","0.833333333","","0","66.66666667","0","0","27.77777778","27.77777778","0","0","41.66666667","41.66666667"
"","","UGP2014NAM-OT03","","","","","","","","","UGP2014NAM-OT03-01960","","","","3","2","1","2","5","3","6","2","3","0","0.28","0","1.5","6","1","1","2","5","0.02","0.28","1.78","3","0.093333333","","0.093333333","1.5","1","1.5","1","0.14","0.093333333","0.75","0.5","100","15.73033708","66.66666667","3.111111111","3.111111111","16.66666667","19.77777778","4.666666667","4.666666667","25","29.66666667"
"","","UGP2014NAM-OT03","","","","","","","","","UGP2014NAM-OT03-01961","","","","3","1","1","3","7","1","3","1","0","0","0","0","1.6","","","","","","","0","1.6","0","","","","0","0","0","0","0","0","1.6","0.533333333","","0","33.33333333","0","0","17.77777778","17.77777778","0","0","53.33333333","53.33333333"
"","","UGP2014NAM-OT03","","","","","","","","","UGP2014NAM-OT03-01962","","","","3","1","1","2","6","1","3","1","5","0","1.22","0","1","9","1","1","1","1","0","1.22","2.22","5","0.244","","0.244","5","1.666666667","5","1.666666667","1.22","0.406666667","1","0.333333333","100","54.95495495","33.33333333","13.55555556","13.55555556","11.11111111","24.66666667","40.66666667","40.66666667","33.33333333","74"
"","","UGP2014NAM-OT03","","","","","","","","","UGP2014NAM-OT03-01963","","","","3","1","1","3","6","1","2","1","0","0","0","0","2","","","","","","","0","2","0","","","","0","0","0","0","0","0","2","0.666666667","","0","33.33333333","0","0","22.22222222","22.22222222","0","0","66.66666667","66.66666667"
"","","UGP2014NAM-OT03","","","","","","","","","UGP2014NAM-OT03-01964","","","","3","1","2","4","5","1","3","1","1","1","0.3","0.02","4.5","8","1","1","3","2","0.02","0.32","4.82","2","0.3","0.02","0.16","2","0.666666667","1","0.333333333","0.32","0.106666667","4.5","1.5","50","6.639004149","33.33333333","3.333333333","3.555555556","50","53.55555556","10","10.66666667","150","160.6666667"
"","","UGP2014NAM-OT03","","","","","","","","","UGP2014NAM-OT03-01965","","","","3","0","","","","","","0","0","0","0","0","0","","","","","","","0","0","0","","","","","0","","0","","0","","0","","","0","0","0","0","0","","","",""
"","","UGP2014NAM-OT03","","","","","","","","","UGP2014NAM-OT03-01966","","","","3","2","1","2","7","1","2","2","1","0","0.1","0","4","9","1","1","3","5","0","0.1","4.1","1","0.1","","0.1","0.5","0.333333333","0.5","0.333333333","0.05","0.033333333","2","1.333333333","100","2.43902439","66.66666667","1.111111111","1.111111111","44.44444444","45.55555556","1.666666667","1.666666667","66.66666667","68.33333333"
"","","UGP2014NAM-OT03","","","","","","","","","UGP2014NAM-OT03-01967","","","","3","2","4","6","8","1","2","2","1","0","0.16","0","3","9","1","1","8","7","0.12","0.16","3.16","1","0.16","","0.16","0.5","0.333333333","0.5","0.333333333","0.08","0.053333333","1.5","1","100","5.063291139","66.66666667","1.777777778","1.777777778","33.33333333","35.11111111","2.666666667","2.666666667","50","52.66666667"
"","","UGP2014NAM-OT03","","","","","","","","","UGP2014NAM-OT03-01968","","","","3","1","4","4","8","1","2","1","4","1","1.3","0.04","4.5","9","1","1","5","1","0.02","1.34","5.84","5","0.325","0.04","0.268","5","1.666666667","4","1.333333333","1.34","0.446666667","4.5","1.5","80","22.94520548","33.33333333","14.44444444","14.88888889","50","64.88888889","43.33333333","44.66666667","150","194.6666667"
"","","UGP2014NAM-OT03","","","","","","","","","UGP2014NAM-OT03-01969","","","","3","2","1","2","6","2","3","2","5","7","0.98","0.012","4","2","4","3","5","3","0","0.992","4.992","12","0.196","0.001714286","0.082666667","6","4","2.5","1.666666667","0.496","0.330666667","2","1.333333333","41.66666667","19.87179487","66.66666667","10.88888889","11.02222222","44.44444444","55.46666667","16.33333333","16.53333333","66.66666667","83.2"
"","","UGP2014NAM-OT03","","","","","","","","","UGP2014NAM-OT03-01970","","","","3","2","1","2","7","1","3","2","4","0","1.18","0","2.5","9","2","2","1","3","0.02","1.18","3.68","4","0.295","","0.295","2","1.333333333","2","1.333333333","0.59","0.393333333","1.25","0.833333333","100","32.06521739","66.66666667","13.11111111","13.11111111","27.77777778","40.88888889","19.66666667","19.66666667","41.66666667","61.33333333"
"","","UGP2014NAM-OT03","","","","","","","","","UGP2014NAM-OT03-01971","","","","3","2","2","2","6","1","3","2","5","5","0.38","0.05","0.5","8","1","3","2","5","1.5","0.43","0.93","10","0.076","0.01","0.043","5","3.333333333","2.5","1.666666667","0.215","0.143333333","0.25","0.166666667","50","46.23655914","66.66666667","4.222222222","4.777777778","5.555555556","10.33333333","6.333333333","7.166666667","8.333333333","15.5"
"","","UGP2014NAM-OT03","","","","","","","","","UGP2014NAM-OT03-01972","","","","3","2","2","3","8","1","3","2","7","0","0.7","0","1.8","2","2","4","1","5","0.02","0.7","2.5","7","0.1","","0.1","3.5","2.333333333","3.5","2.333333333","0.35","0.233333333","0.9","0.6","100","28","66.66666667","7.777777778","7.777777778","20","27.77777778","11.66666667","11.66666667","30","41.66666667"
"","","UGP2014NAM-OT03","","","","","","","","","UGP2014NAM-OT03-01973","","","","3","3","2","3","7","","2","3","5","1","1.16","0.01","1.9","9","1","1","6","1","0.15","1.17","3.07","6","0.232","0.01","0.195","2","2","1.666666667","1.666666667","0.39","0.39","0.633333333","0.633333333","83.33333333","38.11074919","100","12.88888889","13","21.11111111","34.11111111","12.88888889","13","21.11111111","34.11111111"
"","","UGP2014NAM-OT03","","","","","","","","","UGP2014NAM-OT03-01974","","","","3","2","2","3","7","","2","2","3","0","0.18","0","1.8","2","2","1","7","7","0.15","0.18","1.98","3","0.06","","0.06","1.5","1","1.5","1","0.09","0.06","0.9","0.6","100","9.090909091","66.66666667","2","2","20","22","3","3","30","33"
"","","UGP2014NAM-OT03","","","","","","","","","UGP2014NAM-OT03-01975","","","","3","1","1","2","6","","2","1","10","0","1.2","0","1","2","2","1","5","3","0.02","1.2","2.2","10","0.12","","0.12","10","3.333333333","10","3.333333333","1.2","0.4","1","0.333333333","100","54.54545455","33.33333333","13.33333333","13.33333333","11.11111111","24.44444444","40","40","33.33333333","73.33333333"
"","","UGP2014NAM-OT03","","","","","","","","","UGP2014NAM-OT03-01976","","","","3","2","1","3","6","","2","2","3","0","0.6","0","2","2","2","1","5","3","0.02","0.6","2.6","3","0.2","","0.2","1.5","1","1.5","1","0.3","0.2","1","0.666666667","100","23.07692308","66.66666667","6.666666667","6.666666667","22.22222222","28.88888889","10","10","33.33333333","43.33333333"
"","","UGP2014NAM-OT03","","","","","","","","","UGP2014NAM-OT03-01977","","","","3","2","2","3","8","","2","2","4","0","0.26","0","2.5","2","1","1","1","3","0","0.26","2.76","4","0.065","","0.065","2","1.333333333","2","1.333333333","0.13","0.086666667","1.25","0.833333333","100","9.420289855","66.66666667","2.888888889","2.888888889","27.77777778","30.66666667","4.333333333","4.333333333","41.66666667","46"
"","","UGP2014NAM-OT03","","","","","","","","","UGP2014NAM-OT03-01978","","","","3","2","2","2","6","","2","2","0","0","0","0","1.7","","","","","","","0","1.7","0","","","","0","0","0","0","0","0","0.85","0.566666667","","0","66.66666667","0","0","18.88888889","18.88888889","0","0","28.33333333","28.33333333"
"","","UGP2014NAM-OT03","","","","","","","","","UGP2014NAM-OT03-01979","","","","3","0","","","","","","0","0","0","0","0","0","","","","","","","0","0","0","","","","","0","","0","","0","","0","","","0","0","0","0","0","","","",""
"","","UGP2014NAM-OT03","","","","","","","","","UGP2014NAM-OT03-01980","","","","3","0","","","","","","0","0","0","0","0","0","","","","","","","0","0","0","","","","","0","","0","","0","","0","","","0","0","0","0","0","","","",""
"","","UGP2014NAM-OT03","","","","","","","","","UGP2014NAM-OT03-01981","","","","3","0","","","","","","0","0","0","0","0","0","","","","","","","0","0","0","","","","","0","","0","","0","","0","","","0","0","0","0","0","","","",""
"","","UGP2014NAM-OT03","","","","","","","","","UGP2014NAM-OT03-01982","","","","3","2","2","4","7","1","3","2","0","0","0","0","3","","","","","","","0","3","0","","","","0","0","0","0","0","0","1.5","1","","0","66.66666667","0","0","33.33333333","33.33333333","0","0","50","50"
"","","UGP2014NAM-OT03","","","","","","","","","UGP2014NAM-OT03-01983","","","","3","2","2","2","5","4","7","2","0","0","0","0","0.26","","","","","","","0","0.26","0","","","","0","0","0","0","0","0","0.13","0.086666667","","0","66.66666667","0","0","2.888888889","2.888888889","0","0","4.333333333","4.333333333"
"","","UGP2014NAM-OT03","","","","","","","","","UGP2014NAM-OT03-01984","","","","3","1","2","2","5","3","6","1","0","0","0","0","0.18","","","","","","","0","0.18","0","","","","0","0","0","0","0","0","0.18","0.06","","0","33.33333333","0","0","2","2","0","0","6","6"
"","","UGP2014NAM-OT03","","","","","","","","","UGP2014NAM-OT03-01985","","","","3","3","1","3","6","1","3","3","0","0","0","0","3.2","","","","","","","0","3.2","0","","","","0","0","0","0","0","0","1.066666667","1.066666667","","0","100","0","0","35.55555556","35.55555556","0","0","35.55555556","35.55555556"
"","","UGP2014NAM-OT03","","","","","","","","","UGP2014NAM-OT03-01986","","","","3","0","","","","","","0","0","0","0","0","0","","","","","","","0","0","0","","","","","0","","0","","0","","0","","","0","0","0","0","0","","","",""
"","","UGP2014NAM-OT03","","","","","","","","","UGP2014NAM-OT03-01987","","","","3","2","1","2","8","2","4","2","0","0","0","0","2.5","","","","","","","0","2.5","0","","","","0","0","0","0","0","0","1.25","0.833333333","","0","66.66666667","0","0","27.77777778","27.77777778","0","0","41.66666667","41.66666667"
"","","UGP2014NAM-OT03","","","","","","","","","UGP2014NAM-OT03-01988","","","","3","2","2","2","5","2","4","2","1","1","0.1","0.04","3.7","2","1","1","2","7","0.02","0.14","3.84","2","0.1","0.04","0.07","1","0.666666667","0.5","0.333333333","0.07","0.046666667","1.85","1.233333333","50","3.645833333","66.66666667","1.111111111","1.555555556","41.11111111","42.66666667","1.666666667","2.333333333","61.66666667","64"
"","","UGP2014NAM-OT03","","","","","","","","","UGP2014NAM-OT03-01989","","","","3","3","2","6","9","1","3","3","0","0","0","0","2.5","","","","","","","0","2.5","0","","","","0","0","0","0","0","0","0.833333333","0.833333333","","0","100","0","0","27.77777778","27.77777778","0","0","27.77777778","27.77777778"
"","","UGP2014NAM-OT03","","","","","","","","","UGP2014NAM-OT03-01991","","","","3","3","1","2","7","1","3","3","5","1","1.3","0.04","5","9","1","1","4","1","0.15","1.34","6.34","6","0.26","0.04","0.223333333","2","2","1.666666667","1.666666667","0.446666667","0.446666667","1.666666667","1.666666667","83.33333333","21.13564669","100","14.44444444","14.88888889","55.55555556","70.44444444","14.44444444","14.88888889","55.55555556","70.44444444"
"","","UGP2014NAM-OT03","","","","","","","","","UGP2014NAM-OT03-01992","","","","3","3","1","2","5","3","5","3","0","0","0","0","0.5","","","","","","","0","0.5","0","","","","0","0","0","0","0","0","0.166666667","0.166666667","","0","100","0","0","5.555555556","5.555555556","0","0","5.555555556","5.555555556"
"","","UGP2014NAM-OT03","","","","","","","","","UGP2014NAM-OT03-01993","","","","3","3","1","2","6","4","7","3","1","0","0.1","0","2","9","1","1","3","7","0.12","0.1","2.1","1","0.1","","0.1","0.333333333","0.333333333","0.333333333","0.333333333","0.033333333","0.033333333","0.666666667","0.666666667","100","4.761904762","100","1.111111111","1.111111111","22.22222222","23.33333333","1.111111111","1.111111111","22.22222222","23.33333333"
"","","UGP2014NAM-OT03","","","","","","","","","UGP2014NAM-OT03-01994","","","","3","2","4","6","6","2","4","2","0","0","0","0","1.5","","","","","","","0","1.5","0","","","","0","0","0","0","0","0","0.75","0.5","","0","66.66666667","0","0","16.66666667","16.66666667","0","0","25","25"
"","","UGP2014NAM-OT03","","","","","","","","","UGP2014NAM-OT03-01995","","","","3","1","3","3","6","3","5","1","0","0","0","0","1","","","","","","","0","1","0","","","","0","0","0","0","0","0","1","0.333333333","","0","33.33333333","0","0","11.11111111","11.11111111","0","0","33.33333333","33.33333333"
"","","UGP2014NAM-OT03","","","","","","","","","UGP2014NAM-OT03-01996","","","","3","2","2","2","5","4","6","2","1","0","0.24","0","0.16","2","1","1","3","5","0","0.24","0.4","1","0.24","","0.24","0.5","0.333333333","0.5","0.333333333","0.12","0.08","0.08","0.053333333","100","60","66.66666667","2.666666667","2.666666667","1.777777778","4.444444444","4","4","2.666666667","6.666666667"
"","","UGP2014NAM-OT03","","","","","","","","","UGP2014NAM-OT03-01997","","","","3","1","2","2","5","3","5","1","0","0","0","0","2.5","","","","","","","0","2.5","0","","","","0","0","0","0","0","0","2.5","0.833333333","","0","33.33333333","0","0","27.77777778","27.77777778","0","0","83.33333333","83.33333333"
"","","UGP2014NAM-OT03","","","","","","","","","UGP2014NAM-OT03-01998","","","","3","0","","","","","","0","0","0","0","0","0","","","","","","","0","0","0","","","","","0","","0","","0","","0","","","0","0","0","0","0","","","",""
"","","UGP2014NAM-OT03","","","","","","","","","UGP2014NAM-OT03-01999","","","","3","0","","","","","","0","0","0","0","0","0","","","","","","","0","0","0","","","","","0","","0","","0","","0","","","0","0","0","0","0","","","",""
"","","UGP2014NAM-OT03","","","","","","","","","UGP2014NAM-OT03-02000","","","","3","1","1","3","6","1","3","1","0","0","0","0","2","","","","","","","0","2","0","","","","0","0","0","0","0","0","2","0.666666667","","0","33.33333333","0","0","22.22222222","22.22222222","0","0","66.66666667","66.66666667"
"","","UGP2014NAM-OT03","","","","","","","","","UGP2014NAM-OT03-02001","","","","3","3","1","4","8","1","3","3","1","0","0.1","0","2.5","6","1","1","3","7","1.65","0.1","2.6","1","0.1","","0.1","0.333333333","0.333333333","0.333333333","0.333333333","0.033333333","0.033333333","0.833333333","0.833333333","100","3.846153846","100","1.111111111","1.111111111","27.77777778","28.88888889","1.111111111","1.111111111","27.77777778","28.88888889"
"","","UGP2014NAM-OT03","","","","","","","","","UGP2014NAM-OT03-02002","","","","3","3","2","2","6","1","2","3","2","0","0.3","0","3","6","1","1","3","7","0.12","0.3","3.3","2","0.15","","0.15","0.666666667","0.666666667","0.666666667","0.666666667","0.1","0.1","1","1","100","9.090909091","100","3.333333333","3.333333333","33.33333333","36.66666667","3.333333333","3.333333333","33.33333333","36.66666667"
"","","UGP2014NAM-OT03","","","","","","","","","UGP2014NAM-OT03-02003","","","","3","2","2","2","8","5","8","2","0","9","0","0.16","5","2","1","1","3","9","0.02","0.16","5.16","9","","0.017777778","0.017777778","4.5","3","0","0","0.08","0.053333333","2.5","1.666666667","0","3.100775194","66.66666667","0","1.777777778","55.55555556","57.33333333","0","2.666666667","83.33333333","86"
"","","UGP2014NAM-OT03","","","","","","","","","UGP2014NAM-OT03-02004","","","","3","2","1","6","5","1","2","2","1","1","0.08","0.04","1","2","1","1","2","7","0","0.12","1.12","2","0.08","0.04","0.06","1","0.666666667","0.5","0.333333333","0.06","0.04","0.5","0.333333333","50","10.71428571","66.66666667","0.888888889","1.333333333","11.11111111","12.44444444","1.333333333","2","16.66666667","18.66666667"
"","","UGP2014NAM-OT03","","","","","","","","","UGP2014NAM-OT03-02005","","","","3","2","1","2","5","1","3","2","0","0","0","0","2.7","","","","","","","0","2.7","0","","","","0","0","0","0","0","0","1.35","0.9","","0","66.66666667","0","0","30","30","0","0","45","45"
"","","UGP2014NAM-OT03","","","","","","","","","UGP2014NAM-OT03-02006","","","","3","2","1","2","6","1","3","2","3","12","0.24","0.16","1","2","1","1","3","7","0.02","0.4","1.4","15","0.08","0.013333333","0.026666667","7.5","5","1.5","1","0.2","0.133333333","0.5","0.333333333","20","28.57142857","66.66666667","2.666666667","4.444444444","11.11111111","15.55555556","4","6.666666667","16.66666667","23.33333333"
"","","UGP2014NAM-OT03","","","","","","","","","UGP2014NAM-OT03-02007","","","","3","2","1","3","7","2","3","2","4","1","1.9","0.02","3","6","1","1","6","1","0","1.92","4.92","5","0.475","0.02","0.384","2.5","1.666666667","2","1.333333333","0.96","0.64","1.5","1","80","39.02439024","66.66666667","21.11111111","21.33333333","33.33333333","54.66666667","31.66666667","32","50","82"
"","","UGP2014NAM-OT03","","","","","","","","","UGP2014NAM-OT03-02008","","","","3","3","3","4","6","1","2","3","2","0","0.36","0","1","2","1","1","6","5","0","0.36","1.36","2","0.18","","0.18","0.666666667","0.666666667","0.666666667","0.666666667","0.12","0.12","0.333333333","0.333333333","100","26.47058824","100","4","4","11.11111111","15.11111111","4","4","11.11111111","15.11111111"
"","","UGP2014NAM-OT03","","","","","","","","","UGP2014NAM-OT03-02009","","","","3","1","1","3","6","1","3","1","2","0","0.2","0","0.12","6","1","1","7","3","3.03","0.2","0.32","2","0.1","","0.1","2","0.666666667","2","0.666666667","0.2","0.066666667","0.12","0.04","100","62.5","33.33333333","2.222222222","2.222222222","1.333333333","3.555555556","6.666666667","6.666666667","4","10.66666667"
"","","UGP2014NAM-OT03","","","","","","","","","UGP2014NAM-OT03-02010","","","","3","1","1","3","9","1","3","1","2","0","0.98","0","6","2","1","1","7","1","0.02","0.98","6.98","2","0.49","","0.49","2","0.666666667","2","0.666666667","0.98","0.326666667","6","2","100","14.04011461","33.33333333","10.88888889","10.88888889","66.66666667","77.55555556","32.66666667","32.66666667","200","232.6666667"
"","","UGP2014NAM-OT03","","","","","","","","","UGP2014NAM-OT03-02011","","","","3","0","","","","","","0","0","0","0","0","0","","","","","","","0","0","0","","","","","0","","0","","0","","0","","","0","0","0","0","0","","","",""
"","","UGP2014NAM-OT03","","","","","","","","","UGP2014NAM-OT03-02012","","","","3","3","4","7","6","1","3","3","4","0","1","0","2","2","1","1","1","3","0.12","1","3","4","0.25","","0.25","1.333333333","1.333333333","1.333333333","1.333333333","0.333333333","0.333333333","0.666666667","0.666666667","100","33.33333333","100","11.11111111","11.11111111","22.22222222","33.33333333","11.11111111","11.11111111","22.22222222","33.33333333"
"","","UGP2014NAM-OT03","","","","","","","","","UGP2014NAM-OT03-02013","","","","3","1","1","3","7","1","2","1","1","0","0.4","0","1","4","1","1","1","3","0.03","0.4","1.4","1","0.4","","0.4","1","0.333333333","1","0.333333333","0.4","0.133333333","1","0.333333333","100","28.57142857","33.33333333","4.444444444","4.444444444","11.11111111","15.55555556","13.33333333","13.33333333","33.33333333","46.66666667"
"","","UGP2014NAM-OT03","","","","","","","","","UGP2014NAM-OT03-02014","","","","3","3","1","6","7","1","2","3","6","2","1.04","0.05","2.5","2","1","1","3","3","0.15","1.09","3.59","8","0.173333333","0.025","0.13625","2.666666667","2.666666667","2","2","0.363333333","0.363333333","0.833333333","0.833333333","75","30.36211699","100","11.55555556","12.11111111","27.77777778","39.88888889","11.55555556","12.11111111","27.77777778","39.88888889"
"","","UGP2014NAM-OT03","","","","","","","","","UGP2014NAM-OT03-02015","","","","3","2","2","5","8","2","2","2","9","0","0.98","0","2.6","2","1","1","1","3","0.02","0.98","3.58","9","0.108888889","","0.108888889","4.5","3","4.5","3","0.49","0.326666667","1.3","0.866666667","100","27.37430168","66.66666667","10.88888889","10.88888889","28.88888889","39.77777778","16.33333333","16.33333333","43.33333333","59.66666667"
"","","UGP2014NAM-OT03","","","","","","","","","UGP2014NAM-OT03-02016","","","","3","1","2","2","6","1","2","1","1","0","0.1","0","1.2","2","1","1","3","7","0.12","0.1","1.3","1","0.1","","0.1","1","0.333333333","1","0.333333333","0.1","0.033333333","1.2","0.4","100","7.692307692","33.33333333","1.111111111","1.111111111","13.33333333","14.44444444","3.333333333","3.333333333","40","43.33333333"
"","","UGP2014NAM-OT03","","","","","","","","","UGP2014NAM-OT03-02017","","","","3","2","2","2","5","1","2","2","4","0","0.58","0","1.3","8","1","1","1","3","0","0.58","1.88","4","0.145","","0.145","2","1.333333333","2","1.333333333","0.29","0.193333333","0.65","0.433333333","100","30.85106383","66.66666667","6.444444444","6.444444444","14.44444444","20.88888889","9.666666667","9.666666667","21.66666667","31.33333333"
"","","UGP2014NAM-OT03","","","","","","","","","UGP2014NAM-OT03-02018","","","","3","0","","","","","","0","0","0","0","0","0","","","","","","","0","0","0","","","","","0","","0","","0","","0","","","0","0","0","0","0","","","",""
"","","UGP2014NAM-OT03","","","","","","","","","UGP2014NAM-OT03-02019","","","","3","3","3","4","5","1","3","3","4","0","0.24","0","1.5","2","2","1","2","5","5.46","0.24","1.74","4","0.06","","0.06","1.333333333","1.333333333","1.333333333","1.333333333","0.08","0.08","0.5","0.5","100","13.79310345","100","2.666666667","2.666666667","16.66666667","19.33333333","2.666666667","2.666666667","16.66666667","19.33333333"
"","","UGP2014NAM-OT03","","","","","","","","","UGP2014NAM-OT03-02020","","","","3","2","3","4","7","1","2","2","0","0","0","0","2.5","","","","","","","0","2.5","0","","","","0","0","0","0","0","0","1.25","0.833333333","","0","66.66666667","0","0","27.77777778","27.77777778","0","0","41.66666667","41.66666667"
"","","UGP2014NAM-OT03","","","","","","","","","UGP2014NAM-OT03-02021","","","","3","2","1","2","7","1","2","2","3","1","0.24","0.03","1.7","9","1","1","2","5","0.12","0.27","1.97","4","0.08","0.03","0.0675","2","1.333333333","1.5","1","0.135","0.09","0.85","0.566666667","75","13.70558376","66.66666667","2.666666667","3","18.88888889","21.88888889","4","4.5","28.33333333","32.83333333"
"","","UGP2014NAM-OT03","","","","","","","","","UGP2014NAM-OT03-02022","","","","3","2","1","2","6","1","2","2","0","0","0","0","1","","","","","","","0","1","0","","","","0","0","0","0","0","0","0.5","0.333333333","","0","66.66666667","0","0","11.11111111","11.11111111","0","0","16.66666667","16.66666667"
"","","UGP2014NAM-OT03","","","","","","","","","UGP2014NAM-OT03-02023","","","","3","1","1","2","8","2","4","1","0","0","0","0","6","","","","","","","0","6","0","","","","0","0","0","0","0","0","6","2","","0","33.33333333","0","0","66.66666667","66.66666667","0","0","200","200"
"","","UGP2014NAM-OT03","","","","","","","","","UGP2014NAM-OT03-02024","","","","3","2","1","2","7","1","2","2","0","0","0","0","2","","","","","","","0","2","0","","","","0","0","0","0","0","0","1","0.666666667","","0","66.66666667","0","0","22.22222222","22.22222222","0","0","33.33333333","33.33333333"
"","","UGP2014NAM-OT03","","","","","","","","","UGP2014NAM-OT03-02025","","","","3","1","1","3","5","1","2","1","1","4","0.08","0.05","0.6","6","1","1","2","9","0","0.13","0.73","5","0.08","0.0125","0.026","5","1.666666667","1","0.333333333","0.13","0.043333333","0.6","0.2","20","17.80821918","33.33333333","0.888888889","1.444444444","6.666666667","8.111111111","2.666666667","4.333333333","20","24.33333333"
"","","UGP2014NAM-OT03","","","","","","","","","UGP2014NAM-OT03-02026","","","","3","2","1","2","6","3","5","2","0","0","0","0","0.5","","","","","","","0","0.5","0","","","","0","0","0","0","0","0","0.25","0.166666667","","0","66.66666667","0","0","5.555555556","5.555555556","0","0","8.333333333","8.333333333"
"","","UGP2014NAM-OT03","","","","","","","","","UGP2014NAM-OT03-02027","","","","3","0","","","","","","0","0","0","0","0","0","","","","","","","0","0","0","","","","","0","","0","","0","","0","","","0","0","0","0","0","","","",""
"","","UGP2014NAM-OT03","","","","","","","","","UGP2014NAM-OT03-02028","","","","3","2","1","4","7","3","6","2","0","0","0","0","1","","","","","","","0","1","0","","","","0","0","0","0","0","0","0.5","0.333333333","","0","66.66666667","0","0","11.11111111","11.11111111","0","0","16.66666667","16.66666667"
"","","UGP2014NAM-OT03","","","","","","","","","UGP2014NAM-OT03-02029","","","","3","3","2","6","6","1","3","3","2","1","0.24","0.02","1.2","8","1","1","5","5","0","0.26","1.46","3","0.12","0.02","0.086666667","1","1","0.666666667","0.666666667","0.086666667","0.086666667","0.4","0.4","66.66666667","17.80821918","100","2.666666667","2.888888889","13.33333333","16.22222222","2.666666667","2.888888889","13.33333333","16.22222222"
"","","UGP2014NAM-OT03","","","","","","","","","UGP2014NAM-OT03-02030","","","","3","2","1","4","9","1","2","2","4","2","0.26","0.04","1.5","8","1","1","5","7","0","0.3","1.8","6","0.065","0.02","0.05","3","2","2","1.333333333","0.15","0.1","0.75","0.5","66.66666667","16.66666667","66.66666667","2.888888889","3.333333333","16.66666667","20","4.333333333","5","25","30"
"","","UGP2014NAM-OT03","","","","","","","","","UGP2014NAM-OT03-02031","","","","3","2","1","2","7","2","4","2","1","0","0.05","0","1","8","1","1","3","7","0","0.05","1.05","1","0.05","","0.05","0.5","0.333333333","0.5","0.333333333","0.025","0.016666667","0.5","0.333333333","100","4.761904762","66.66666667","0.555555556","0.555555556","11.11111111","11.66666667","0.833333333","0.833333333","16.66666667","17.5"
"","","UGP2014NAM-OT03","","","","","","","","","UGP2014NAM-OT03-02032","","","","3","0","","","","","","0","0","0","0","0","0","","","","","","","0","0","0","","","","","0","","0","","0","","0","","","0","0","0","0","0","","","",""
"","","UGP2014NAM-OT03","","","","","","","","","UGP2014NAM-OT03-02033","","","","3","2","3","4","6","2","4","2","0","0","0","0","1","","","","","","","0","1","0","","","","0","0","0","0","0","0","0.5","0.333333333","","0","66.66666667","0","0","11.11111111","11.11111111","0","0","16.66666667","16.66666667"
"","","UGP2014NAM-OT03","","","","","","","","","UGP2014NAM-OT03-02034","","","","3","2","1","2","6","3","5","2","0","0","0","0","4.2","","","","","","","0","4.2","0","","","","0","0","0","0","0","0","2.1","1.4","","0","66.66666667","0","0","46.66666667","46.66666667","0","0","70","70"
"","","UGP2014NAM-OT03","","","","","","","","","UGP2014NAM-OT03-02035","","","","3","0","","","","","","0","0","0","0","0","0","","","","","","","0","0","0","","","","","0","","0","","0","","0","","","0","0","0","0","0","","","",""
"","","UGP2014NAM-OT03","","","","","","","","","UGP2014NAM-OT03-02036","","","","3","0","","","","","","0","0","0","0","0","0","","","","","","","0","0","0","","","","","0","","0","","0","","0","","","0","0","0","0","0","","","",""
"","","UGP2014NAM-OT03","","","","","","","","","UGP2014NAM-OT03-02037","","","","3","3","1","3","7","1","3","3","0","0","0","0","3.5","","","","","","","0","3.5","0","","","","0","0","0","0","0","0","1.166666667","1.166666667","","0","100","0","0","38.88888889","38.88888889","0","0","38.88888889","38.88888889"
"","","UGP2014NAM-OT03","","","","","","","","","UGP2014NAM-OT03-02038","","","","3","3","1","4","6","2","4","3","3","0","0.16","0","1.5","8","1","1","4","5","0.03","0.16","1.66","3","0.053333333","","0.053333333","1","1","1","1","0.053333333","0.053333333","0.5","0.5","100","9.638554217","100","1.777777778","1.777777778","16.66666667","18.44444444","1.777777778","1.777777778","16.66666667","18.44444444"
"","","UGP2014NAM-OT03","","","","","","","","","UGP2014NAM-OT03-02039","","","","3","1","","2","8","1","3","1","6","2","1.3","0.05","2","2","2","2","7","1","0.03","1.35","3.35","8","0.216666667","0.025","0.16875","8","2.666666667","6","2","1.35","0.45","2","0.666666667","75","40.29850746","33.33333333","14.44444444","15","22.22222222","37.22222222","43.33333333","45","66.66666667","111.6666667"
"","","UGP2014NAM-OT03","","","","","","","","","UGP2014NAM-OT03-02040","","","","3","1","","3","5","2","4","1","1","0","0.09","0","0.08","6","1","1","2","5","0.03","0.09","0.17","1","0.09","","0.09","1","0.333333333","1","0.333333333","0.09","0.03","0.08","0.026666667","100","52.94117647","33.33333333","1","1","0.888888889","1.888888889","3","3","2.666666667","5.666666667"
"","","UGP2014NAM-OT03","","","","","","","","","UGP2014NAM-OT03-02041","","","","3","0","","","","","","0","0","0","0","0","0","","","","","","","0","0","0","","","","","0","","0","","0","","0","","","0","0","0","0","0","","","",""
"","","UGP2014NAM-OT03","","","","","","","","","UGP2014NAM-OT03-02042","","","","3","1","1","2","9","2","4","1","1","4","0.16","0.05","2.7","6","1","1","8","7","0.12","0.21","2.91","5","0.16","0.0125","0.042","5","1.666666667","1","0.333333333","0.21","0.07","2.7","0.9","20","7.216494845","33.33333333","1.777777778","2.333333333","30","32.33333333","5.333333333","7","90","97"
"","","UGP2014NAM-OT03","","","","","","","","","UGP2014NAM-OT03-02043","","","","3","2","1","3","7","1","3","2","2","0","0.12","0","","2","1","1","2","5","0.03","0.12","","2","0.06","","0.06","1","0.666666667","1","0.666666667","0.06","0.04","","","100","","66.66666667","1.333333333","1.333333333","","","2","2","",""
"","","UGP2014NAM-OT03","","","","","","","","","UGP2014NAM-OT03-02044","","","","3","2","1","2","6","2","4","2","1","0","0.38","0","","8","1","1","5","3","0","0.38","","1","0.38","","0.38","0.5","0.333333333","0.5","0.333333333","0.19","0.126666667","","","100","","66.66666667","4.222222222","4.222222222","","","6.333333333","6.333333333","",""
"","","UGP2014NAM-OT03","","","","","","","","","UGP2014NAM-OT03-02045","","","","3","2","1","3","7","1","3","2","2","0","0.09","0","","2","1","1","3","3","0.03","0.09","","2","0.045","","0.045","1","0.666666667","1","0.666666667","0.045","0.03","","","100","","66.66666667","1","1","","","1.5","1.5","",""
"","","UGP2014NAM-OT03","","","","","","","","","UGP2014NAM-OT03-02046","","","","3","1","1","2","6","3","6","1","0","0","0","0","0.5","","","","","","","0","0.5","0","","","","0","0","0","0","0","0","0.5","0.166666667","","0","33.33333333","0","0","5.555555556","5.555555556","0","0","16.66666667","16.66666667"
"","","UGP2014NAM-OT03","","","","","","","","","UGP2014NAM-OT03-02047","","","","3","2","1","3","5","3","6","2","5","2","0.4","0.04","0.5","9","1","1","8","3","7.76","0.44","0.94","7","0.08","0.02","0.062857143","3.5","2.333333333","2.5","1.666666667","0.22","0.146666667","0.25","0.166666667","71.42857143","46.80851064","66.66666667","4.444444444","4.888888889","5.555555556","10.44444444","6.666666667","7.333333333","8.333333333","15.66666667"
"","","UGP2014NAM-OT03","","","","","","","","","UGP2014NAM-OT03-02048","","","","3","1","2","2","7","1","2","1","1","10","0.2","","4","6","1","1","3","4","4.41","","","11","0.2","","","11","3.666666667","1","0.333333333","","","4","1.333333333","9.090909091","","33.33333333","2.222222222","","44.44444444","","6.666666667","","133.3333333",""
"","","UGP2014NAM-OT03","","","","","","","","","UGP2014NAM-OT03-02049","","","","3","1","3","6","6","1","3","1","1","3","0.2","0.1","1","8","1","1","5","6","0.12","0.3","1.3","4","0.2","0.033333333","0.075","4","1.333333333","1","0.333333333","0.3","0.1","1","0.333333333","25","23.07692308","33.33333333","2.222222222","3.333333333","11.11111111","14.44444444","6.666666667","10","33.33333333","43.33333333"
"","","UGP2014NAM-OT03","","","","","","","","","UGP2014NAM-OT03-02050","","","","3","2","1","2","7","2","4","2","4","0","1.8","0","1","9","1","1","5","1","4.41","1.8","2.8","4","0.45","","0.45","2","1.333333333","2","1.333333333","0.9","0.6","0.5","0.333333333","100","64.28571429","66.66666667","20","20","11.11111111","31.11111111","30","30","16.66666667","46.66666667"
"","","UGP2014NAM-OT03","","","","","","","","","UGP2014NAM-OT03-02051","","","","3","1","3","6","6","1","3","1","3","0","0.6","0","2.2","8","2","1","4","3","1.65","0.6","2.8","3","0.2","","0.2","3","1","3","1","0.6","0.2","2.2","0.733333333","100","21.42857143","33.33333333","6.666666667","6.666666667","24.44444444","31.11111111","20","20","73.33333333","93.33333333"
"","","UGP2014NAM-OT03","","","","","","","","","UGP2014NAM-OT03-02052","","","","3","2","5","8","7","1","3","2","4","0","0.46","0","1","8","1","1","3","5","0","0.46","1.46","4","0.115","","0.115","2","1.333333333","2","1.333333333","0.23","0.153333333","0.5","0.333333333","100","31.50684932","66.66666667","5.111111111","5.111111111","11.11111111","16.22222222","7.666666667","7.666666667","16.66666667","24.33333333"
"","","UGP2014NAM-OT03","","","","","","","","","UGP2014NAM-OT03-02053","","","","3","2","1","7","8","1","2","2","2","0","1.4","0","4","9","1","1","7","1","0.02","1.4","5.4","2","0.7","","0.7","1","0.666666667","1","0.666666667","0.7","0.466666667","2","1.333333333","100","25.92592593","66.66666667","15.55555556","15.55555556","44.44444444","60","23.33333333","23.33333333","66.66666667","90"
"","","UGP2014NAM-OT03","","","","","","","","","UGP2014NAM-OT03-02054","","","","3","1","1","2","6","2","4","1","2","0","0.48","0","3.3","9","1","1","2","3","0.15","0.48","3.78","2","0.24","","0.24","2","0.666666667","2","0.666666667","0.48","0.16","3.3","1.1","100","12.6984127","33.33333333","5.333333333","5.333333333","36.66666667","42","16","16","110","126"
"","","UGP2014NAM-OT03","","","","","","","","","UGP2014NAM-OT03-02055","","","","3","2","1","5","5","2","4","2","0","0","0","0","0.5","","","","","","","0","0.5","0","","","","0","0","0","0","0","0","0.25","0.166666667","","0","66.66666667","0","0","5.555555556","5.555555556","0","0","8.333333333","8.333333333"
"","","UGP2014NAM-OT03","","","","","","","","","UGP2014NAM-OT03-02056","","","","3","2","1","2","9","1","2","2","6","3","1.08","0.05","3.5","2","1","1","3","5","0","1.13","4.63","9","0.18","0.016666667","0.125555556","4.5","3","3","2","0.565","0.376666667","1.75","1.166666667","66.66666667","24.40604752","66.66666667","12","12.55555556","38.88888889","51.44444444","18","18.83333333","58.33333333","77.16666667"
"","","UGP2014NAM-OT03","","","","","","","","","UGP2014NAM-OT03-02057","","","","3","2","3","6","8","2","4","2","0","0","0","0","2.4","","","","","","","0","2.4","0","","","","0","0","0","0","0","0","1.2","0.8","","0","66.66666667","0","0","26.66666667","26.66666667","0","0","40","40"
"","","UGP2014NAM-OT03","","","","","","","","","UGP2014NAM-OT03-02058","","","","3","2","1","2","9","1","3","2","6","0","4","0","4.5","2","3","3","6","1","0.02","4","8.5","6","0.666666667","","0.666666667","3","2","3","2","2","1.333333333","2.25","1.5","100","47.05882353","66.66666667","44.44444444","44.44444444","50","94.44444444","66.66666667","66.66666667","75","141.6666667"
"","","UGP2014NAM-OT03","","","","","","","","","UGP2014NAM-OT03-02059","","","","3","2","1","3","6","1","3","2","8","0","2","0","0.6","2","3","3","6","1","0","2","2.6","8","0.25","","0.25","4","2.666666667","4","2.666666667","1","0.666666667","0.3","0.2","100","76.92307692","66.66666667","22.22222222","22.22222222","6.666666667","28.88888889","33.33333333","33.33333333","10","43.33333333"
"","","UGP2014NAM-OT03","","","","","","","","","UGP2014NAM-OT03-02060","","","","3","2","2","2","6","1","2","2","0","0","0","0","0.4","","","","","","","0","0.4","0","","","","0","0","0","0","0","0","0.2","0.133333333","","0","66.66666667","0","0","4.444444444","4.444444444","0","0","6.666666667","6.666666667"
"","","UGP2014NAM-OT03","","","","","","","","","UGP2014NAM-OT03-02061","","","","3","2","2","3","6","1","2","2","1","1","0.12","0.04","0.5","2","1","1","1","7","0.02","0.16","0.66","2","0.12","0.04","0.08","1","0.666666667","0.5","0.333333333","0.08","0.053333333","0.25","0.166666667","50","24.24242424","66.66666667","1.333333333","1.777777778","5.555555556","7.333333333","2","2.666666667","8.333333333","11"
"","","UGP2014NAM-OT03","","","","","","","","","UGP2014NAM-OT03-02062","","","","3","2","1","2","6","1","3","2","3","7","0.3","0.06","0.24","9","1","1","3","7","0","0.36","0.6","10","0.1","0.008571429","0.036","5","3.333333333","1.5","1","0.18","0.12","0.12","0.08","30","60","66.66666667","3.333333333","4","2.666666667","6.666666667","5","6","4","10"
"","","UGP2014NAM-OT03","","","","","","","","","UGP2014NAM-OT03-02063","","","","3","0","","","","","","0","0","0","0","0","0","","","","","","","0","0","0","","","","","0","","0","","0","","0","","","0","0","0","0","0","","","",""
"","","UGP2014NAM-OT03","","","","","","","","","UGP2014NAM-OT03-02064","","","","3","2","1","6","6","3","6","2","0","0","0","0","1","","","","","","","0","1","0","","","","0","0","0","0","0","0","0.5","0.333333333","","0","66.66666667","0","0","11.11111111","11.11111111","0","0","16.66666667","16.66666667"
"","","UGP2014NAM-OT03","","","","","","","","","UGP2014NAM-OT03-02065","","","","3","3","3","6","5","4","8","3","0","0","0","0","0.18","","","","","","","0","0.18","0","","","","0","0","0","0","0","0","0.06","0.06","","0","100","0","0","2","2","0","0","2","2"
"","","UGP2014NAM-OT03","","","","","","","","","UGP2014NAM-OT03-02066","","","","3","3","1","3","9","2","4","3","2","0","0.12","0","3.5","2","1","1","9","9","0","0.12","3.62","2","0.06","","0.06","0.666666667","0.666666667","0.666666667","0.666666667","0.04","0.04","1.166666667","1.166666667","100","3.314917127","100","1.333333333","1.333333333","38.88888889","40.22222222","1.333333333","1.333333333","38.88888889","40.22222222"
"","","UGP2014NAM-OT03","","","","","","","","","UGP2014NAM-OT03-02067","","","","3","2","1","2","8","2","4","2","0","0","0","0","3","","","","","","","0","3","0","","","","0","0","0","0","0","0","1.5","1","","0","66.66666667","0","0","33.33333333","33.33333333","0","0","50","50"
"","","UGP2014NAM-OT03","","","","","","","","","UGP2014NAM-OT03-02068","","","","3","3","2","3","5","2","4","3","0","0","0","0","1","","","","","","","0","1","0","","","","0","0","0","0","0","0","0.333333333","0.333333333","","0","100","0","0","11.11111111","11.11111111","0","0","11.11111111","11.11111111"
"","","UGP2014NAM-OT03","","","","","","","","","UGP2014NAM-OT03-02069","","","","3","3","1","4","6","1","3","3","0","4","0","0.04","1.1","2","1","1","3","9","0","0.04","1.14","4","","0.01","0.01","1.333333333","1.333333333","0","0","0.013333333","0.013333333","0.366666667","0.366666667","0","3.50877193","100","0","0.444444444","12.22222222","12.66666667","0","0.444444444","12.22222222","12.66666667"
"","","UGP2014NAM-OT03","","","","","","","","","UGP2014NAM-OT03-02070","","","","3","2","1","3","6","1","2","2","2","1","0.14","0.03","1.5","2","1","3","","","0.02","0.17","1.67","3","0.07","0.03","0.056666667","1.5","1","1","0.666666667","0.085","0.056666667","0.75","0.5","66.66666667","10.17964072","66.66666667","1.555555556","1.888888889","16.66666667","18.55555556","2.333333333","2.833333333","25","27.83333333"
"","","UGP2014NAM-OT03","","","","","","","","","UGP2014NAM-OT03-02071","","","","3","2","3","6","7","1","3","2","0","0","0","0","2.5","","","","","","","0","2.5","0","","","","0","0","0","0","0","0","1.25","0.833333333","","0","66.66666667","0","0","27.77777778","27.77777778","0","0","41.66666667","41.66666667"
"","","UGP2014NAM-OT03","","","","","","","","","UGP2014NAM-OT03-02072","","","","3","3","3","4","7","1","3","3","2","4","0.1","0.1","2.5","8","1","1","8","7","0","0.2","2.7","6","0.05","0.025","0.033333333","2","2","0.666666667","0.666666667","0.066666667","0.066666667","0.833333333","0.833333333","33.33333333","7.407407407","100","1.111111111","2.222222222","27.77777778","30","1.111111111","2.222222222","27.77777778","30"
"","","UGP2014NAM-OT03","","","","","","","","","UGP2014NAM-OT03-02073","","","","3","1","2","3","8","2","3","1","1","0","0.4","0","2","5","2","1","3","5","0","0.4","2.4","1","0.4","","0.4","1","0.333333333","1","0.333333333","0.4","0.133333333","2","0.666666667","100","16.66666667","33.33333333","4.444444444","4.444444444","22.22222222","26.66666667","13.33333333","13.33333333","66.66666667","80"
"","","UGP2014NAM-OT03","","","","","","","","","UGP2014NAM-OT03-02074","","","","3","2","1","3","6","2","4","2","0","0","0","0","1.7","","","","","","","0","1.7","0","","","","0","0","0","0","0","0","0.85","0.566666667","","0","66.66666667","0","0","18.88888889","18.88888889","0","0","28.33333333","28.33333333"
"","","UGP2014NAM-OT03","","","","","","","","","UGP2014NAM-OT03-02075","","","","3","3","1","2","6","4","7","3","0","0","0","0","0.5","","","","","","","0","0.5","0","","","","0","0","0","0","0","0","0.166666667","0.166666667","","0","100","0","0","5.555555556","5.555555556","0","0","5.555555556","5.555555556"
"","","UGP2014NAM-OT03","","","","","","","","","UGP2014NAM-OT03-02076","","","","3","2","1","2","7","2","3","2","6","1","0.44","0.03","4.2","2","1","1","2","5","1.65","0.47","4.67","7","0.073333333","0.03","0.067142857","3.5","2.333333333","3","2","0.235","0.156666667","2.1","1.4","85.71428571","10.06423983","66.66666667","4.888888889","5.222222222","46.66666667","51.88888889","7.333333333","7.833333333","70","77.83333333"
"","","UGP2014NAM-OT03","","","","","","","","","UGP2014NAM-OT03-02077","","","","3","1","1","2","7","1","3","1","0","0","0","0","4.7","","","","","","","0","4.7","0","","","","0","0","0","0","0","0","4.7","1.566666667","","0","33.33333333","0","0","52.22222222","52.22222222","0","0","156.6666667","156.6666667"
"","","UGP2014NAM-OT03","","","","","","","","","UGP2014NAM-OT03-02078","","","","3","2","2","3","8","1","2","2","6","2","0.64","0.03","1.5","6","1","1","5","5","7.76","0.67","2.17","8","0.106666667","0.015","0.08375","4","2.666666667","3","2","0.335","0.223333333","0.75","0.5","75","30.87557604","66.66666667","7.111111111","7.444444444","16.66666667","24.11111111","10.66666667","11.16666667","25","36.16666667"
"","","UGP2014NAM-OT03","","","","","","","","","UGP2014NAM-OT03-02079","","","","3","1","1","2","7","1","3","1","1","0","0.6","0","4","8","1","1","3","7","0.02","0.6","4.6","1","0.6","","0.6","1","0.333333333","1","0.333333333","0.6","0.2","4","1.333333333","100","13.04347826","33.33333333","6.666666667","6.666666667","44.44444444","51.11111111","20","20","133.3333333","153.3333333"
"","","UGP2014NAM-OT03","","","","","","","","","UGP2014NAM-OT03-02080","","","","3","3","1","3","9","1","2","3","2","0","0.24","0","2","2","1","1","3","5","0.02","0.24","2.24","2","0.12","","0.12","0.666666667","0.666666667","0.666666667","0.666666667","0.08","0.08","0.666666667","0.666666667","100","10.71428571","100","2.666666667","2.666666667","22.22222222","24.88888889","2.666666667","2.666666667","22.22222222","24.88888889"
"","","UGP2014NAM-OT03","","","","","","","","","UGP2014NAM-OT03-02081","","","","3","2","1","2","8","1","3","2","1","3","0.24","0.05","2.8","2","2","1","5","5","0","0.29","3.09","4","0.24","0.016666667","0.0725","2","1.333333333","0.5","0.333333333","0.145","0.096666667","1.4","0.933333333","25","9.385113269","66.66666667","2.666666667","3.222222222","31.11111111","34.33333333","4","4.833333333","46.66666667","51.5"
"","","UGP2014NAM-OT03","","","","","","","","","UGP2014NAM-OT03-02082","","","","3","2","1","3","6","1","3","2","0","0","0","0","2.3","","","","","","","0","2.3","0","","","","0","0","0","0","0","0","1.15","0.766666667","","0","66.66666667","0","0","25.55555556","25.55555556","0","0","38.33333333","38.33333333"
"","","UGP2014NAM-OT03","","","","","","","","","UGP2014NAM-OT03-02083","","","","3","1","2","2","7","1","2","1","0","0","0","0","3","","","","","","","0","3","0","","","","0","0","0","0","0","0","3","1","","0","33.33333333","0","0","33.33333333","33.33333333","0","0","100","100"
"","","UGP2014NAM-OT03","","","","","","","","","UGP2014NAM-OT03-02084","","","","3","2","2","2","9","1","3","2","2","0","0.8","0","11.3","2","2","1","7","1","0.02","0.8","12.1","2","0.4","","0.4","1","0.666666667","1","0.666666667","0.4","0.266666667","5.65","3.766666667","100","6.611570248","66.66666667","8.888888889","8.888888889","125.5555556","134.4444444","13.33333333","13.33333333","188.3333333","201.6666667"
"","","UGP2014NAM-OT03","","","","","","","","","UGP2014NAM-OT03-02085","","","","3","2","2","2","6","3","5","2","0","0","0","0","3.7","","","","","","","0","3.7","0","","","","0","0","0","0","0","0","1.85","1.233333333","","0","66.66666667","0","0","41.11111111","41.11111111","0","0","61.66666667","61.66666667"
"","","UGP2014NAM-OT03","","","","","","","","","UGP2014NAM-OT03-02086","","","","3","1","2","2","8","1","2","1","1","0","0.06","0","7","8","1","1","9","9","0.02","0.06","7.06","1","0.06","","0.06","1","0.333333333","1","0.333333333","0.06","0.02","7","2.333333333","100","0.849858357","33.33333333","0.666666667","0.666666667","77.77777778","78.44444444","2","2","233.3333333","235.3333333"
"","","UGP2014NAM-OT03","","","","","","","","","UGP2014NAM-OT03-02087","","","","3","2","2","2","7","2","4","2","1","0","0.18","0","1","8","1","1","4","5","0","0.18","1.18","1","0.18","","0.18","0.5","0.333333333","0.5","0.333333333","0.09","0.06","0.5","0.333333333","100","15.25423729","66.66666667","2","2","11.11111111","13.11111111","3","3","16.66666667","19.66666667"
"","","UGP2014NAM-OT03","","","","","","","","","UGP2014NAM-OT03-02088","","","","3","2","1","2","9","1","2","2","4","4","0.96","0.08","1","2","2","1","9","3","0.15","1.04","2.04","8","0.24","0.02","0.13","4","2.666666667","2","1.333333333","0.52","0.346666667","0.5","0.333333333","50","50.98039216","66.66666667","10.66666667","11.55555556","11.11111111","22.66666667","16","17.33333333","16.66666667","34"
"","","UGP2014NAM-OT03","","","","","","","","","UGP2014NAM-OT03-02089","","","","3","2","1","3","8","1","2","2","0","0","0","0","9","","","","","","","0","9","0","","","","0","0","0","0","0","0","4.5","3","","0","66.66666667","0","0","100","100","0","0","150","150"
"","","UGP2014NAM-OT03","","","","","","","","","UGP2014NAM-OT03-02090","","","","3","1","1","3","6","3","6","1","2","0","0.19","0","","8","1","1","4","7","1.38","0.19","","2","0.095","","0.095","2","0.666666667","2","0.666666667","0.19","0.063333333","","","100","","33.33333333","2.111111111","2.111111111","","","6.333333333","6.333333333","",""
"","","UGP2014NAM-OT03","","","","","","","","","UGP2014NAM-OT03-02091","","","","3","1","1","3","8","1","2","1","0","0","0","0","1.5","","","","","","","0","1.5","0","","","","0","0","0","0","0","0","1.5","0.5","","0","33.33333333","0","0","16.66666667","16.66666667","0","0","50","50"
"","","UGP2014NAM-OT03","","","","","","","","","UGP2014NAM-OT03-02092","","","","3","2","2","3","9","1","3","2","3","3","1.8","0.1","7.2","8","1","1","4","1","0","1.9","9.1","6","0.6","0.033333333","0.316666667","3","2","1.5","1","0.95","0.633333333","3.6","2.4","50","20.87912088","66.66666667","20","21.11111111","80","101.1111111","30","31.66666667","120","151.6666667"
"","","UGP2014NAM-OT03","","","","","","","","","UGP2014NAM-OT03-02093","","","","3","2","2","3","9","1","2","2","9","0","0.69","0","2.7","2","1","1","3","5","0","0.69","3.39","9","0.076666667","","0.076666667","4.5","3","4.5","3","0.345","0.23","1.35","0.9","100","20.3539823","66.66666667","7.666666667","7.666666667","30","37.66666667","11.5","11.5","45","56.5"
"","","UGP2014NAM-OT03","","","","","","","","","UGP2014NAM-OT03-02094","","","","3","1","2","3","7","1","3","1","1","0","0.46","0","1","2","1","1","4","1","0","0.46","1.46","1","0.46","","0.46","1","0.333333333","1","0.333333333","0.46","0.153333333","1","0.333333333","100","31.50684932","33.33333333","5.111111111","5.111111111","11.11111111","16.22222222","15.33333333","15.33333333","33.33333333","48.66666667"
"","","UGP2014NAM-OT03","","","","","","","","","UGP2014NAM-OT03-02095","","","","3","1","2","6","6","2","3","1","0","0","0","0","1.3","","","","","","","0","1.3","0","","","","0","0","0","0","0","0","1.3","0.433333333","","0","33.33333333","0","0","14.44444444","14.44444444","0","0","43.33333333","43.33333333"
"","","UGP2014NAM-OT03","","","","","","","","","UGP2014NAM-OT03-02096","","","","3","0","","","","","","0","0","0","0","0","0","","","","","","","0","0","0","","","","","0","","0","","0","","0","","","0","0","0","0","0","","","",""
"","","UGP2014NAM-OT03","","","","","","","","","UGP2014NAM-OT03-02097","","","","3","2","1","2","6","1","3","2","0","0","0","0","1","","","","","","","0","1","0","","","","0","0","0","0","0","0","0.5","0.333333333","","0","66.66666667","0","0","11.11111111","11.11111111","0","0","16.66666667","16.66666667"
"","","UGP2014NAM-OT03","","","","","","","","","UGP2014NAM-OT03-02098","","","","3","2","1","3","8","1","2","2","2","0","0.28","0","1.1","2","1","1","2","5","0.02","0.28","1.38","2","0.14","","0.14","1","0.666666667","1","0.666666667","0.14","0.093333333","0.55","0.366666667","100","20.28985507","66.66666667","3.111111111","3.111111111","12.22222222","15.33333333","4.666666667","4.666666667","18.33333333","23"
"","","UGP2014NAM-OT03","","","","","","","","","UGP2014NAM-OT03-02099","","","","3","1","3","6","5","1","2","1","1","2","0.2","0.08","2.5","2","1","1","2","3","0.02","0.28","2.78","3","0.2","0.04","0.093333333","3","1","1","0.333333333","0.28","0.093333333","2.5","0.833333333","33.33333333","10.07194245","33.33333333","2.222222222","3.111111111","27.77777778","30.88888889","6.666666667","9.333333333","83.33333333","92.66666667"
"","","UGP2014NAM-OT03","","","","","","","","","UGP2014NAM-OT03-02100","","","","3","3","2","2","7","1","3","3","0","0","0","0","4.5","","","","","","","0","4.5","0","","","","0","0","0","0","0","0","1.5","1.5","","0","100","0","0","50","50","0","0","50","50"
"","","UGP2014NAM-OT03","","","","","","","","","UGP2014NAM-OT03-02101","","","","3","3","1","4","8","2","4","3","8","0","2.7","0","3","2","2","2","5","1","0","2.7","5.7","8","0.3375","","0.3375","2.666666667","2.666666667","2.666666667","2.666666667","0.9","0.9","1","1","100","47.36842105","100","30","30","33.33333333","63.33333333","30","30","33.33333333","63.33333333"
"","","UGP2014NAM-OT03","","","","","","","","","UGP2014NAM-OT03-02102","","","","3","2","2","3","6","1","3","2","1","2","0.3","0.05","0.5","6","1","2","5","3","1.65","0.35","0.85","3","0.3","0.025","0.116666667","1.5","1","0.5","0.333333333","0.175","0.116666667","0.25","0.166666667","33.33333333","41.17647059","66.66666667","3.333333333","3.888888889","5.555555556","9.444444444","5","5.833333333","8.333333333","14.16666667"
"","","UGP2014NAM-OT03","","","","","","","","","UGP2014NAM-OT03-02103","","","","3","3","2","3","6","1","2","3","0","0","0","0","1","","","","","","","0","1","0","","","","0","0","0","0","0","0","0.333333333","0.333333333","","0","100","0","0","11.11111111","11.11111111","0","0","11.11111111","11.11111111"
"","","UGP2014NAM-OT03","","","","","","","","","UGP2014NAM-OT03-02104","","","","3","3","2","3","6","1","2","3","1","0","0.18","0","0.7","2","1","1","2","5","0.02","0.18","0.88","1","0.18","","0.18","0.333333333","0.333333333","0.333333333","0.333333333","0.06","0.06","0.233333333","0.233333333","100","20.45454545","100","2","2","7.777777778","9.777777778","2","2","7.777777778","9.777777778"
"","","UGP2014NAM-OT03","","","","","","","","","UGP2014NAM-OT03-02105","","","","3","3","2","3","6","2","3","3","0","2","0","0.04","1","2","1","1","3","9","0.12","0.04","1.04","2","","0.02","0.02","0.666666667","0.666666667","0","0","0.013333333","0.013333333","0.333333333","0.333333333","0","3.846153846","100","0","0.444444444","11.11111111","11.55555556","0","0.444444444","11.11111111","11.55555556"
"","","UGP2014NAM-OT03","","","","","","","","","UGP2014NAM-OT03-02106","","","","3","3","1","2","7","1","2","3","0","0","0","0","1.2","","","","","","","0","1.2","0","","","","0","0","0","0","0","0","0.4","0.4","","0","100","0","0","13.33333333","13.33333333","0","0","13.33333333","13.33333333"
"","","UGP2014NAM-OT03","","","","","","","","","UGP2014NAM-OT03-02107","","","","3","3","2","4","6","2","4","3","0","0","0","0","1","","","","","","","0","1","0","","","","0","0","0","0","0","0","0.333333333","0.333333333","","0","100","0","0","11.11111111","11.11111111","0","0","11.11111111","11.11111111"
"","","UGP2014NAM-OT03","","","","","","","","","UGP2014NAM-OT03-02108","","","","3","2","2","4","5","1","2","0","0","0","0","0","0","","","","","","","0","0","0","","","","","0","","0","","0","","0","","","0","0","0","0","0","","","",""
"","","UGP2014NAM-OT03","","","","","","","","","UGP2014NAM-OT03-02109","","","","3","1","1","3","7","1","2","1","0","0","0","0","2","","","","","","","0","2","0","","","","0","0","0","0","0","0","2","0.666666667","","0","33.33333333","0","0","22.22222222","22.22222222","0","0","66.66666667","66.66666667"
"","","UGP2014NAM-OT03","","","","","","","","","UGP2014NAM-OT03-02110","","","","3","2","1","2","6","1","3","2","0","0","0","0","1.7","","","","","","","0","1.7","0","","","","0","0","0","0","0","0","0.85","0.566666667","","0","66.66666667","0","0","18.88888889","18.88888889","0","0","28.33333333","28.33333333"
"","","UGP2014NAM-OT03","","","","","","","","","UGP2014NAM-OT03-02111","","","","3","2","1","3","6","1","2","1","0","0","0","0","0.28","","","","","","","0","0.28","0","","","","0","0","0","0","0","0","0.28","0.093333333","","0","33.33333333","0","0","3.111111111","3.111111111","0","0","9.333333333","9.333333333"
"","","UGP2014NAM-OT03","","","","","","","","","UGP2014NAM-OT03-02112","","","","3","2","2","6","6","1","2","2","1","0","0.18","0","1.2","2","2","1","8","7","0.12","0.18","1.38","1","0.18","","0.18","0.5","0.333333333","0.5","0.333333333","0.09","0.06","0.6","0.4","100","13.04347826","66.66666667","2","2","13.33333333","15.33333333","3","3","20","23"
"","","UGP2014NAM-OT03","","","","","","","","","UGP2014NAM-OT03-02113","","","","3","2","3","4","6","2","3","2","3","0","0.4","0","1.5","6","1","3","3","5","3.03","0.4","1.9","3","0.133333333","","0.133333333","1.5","1","1.5","1","0.2","0.133333333","0.75","0.5","100","21.05263158","66.66666667","4.444444444","4.444444444","16.66666667","21.11111111","6.666666667","6.666666667","25","31.66666667"
"","","UGP2014NAM-OT03","","","","","","","","","UGP2014NAM-OT03-02114","","","","3","2","1","2","8","1","3","2","2","0","0.32","0","3.3","9","1","1","3","5","0","0.32","3.62","2","0.16","","0.16","1","0.666666667","1","0.666666667","0.16","0.106666667","1.65","1.1","100","8.839779006","66.66666667","3.555555556","3.555555556","36.66666667","40.22222222","5.333333333","5.333333333","55","60.33333333"
"","","UGP2014NAM-OT03","","","","","","","","","UGP2014NAM-OT03-02115","","","","3","1","1","2","6","1","2","1","1","0","0.84","0","1","2","1","1","4","1","0","0.84","1.84","1","0.84","","0.84","1","0.333333333","1","0.333333333","0.84","0.28","1","0.333333333","100","45.65217391","33.33333333","9.333333333","9.333333333","11.11111111","20.44444444","28","28","33.33333333","61.33333333"
"","","UGP2014NAM-OT03","","","","","","","","","UGP2014NAM-OT03-02116","","","","3","1","1","2","5","1","2","1","0","0","0","0","0.5","","","","","","","0","0.5","0","","","","0","0","0","0","0","0","0.5","0.166666667","","0","33.33333333","0","0","5.555555556","5.555555556","0","0","16.66666667","16.66666667"
"","","UGP2014NAM-OT03","","","","","","","","","UGP2014NAM-OT03-02117","","","","3","2","1","3","9","1","2","2","0","3","0","0.12","3.3","2","1","1","9","9","5.46","0.12","3.42","3","","0.04","0.04","1.5","1","0","0","0.06","0.04","1.65","1.1","0","3.50877193","66.66666667","0","1.333333333","36.66666667","38","0","2","55","57"
"","","UGP2014NAM-OT03","","","","","","","","","UGP2014NAM-OT03-02118","","","","3","2","2","4","6","2","3","2","0","0","0","0","2.8","","","","","","","0","2.8","0","","","","0","0","0","0","0","0","1.4","0.933333333","","0","66.66666667","0","0","31.11111111","31.11111111","0","0","46.66666667","46.66666667"
"","","UGP2014NAM-OT03","","","","","","","","","UGP2014NAM-OT03-02119","","","","3","0","","","","","","0","0","0","0","0","0","","","","","","","0","0","0","","","","","0","","0","","0","","0","","","0","0","0","0","0","","","",""
"","","UGP2014NAM-OT03","","","","","","","","","UGP2014NAM-OT03-02120","","","","3","2","2","3","8","1","3","2","0","0","0","0","3.1","","","","","","","0","3.1","0","","","","0","0","0","0","0","0","1.55","1.033333333","","0","66.66666667","0","0","34.44444444","34.44444444","0","0","51.66666667","51.66666667"
"","","UGP2014NAM-OT03","","","","","","","","","UGP2014NAM-OT03-02121","","","","3","2","3","3","7","1","2","2","0","0","0","0","1.7","","","","","","","0","1.7","0","","","","0","0","0","0","0","0","0.85","0.566666667","","0","66.66666667","0","0","18.88888889","18.88888889","0","0","28.33333333","28.33333333"
"","","UGP2014NAM-OT03","","","","","","","","","UGP2014NAM-OT03-02122","","","","3","1","3","6","7","1","2","1","0","1","0","0.04","1.3","9","1","1","3","9","3.96","0.04","1.34","1","","0.04","0.04","1","0.333333333","0","0","0.04","0.013333333","1.3","0.433333333","0","2.985074627","33.33333333","0","0.444444444","14.44444444","14.88888889","0","1.333333333","43.33333333","44.66666667"
"","","UGP2014NAM-OT03","","","","","","","","","UGP2014NAM-OT03-02123","","","","3","2","1","2","4","4","8","2","0","0","0","0","1.7","","","","","","","0","1.7","0","","","","0","0","0","0","0","0","0.85","0.566666667","","0","66.66666667","0","0","18.88888889","18.88888889","0","0","28.33333333","28.33333333"
"","","UGP2014NAM-OT03","","","","","","","","","UGP2014NAM-OT03-02124","","","","3","0","","","","","","0","0","0","0","0","0","","","","","","","0","0","0","","","","","0","","0","","0","","0","","","0","0","0","0","0","","","",""
"","","UGP2014NAM-OT03","","","","","","","","","UGP2014NAM-OT03-02125","","","","3","2","3","4","7","3","6","2","2","5","1","0.04","6","6","1","2","1","3","11.03","1.04","7.04","7","0.5","0.008","0.148571429","3.5","2.333333333","1","0.666666667","0.52","0.346666667","3","2","28.57142857","14.77272727","66.66666667","11.11111111","11.55555556","66.66666667","78.22222222","16.66666667","17.33333333","100","117.3333333"
"","","UGP2014NAM-OT03","","","","","","","","","UGP2014NAM-OT03-02126","","","","3","2","2","2","6","1","3","2","2","1","0.3","0.01","1.2","2","1","1","4","3","0","0.31","1.51","3","0.15","0.01","0.103333333","1.5","1","1","0.666666667","0.155","0.103333333","0.6","0.4","66.66666667","20.52980132","66.66666667","3.333333333","3.444444444","13.33333333","16.77777778","5","5.166666667","20","25.16666667"
"","","UGP2014NAM-OT03","","","","","","","","","UGP2014NAM-OT03-02127","","","","3","0","","","","","","0","0","0","0","0","0","","","","","","","0","0","0","","","","","0","","0","","0","","0","","","0","0","0","0","0","","","",""
"","","UGP2014NAM-OT03","","","","","","","","","UGP2014NAM-OT03-02128","","","","3","1","2","2","5","3","6","1","3","2","0.3","0.08","0.2","2","1","2","2","5","4.92","0.38","0.58","5","0.1","0.04","0.076","5","1.666666667","3","1","0.38","0.126666667","0.2","0.066666667","60","65.51724138","33.33333333","3.333333333","4.222222222","2.222222222","6.444444444","10","12.66666667","6.666666667","19.33333333"
"","","UGP2014NAM-OT03","","","","","","","","","UGP2014NAM-OT03-02129","","","","3","0","","","","","","0","0","0","0","0","0","","","","","","","0","0","0","","","","","0","","0","","0","","0","","","0","0","0","0","0","","","",""
"","","UGP2014NAM-OT03","","","","","","","","","UGP2014NAM-OT03-02130","","","","3","2","1","2","6","1","3","2","","0","0.12","0","0.5","8","1","1","2","7","1.38","0.12","0.62","","","","","","","","","0.06","0.04","0.25","0.166666667","","19.35483871","66.66666667","1.333333333","1.333333333","5.555555556","6.888888889","2","2","8.333333333","10.33333333"
"","","UGP2014NAM-OT03","","","","","","","","","UGP2014NAM-OT03-02131","","","","3","2","1","2","6","1","2","2","0","10","0","0.2","1.5","9","1","1","","5","7.76","0.2","1.7","10","","0.02","0.02","5","3.333333333","0","0","0.1","0.066666667","0.75","0.5","0","11.76470588","66.66666667","0","2.222222222","16.66666667","18.88888889","0","3.333333333","25","28.33333333"
"","","UGP2014NAM-OT03","","","","","","","","","UGP2014NAM-OT03-02132","","","","3","0","","","","","","0","0","0","0","0","0","","","","","","","0","0","0","","","","","0","","0","","0","","0","","","0","0","0","0","0","","","",""
"","","UGP2014NAM-OT03","","","","","","","","","UGP2014NAM-OT03-02133","","","","3","3","1","3","5","3","6","3","0","0","0","0","0.08","","","","","","","0","0.08","0","","","","0","0","0","0","0","0","0.026666667","0.026666667","","0","100","0","0","0.888888889","0.888888889","0","0","0.888888889","0.888888889"
"","","UGP2014NAM-OT03","","","","","","","","","UGP2014NAM-OT03-02135","","","","3","0","","","","","","0","0","0","0","0","0","","","","","","","0","0","0","","","","","0","","0","","0","","0","","","0","0","0","0","0","","","",""
"","","UGP2014NAM-OT03","","","","","","","","","UGP2014NAM-OT03-02136","","","","3","0","","","","","","0","0","0","0","0","0","","","","","","","0","0","0","","","","","0","","0","","0","","0","","","0","0","0","0","0","","","",""
"","","UGP2014NAM-OT03","","","","","","","","","UGP2014NAM-OT03-02137","","","","3","2","1","2","7","1","2","1","11","6","1.7","0.11","3","6","1","1","2","5","0.02","1.81","4.81","17","0.154545455","0.018333333","0.106470588","17","5.666666667","11","3.666666667","1.81","0.603333333","3","1","64.70588235","37.62993763","33.33333333","18.88888889","20.11111111","33.33333333","53.44444444","56.66666667","60.33333333","100","160.3333333"
"","","UGP2014NAM-OT03","","","","","","","","","UGP2014NAM-OT03-02138","","","","3","3","1","2","8","1","3","3","0","0","0","0","7.5","","","","","","","0","7.5","0","","","","0","0","0","0","0","0","2.5","2.5","","0","100","0","0","83.33333333","83.33333333","0","0","83.33333333","83.33333333"
"","","UGP2014NAM-OT03","","","","","","","","","UGP2014NAM-OT03-02139","","","","3","3","1","2","9","1","2","3","3","0","0.3","0","4","2","1","1","3","3","0.02","0.3","4.3","3","0.1","","0.1","1","1","1","1","0.1","0.1","1.333333333","1.333333333","100","6.976744186","100","3.333333333","3.333333333","44.44444444","47.77777778","3.333333333","3.333333333","44.44444444","47.77777778"
"","","UGP2014NAM-OT03","","","","","","","","","UGP2014NAM-OT03-02140","","","","3","2","1","2","6","1","3","2","4","0","0.4","0","1.2","8","1","1","2","5","0","0.4","1.6","4","0.1","","0.1","2","1.333333333","2","1.333333333","0.2","0.133333333","0.6","0.4","100","25","66.66666667","4.444444444","4.444444444","13.33333333","17.77777778","6.666666667","6.666666667","20","26.66666667"
"","","UGP2014NAM-OT03","","","","","","","","","UGP2014NAM-OT03-02141","","","","3","2","3","6","8","1","3","2","2","0","0.24","0","3","8","1","1","7","5","0.12","0.24","3.24","2","0.12","","0.12","1","0.666666667","1","0.666666667","0.12","0.08","1.5","1","100","7.407407407","66.66666667","2.666666667","2.666666667","33.33333333","36","4","4","50","54"
"","","UGP2014NAM-OT03","","","","","","","","","UGP2014NAM-OT03-02142","","","","3","3","2","9","5","2","3","3","4","0","0.4","0","1","2","1","1","3","5","4.61","0.4","1.4","4","0.1","","0.1","1.333333333","1.333333333","1.333333333","1.333333333","0.133333333","0.133333333","0.333333333","0.333333333","100","28.57142857","100","4.444444444","4.444444444","11.11111111","15.55555556","4.444444444","4.444444444","11.11111111","15.55555556"
"","","UGP2014NAM-OT03","","","","","","","","","UGP2014NAM-OT03-02143","","","","3","","1","3","5","1","2","0","0","0","0","0","0","","","","","","","0","0","0","","","","","0","","0","","0","","0","","","0","0","0","0","0","","","",""
"","","UGP2014NAM-OT03","","","","","","","","","UGP2014NAM-OT03-02144","","","","3","3","2","3","5","1","3","3","2","0","0.24","0","0.12","2","2","1","3","5","7.76","0.24","0.36","2","0.12","","0.12","0.666666667","0.666666667","0.666666667","0.666666667","0.08","0.08","0.04","0.04","100","66.66666667","100","2.666666667","2.666666667","1.333333333","4","2.666666667","2.666666667","1.333333333","4"
"","","UGP2014NAM-OT03","","","","","","","","","UGP2014NAM-OT03-02145","","","","3","3","1","2","6","1","2","3","5","0","0.5","0","0.5","6","1","1","4","5","4.61","0.5","1","5","0.1","","0.1","1.666666667","1.666666667","1.666666667","1.666666667","0.166666667","0.166666667","0.166666667","0.166666667","100","50","100","5.555555556","5.555555556","5.555555556","11.11111111","5.555555556","5.555555556","5.555555556","11.11111111"
"","","UGP2014NAM-OT03","","","","","","","","","UGP2014NAM-OT03-02146","","","","3","2","2","2","9","1","3","2","0","2","0","","5","2","1","1","9","9","0","","","2","","","","1","0.666666667","0","0","","","2.5","1.666666667","0","","66.66666667","0","","55.55555556","","0","","83.33333333",""
"","","UGP2014NAM-OT03","","","","","","","","","UGP2014NAM-OT03-02147","","","","3","2","2","2","9","1","3","2","3","0","0.9","0","2.5","2","2","1","4","1","0.12","0.9","3.4","3","0.3","","0.3","1.5","1","1.5","1","0.45","0.3","1.25","0.833333333","100","26.47058824","66.66666667","10","10","27.77777778","37.77777778","15","15","41.66666667","56.66666667"
"","","UGP2014NAM-OT03","","","","","","","","","UGP2014NAM-OT03-02148","","","","3","2","1","6","5","1","3","2","3","","0.16","0.06","0.12","6","1","3","1","7","7.23","0.22","0.34","","0.053333333","","","","","1.5","1","0.11","0.073333333","0.06","0.04","","64.70588235","66.66666667","1.777777778","2.444444444","1.333333333","3.777777778","2.666666667","3.666666667","2","5.666666667"
"","","UGP2014NAM-OT03","","","","","","","","","UGP2014NAM-OT03-02149","","","","3","3","2","3","8","1","2","3","6","0","2","0","2","8","1","1","2","1","0.12","2","4","6","0.333333333","","0.333333333","2","2","2","2","0.666666667","0.666666667","0.666666667","0.666666667","100","50","100","22.22222222","22.22222222","22.22222222","44.44444444","22.22222222","22.22222222","22.22222222","44.44444444"
"","","UGP2014NAM-OT03","","","","","","","","","UGP2014NAM-OT03-02150","","","","3","2","1","2","8","1","2","2","6","0","0.8","0","2.3","8","2","1","2","1","0.15","0.8","3.1","6","0.133333333","","0.133333333","3","2","3","2","0.4","0.266666667","1.15","0.766666667","100","25.80645161","66.66666667","8.888888889","8.888888889","25.55555556","34.44444444","13.33333333","13.33333333","38.33333333","51.66666667"
"","","UGP2014NAM-OT03","","","","","","","","","UGP2014NAM-OT03-02151","","","","3","3","1","4","7","2","3","3","0","0","0","0","3.5","","","","","","","0","3.5","0","","","","0","0","0","0","0","0","1.166666667","1.166666667","","0","100","0","0","38.88888889","38.88888889","0","0","38.88888889","38.88888889"
"","","UGP2014NAM-OT03","","","","","","","","","UGP2014NAM-OT03-02152","","","","3","2","1","6","7","1","3","2","0","0","0","0","2","","","","","","","0","2","0","","","","0","0","0","0","0","0","1","0.666666667","","0","66.66666667","0","0","22.22222222","22.22222222","0","0","33.33333333","33.33333333"
"","","UGP2014NAM-OT03","","","","","","","","","UGP2014NAM-OT03-02153","","","","3","3","1","2","6","1","2","3","0","0","0","0","1.3","","","","","","","0","1.3","0","","","","0","0","0","0","0","0","0.433333333","0.433333333","","0","100","0","0","14.44444444","14.44444444","0","0","14.44444444","14.44444444"
"","","UGP2014NAM-OT03","","","","","","","","","UGP2014NAM-OT03-02154","","","","3","2","2","3","6","1","3","2","1","0","0.09","0","0.3","2","1","1","4","7","7.23","0.09","0.39","1","0.09","","0.09","0.5","0.333333333","0.5","0.333333333","0.045","0.03","0.15","0.1","100","23.07692308","66.66666667","1","1","3.333333333","4.333333333","1.5","1.5","5","6.5"
"","","UGP2014NAM-OT03","","","","","","","","","UGP2014NAM-OT03-02155","","","","3","1","1","4","5","1","2","1","0","0","0","0","0.5","","","","","","","0","0.5","0","","","","0","0","0","0","0","0","0.5","0.166666667","","0","33.33333333","0","0","5.555555556","5.555555556","0","0","16.66666667","16.66666667"
"","","UGP2014NAM-OT03","","","","","","","","","UGP2014NAM-OT03-02156","","","","3","2","1","2","9","1","2","2","0","0","0","0","6.5","","","","","","","0","6.5","0","","","","0","0","0","0","0","0","3.25","2.166666667","","0","66.66666667","0","0","72.22222222","72.22222222","0","0","108.3333333","108.3333333"
"","","UGP2014NAM-OT03","","","","","","","","","UGP2014NAM-OT03-02157","","","","3","2","2","2","7","1","3","2","3","2","0.24","0.03","1.5","8","3","3","4","3","0","0.27","1.77","5","0.08","0.015","0.054","2.5","1.666666667","1.5","1","0.135","0.09","0.75","0.5","60","15.25423729","66.66666667","2.666666667","3","16.66666667","19.66666667","4","4.5","25","29.5"
"","","UGP2014NAM-OT03","","","","","","","","","UGP2014NAM-OT03-02158","","","","3","1","1","3","8","1","2","1","1","0","0.2","0","4.4","2","2","1","4","3","0.12","0.2","4.6","1","0.2","","0.2","1","0.333333333","1","0.333333333","0.2","0.066666667","4.4","1.466666667","100","4.347826087","33.33333333","2.222222222","2.222222222","48.88888889","51.11111111","6.666666667","6.666666667","146.6666667","153.3333333"
"","","UGP2014NAM-OT03","","","","","","","","","UGP2014NAM-OT03-02159","","","","3","2","1","3","7","1","3","2","0","0","0","0","2.5","","","","","","","0","2.5","0","","","","0","0","0","0","0","0","1.25","0.833333333","","0","66.66666667","0","0","27.77777778","27.77777778","0","0","41.66666667","41.66666667"
"","","UGP2014NAM-OT03","","","","","","","","","UGP2014NAM-OT03-02160","","","","3","3","2","4","5","1","2","3","0","0","0","0","1","","","","","","","0","1","0","","","","0","0","0","0","0","0","0.333333333","0.333333333","","0","100","0","0","11.11111111","11.11111111","0","0","11.11111111","11.11111111"
"","","UGP2014NAM-OT03","","","","","","","","","UGP2014NAM-OT03-02161","","","","3","2","1","3","7","1","3","2","1","0","0.08","0","4.5","8","1","1","9","7","0.12","0.08","4.58","1","0.08","","0.08","0.5","0.333333333","0.5","0.333333333","0.04","0.026666667","2.25","1.5","100","1.746724891","66.66666667","0.888888889","0.888888889","50","50.88888889","1.333333333","1.333333333","75","76.33333333"
"","","UGP2014NAM-OT03","","","","","","","","","UGP2014NAM-OT03-02162","","","","3","2","1","2","6","1","3","2","3","0","0.66","0","4","8","2","1","6","5","1.5","0.66","4.66","3","0.22","","0.22","1.5","1","1.5","1","0.33","0.22","2","1.333333333","100","14.16309013","66.66666667","7.333333333","7.333333333","44.44444444","51.77777778","11","11","66.66666667","77.66666667"
"","","UGP2014NAM-OT03","","","","","","","","","UGP2014NAM-OT03-02163","","","","3","1","2","2","7","2","4","1","0","0","0","0","3.7","","","","","","","0","3.7","0","","","","0","0","0","0","0","0","3.7","1.233333333","","0","33.33333333","0","0","41.11111111","41.11111111","0","0","123.3333333","123.3333333"
"","","UGP2014NAM-OT03","","","","","","","","","UGP2014NAM-OT03-02164","","","","3","2","1","2","6","1","3","2","2","0","0.16","0","4.5","2","1","1","3","5","3.03","0.16","4.66","2","0.08","","0.08","1","0.666666667","1","0.666666667","0.08","0.053333333","2.25","1.5","100","3.433476395","66.66666667","1.777777778","1.777777778","50","51.77777778","2.666666667","2.666666667","75","77.66666667"
"","","UGP2014NAM-OT03","","","","","","","","","UGP2014NAM-OT03-02165","","","","3","3","1","2","9","1","2","3","0","0","0","0","8","","","","","","","0","8","0","","","","0","0","0","0","0","0","2.666666667","2.666666667","","0","100","0","0","88.88888889","88.88888889","0","0","88.88888889","88.88888889"
"","","UGP2014NAM-OT03","","","","","","","","","UGP2014NAM-OT03-02166","","","","3","2","2","2","6","3","6","2","1","0","0.18","0","1.7","2","1","1","3","5","0.12","0.18","1.88","1","0.18","","0.18","0.5","0.333333333","0.5","0.333333333","0.09","0.06","0.85","0.566666667","100","9.574468085","66.66666667","2","2","18.88888889","20.88888889","3","3","28.33333333","31.33333333"
"","","UGP2014NAM-OT03","","","","","","","","","UGP2014NAM-OT03-02167","","","","3","2","2","3","7","2","4","2","4","1","0.4","0.03","0.1","8","1","1","4","5","0","0.43","0.53","5","0.1","0.03","0.086","2.5","1.666666667","2","1.333333333","0.215","0.143333333","0.05","0.033333333","80","81.13207547","66.66666667","4.444444444","4.777777778","1.111111111","5.888888889","6.666666667","7.166666667","1.666666667","8.833333333"
"","","UGP2014NAM-OT03","","","","","","","","","UGP2014NAM-OT03-02168","","","","3","3","1","3","7","1","2","3","5","5","0.84","0.12","0.5","2","3","4","7","3","7.76","0.96","1.46","10","0.168","0.024","0.096","3.333333333","3.333333333","1.666666667","1.666666667","0.32","0.32","0.166666667","0.166666667","50","65.75342466","100","9.333333333","10.66666667","5.555555556","16.22222222","9.333333333","10.66666667","5.555555556","16.22222222"
"","","UGP2014NAM-OT03","","","","","","","","","UGP2014NAM-OT03-02169","","","","3","2","1","4","9","1","2","2","8","3","0.76","0.04","5","6","1","1","1","5","11.03","0.8","5.8","11","0.095","0.013333333","0.072727273","5.5","3.666666667","4","2.666666667","0.4","0.266666667","2.5","1.666666667","72.72727273","13.79310345","66.66666667","8.444444444","8.888888889","55.55555556","64.44444444","12.66666667","13.33333333","83.33333333","96.66666667"
"","","UGP2014NAM-OT03","","","","","","","","","UGP2014NAM-OT03-02170","","","","3","2","1","2","9","1","3","2","3","1","0.18","0.04","9","2","1","1","3","8","0","0.22","9.22","4","0.06","0.04","0.055","2","1.333333333","1.5","1","0.11","0.073333333","4.5","3","75","2.386117137","66.66666667","2","2.444444444","100","102.4444444","3","3.666666667","150","153.6666667"
"","","UGP2014NAM-OT03","","","","","","","","","UGP2014NAM-OT03-02171","","","","3","3","2","2","9","1","2","3","3","1","0.3","0.02","4.7","8","1","1","7","3","1.17","0.32","5.02","4","0.1","0.02","0.08","1.333333333","1.333333333","1","1","0.106666667","0.106666667","1.566666667","1.566666667","75","6.374501992","100","3.333333333","3.555555556","52.22222222","55.77777778","3.333333333","3.555555556","52.22222222","55.77777778"
"","","UGP2014NAM-OT03","","","","","","","","","UGP2014NAM-OT03-02172","","","","3","3","1","3","9","1","2","3","5","0","1.7","0","7","3","1","1","5","1","0.03","1.7","8.7","5","0.34","","0.34","1.666666667","1.666666667","1.666666667","1.666666667","0.566666667","0.566666667","2.333333333","2.333333333","100","19.54022989","100","18.88888889","18.88888889","77.77777778","96.66666667","18.88888889","18.88888889","77.77777778","96.66666667"
"","","UGP2014NAM-OT03","","","","","","","","","UGP2014NAM-OT03-02173","","","","3","3","2","2","8","2","3","3","4","0","1.64","0","3.6","","1","1","1","1","4.41","1.64","5.24","4","0.41","","0.41","1.333333333","1.333333333","1.333333333","1.333333333","0.546666667","0.546666667","1.2","1.2","100","31.29770992","100","18.22222222","18.22222222","40","58.22222222","18.22222222","18.22222222","40","58.22222222"
"","","UGP2014NAM-OT03","","","","","","","","","UGP2014NAM-OT03-02174","","","","3","2","2","2","5","1","2","2","0","0","0","0","1.3","","","","","","","0","1.3","0","","","","0","0","0","0","0","0","0.65","0.433333333","","0","66.66666667","0","0","14.44444444","14.44444444","0","0","21.66666667","21.66666667"
"","","UGP2014NAM-OT03","","","","","","","","","UGP2014NAM-OT03-02175","","","","3","3","1","2","6","2","4","3","0","0","0","0","1.6","","","","","","","0","1.6","0","","","","0","0","0","0","0","0","0.533333333","0.533333333","","0","100","0","0","17.77777778","17.77777778","0","0","17.77777778","17.77777778"
"","","UGP2014NAM-OT03","","","","","","","","","UGP2014NAM-OT03-02176","","","","3","1","2","2","6","1","2","1","3","0","1.2","0","1","8","1","1","7","1","3.96","1.2","2.2","3","0.4","","0.4","3","1","3","1","1.2","0.4","1","0.333333333","100","54.54545455","33.33333333","13.33333333","13.33333333","11.11111111","24.44444444","40","40","33.33333333","73.33333333"
"","","UGP2014NAM-OT03","","","","","","","","","UGP2014NAM-OT03-02177","","","","3","2","1","3","7","1","3","2","6","0","1","0","4.5","6","1","1","2","3","11.03","1","5.5","6","0.166666667","","0.166666667","3","2","3","2","0.5","0.333333333","2.25","1.5","100","18.18181818","66.66666667","11.11111111","11.11111111","50","61.11111111","16.66666667","16.66666667","75","91.66666667"
"","","UGP2014NAM-OT03","","","","","","","","","UGP2014NAM-OT03-02178","","","","3","3","2","2","8","1","2","3","9","4","2.5","0.12","7","9","1","1","5","1","0.12","2.62","9.62","13","0.277777778","0.03","0.201538462","4.333333333","4.333333333","3","3","0.873333333","0.873333333","2.333333333","2.333333333","69.23076923","27.23492723","100","27.77777778","29.11111111","77.77777778","106.8888889","27.77777778","29.11111111","77.77777778","106.8888889"
"","","UGP2014NAM-OT03","","","","","","","","","UGP2014NAM-OT03-02179","","","","3","2","2","2","7","2","4","2","1","1","0.2","0.04","5.6","2","1","1","7","5","0.12","0.24","5.84","2","0.2","0.04","0.12","1","0.666666667","0.5","0.333333333","0.12","0.08","2.8","1.866666667","50","4.109589041","66.66666667","2.222222222","2.666666667","62.22222222","64.88888889","3.333333333","4","93.33333333","97.33333333"
"","","UGP2014NAM-OT03","","","","","","","","","UGP2014NAM-OT03-02180","","","","3","3","1","2","8","1","3","3","8","0","3","0","4.2","9","1","1","1","1","3.96","3","7.2","8","0.375","","0.375","2.666666667","2.666666667","2.666666667","2.666666667","1","1","1.4","1.4","100","41.66666667","100","33.33333333","33.33333333","46.66666667","80","33.33333333","33.33333333","46.66666667","80"
"","","UGP2014NAM-OT03","","","","","","","","","UGP2014NAM-OT03-02181","","","","3","2","2","2","8","1","3","2","10","0","1","0","4","2","1","1","5","5","4.41","1","5","10","0.1","","0.1","5","3.333333333","5","3.333333333","0.5","0.333333333","2","1.333333333","100","20","66.66666667","11.11111111","11.11111111","44.44444444","55.55555556","16.66666667","16.66666667","66.66666667","83.33333333"
"","","UGP2014NAM-OT03","","","","","","","","","UGP2014NAM-OT03-02182","","","","3","2","1","3","6","1","2","2","0","0","0","0","0.7","","","","","","","0","0.7","0","","","","0","0","0","0","0","0","0.35","0.233333333","","0","66.66666667","0","0","7.777777778","7.777777778","0","0","11.66666667","11.66666667"
"","","UGP2014NAM-OT03","","","","","","","","","UGP2014NAM-OT03-02183","","","","3","1","2","3","6","1","2","1","1","0","0.12","0","0.5","2","1","1","2","5","0.12","0.12","0.62","1","0.12","","0.12","1","0.333333333","1","0.333333333","0.12","0.04","0.5","0.166666667","100","19.35483871","33.33333333","1.333333333","1.333333333","5.555555556","6.888888889","4","4","16.66666667","20.66666667"
"","","UGP2014NAM-OT03","","","","","","","","","UGP2014NAM-OT03-02184","","","","3","2","2","4","5","1","3","2","2","0","0.16","0","0.7","2","2","1","2","7","7.76","0.16","0.86","2","0.08","","0.08","1","0.666666667","1","0.666666667","0.08","0.053333333","0.35","0.233333333","100","18.60465116","66.66666667","1.777777778","1.777777778","7.777777778","9.555555556","2.666666667","2.666666667","11.66666667","14.33333333"
"","","UGP2014NAM-OT03","","","","","","","","","UGP2014NAM-OT03-02185","","","","3","2","2","2","9","1","3","2","0","0","0","0","15","","","","","","","0","15","0","","","","0","0","0","0","0","0","7.5","5","","0","66.66666667","0","0","166.6666667","166.6666667","0","0","250","250"
"","","UGP2014NAM-OT03","","","","","","","","","UGP2014NAM-OT03-02186","","","","3","3","1","2","7","1","2","3","3","3","0.62","0.02","2","2","1","1","2","5","0.12","0.64","2.64","6","0.206666667","0.006666667","0.106666667","2","2","1","1","0.213333333","0.213333333","0.666666667","0.666666667","50","24.24242424","100","6.888888889","7.111111111","22.22222222","29.33333333","6.888888889","7.111111111","22.22222222","29.33333333"
"","","UGP2014NAM-OT03","","","","","","","","","UGP2014NAM-OT03-02187","","","","3","3","2","3","9","1","2","3","5","2","0.24","0.04","7.5","2","1","1","8","7","0","0.28","7.78","7","0.048","0.02","0.04","2.333333333","2.333333333","1.666666667","1.666666667","0.093333333","0.093333333","2.5","2.5","71.42857143","3.598971722","100","2.666666667","3.111111111","83.33333333","86.44444444","2.666666667","3.111111111","83.33333333","86.44444444"
"","","UGP2014NAM-OT03","","","","","","","","","UGP2014NAM-OT03-02188","","","","3","3","4","6","6","2","4","3","9","0","1.5","0","0.5","2","1","1","8","3","4.61","1.5","2","9","0.166666667","","0.166666667","3","3","3","3","0.5","0.5","0.166666667","0.166666667","100","75","100","16.66666667","16.66666667","5.555555556","22.22222222","16.66666667","16.66666667","5.555555556","22.22222222"
"","","UGP2014NAM-OT03","","","","","","","","","UGP2014NAM-OT03-02189","","","","3","3","2","2","6","1","2","3","3","0","0.48","0","0.6","8","1","1","2","5","0","0.48","1.08","3","0.16","","0.16","1","1","1","1","0.16","0.16","0.2","0.2","100","44.44444444","100","5.333333333","5.333333333","6.666666667","12","5.333333333","5.333333333","6.666666667","12"
"","","UGP2014NAM-OT03","","","","","","","","","UGP2014NAM-OT03-02190","","","","3","1","2","2","6","1","2","1","0","0","0","0","2.2","","","","","","","0","2.2","0","","","","0","0","0","0","0","0","2.2","0.733333333","","0","33.33333333","0","0","24.44444444","24.44444444","0","0","73.33333333","73.33333333"
"","","UGP2014NAM-OT03","","","","","","","","","UGP2014NAM-OT03-02191","","","","3","3","3","3","7","1","2","3","3","0","0.68","0","1.5","8","1","1","2","3","1.5","0.68","2.18","3","0.226666667","","0.226666667","1","1","1","1","0.226666667","0.226666667","0.5","0.5","100","31.19266055","100","7.555555556","7.555555556","16.66666667","24.22222222","7.555555556","7.555555556","16.66666667","24.22222222"
"","","UGP2014NAM-OT03","","","","","","","","","UGP2014NAM-OT03-02192","","","","3","3","3","6","6","1","2","3","1","0","0.1","0","0.5","2","1","1","2","7","0.12","0.1","0.6","1","0.1","","0.1","0.333333333","0.333333333","0.333333333","0.333333333","0.033333333","0.033333333","0.166666667","0.166666667","100","16.66666667","100","1.111111111","1.111111111","5.555555556","6.666666667","1.111111111","1.111111111","5.555555556","6.666666667"
"","","UGP2014NAM-OT03","","","","","","","","","UGP2014NAM-OT03-02193","","","","3","3","1","2","7","1","3","3","1","0","0.1","0","3","8","1","1","2","5","0.12","0.1","3.1","1","0.1","","0.1","0.333333333","0.333333333","0.333333333","0.333333333","0.033333333","0.033333333","1","1","100","3.225806452","100","1.111111111","1.111111111","33.33333333","34.44444444","1.111111111","1.111111111","33.33333333","34.44444444"
"","","UGP2014NAM-OT03","","","","","","","","","UGP2014NAM-OT03-02194","","","","3","3","1","2","8","1","3","3","6","0","0.64","0","2","6","2","1","5","3","1.76","0.64","2.64","6","0.106666667","","0.106666667","2","2","2","2","0.213333333","0.213333333","0.666666667","0.666666667","100","24.24242424","100","7.111111111","7.111111111","22.22222222","29.33333333","7.111111111","7.111111111","22.22222222","29.33333333"
"","","UGP2014NAM-OT03","","","","","","","","","UGP2014NAM-OT03-02195","","","","3","2","2","2","9","1","2","2","0","0","0","0","13","","","","","","","0","13","0","","","","0","0","0","0","0","0","6.5","4.333333333","","0","66.66666667","0","0","144.4444444","144.4444444","0","0","216.6666667","216.6666667"
"","","UGP2014NAM-OT03","","","","","","","","","UGP2014NAM-OT03-02196","","","","3","2","3","6","6","1","5","2","2","1","0.16","0.01","5","2","1","1","3","5","0","0.17","5.17","3","0.08","0.01","0.056666667","1.5","1","1","0.666666667","0.085","0.056666667","2.5","1.666666667","66.66666667","3.288201161","66.66666667","1.777777778","1.888888889","55.55555556","57.44444444","2.666666667","2.833333333","83.33333333","86.16666667"
"","","UGP2014NAM-OT03","","","","","","","","","UGP2014NAM-OT03-02197","","","","3","3","2","2","9","3","3","3","1","0","0.3","0","9","8","1","1","3","3","0.12","0.3","9.3","1","0.3","","0.3","0.333333333","0.333333333","0.333333333","0.333333333","0.1","0.1","3","3","100","3.225806452","100","3.333333333","3.333333333","100","103.3333333","3.333333333","3.333333333","100","103.3333333"
"","","UGP2014NAM-OT03","","","","","","","","","UGP2014NAM-OT03-02198","","","","3","3","2","2","7","1","2","3","4","0","0.6","0","6","9","1","1","4","3","1.17","0.6","6.6","4","0.15","","0.15","1.333333333","1.333333333","1.333333333","1.333333333","0.2","0.2","2","2","100","9.090909091","100","6.666666667","6.666666667","66.66666667","73.33333333","6.666666667","6.666666667","66.66666667","73.33333333"
"","","UGP2014NAM-OT03","","","","","","","","","UGP2014NAM-OT03-02199","","","","3","1","2","2","6","1","3","1","0","0","0","0","2","","","","","","","0","2","0","","","","0","0","0","0","0","0","2","0.666666667","","0","33.33333333","0","0","22.22222222","22.22222222","0","0","66.66666667","66.66666667"
"","","UGP2014NAM-OT03","","","","","","","","","UGP2014NAM-OT03-02200","","","","3","3","3","6","6","1","3","3","0","0","0","0","5","","","","","","","0","5","0","","","","0","0","0","0","0","0","1.666666667","1.666666667","","0","100","0","0","55.55555556","55.55555556","0","0","55.55555556","55.55555556"
"","","UGP2014NAM-OT03","","","","","","","","","UGP2014NAM-OT03-02201","","","","3","2","3","4","8","2","3","2","0","0","0","0","2.5","","","","","","","0","2.5","0","","","","0","0","0","0","0","0","1.25","0.833333333","","0","66.66666667","0","0","27.77777778","27.77777778","0","0","41.66666667","41.66666667"
"","","UGP2014NAM-OT03","","","","","","","","","UGP2014NAM-OT03-02202","","","","3","3","3","3","6","1","3","3","0","0","0","0","1.7","","","","","","","0","1.7","0","","","","0","0","0","0","0","0","0.566666667","0.566666667","","0","100","0","0","18.88888889","18.88888889","0","0","18.88888889","18.88888889"
"","","UGP2014NAM-OT03","","","","","","","","","UGP2014NAM-OT03-02203","","","","3","2","3","6","7","1","3","2","2","0","0.2","0","3","8","1","1","4","5","1.17","0.2","3.2","2","0.1","","0.1","1","0.666666667","1","0.666666667","0.1","0.066666667","1.5","1","100","6.25","66.66666667","2.222222222","2.222222222","33.33333333","35.55555556","3.333333333","3.333333333","50","53.33333333"
"","","UGP2014NAM-OT03","","","","","","","","","UGP2014NAM-OT03-02204","","","","3","2","2","2","8","2","3","2","5","0","1.2","0","3","8","1","1","8","3","4.41","1.2","4.2","5","0.24","","0.24","2.5","1.666666667","2.5","1.666666667","0.6","0.4","1.5","1","100","28.57142857","66.66666667","13.33333333","13.33333333","33.33333333","46.66666667","20","20","50","70"
"","","UGP2014NAM-OT03","","","","","","","","","UGP2014NAM-OT03-02205","","","","3","3","2","6","7","1","4","3","1","0","0.18","0","2.5","6","1","1","4","5","7.76","0.18","2.68","1","0.18","","0.18","0.333333333","0.333333333","0.333333333","0.333333333","0.06","0.06","0.833333333","0.833333333","100","6.71641791","100","2","2","27.77777778","29.77777778","2","2","27.77777778","29.77777778"
"","","UGP2014NAM-OT03","","","","","","","","","UGP2014NAM-OT03-02206","","","","3","1","2","2","5","2","7","1","0","0","0","0","0.04","","","","","","","0","0.04","0","","","","0","0","0","0","0","0","0.04","0.013333333","","0","33.33333333","0","0","0.444444444","0.444444444","0","0","1.333333333","1.333333333"
"","","UGP2014NAM-OT03","","","","","","","","","UGP2014NAM-OT03-02207","","","","3","2","1","4","7","4","3","2","2","2","0.68","","8","8","1","1","5","3","0.12","","","4","0.34","","","2","1.333333333","1","0.666666667","","","4","2.666666667","50","","66.66666667","7.555555556","","88.88888889","","11.33333333","","133.3333333",""
"","","UGP2014NAM-OT03","","","","","","","","","UGP2014NAM-OT03-02208","","","","3","2","2","2","4","2","3","2","3","2","0.2","0.05","0.5","8","1","1","2","7","0","0.25","0.75","5","0.066666667","0.025","0.05","2.5","1.666666667","1.5","1","0.125","0.083333333","0.25","0.166666667","60","33.33333333","66.66666667","2.222222222","2.777777778","5.555555556","8.333333333","3.333333333","4.166666667","8.333333333","12.5"
"","","UGP2014NAM-OT03","","","","","","","","","UGP2014NAM-OT03-02209","","","","3","3","1","2","5","1","4","3","12","1","1.5","0.04","1","2","1","1","5","5","4.92","1.54","2.54","13","0.125","0.04","0.118461538","4.333333333","4.333333333","4","4","0.513333333","0.513333333","0.333333333","0.333333333","92.30769231","60.62992126","100","16.66666667","17.11111111","11.11111111","28.22222222","16.66666667","17.11111111","11.11111111","28.22222222"
"","","UGP2014NAM-OT03","","","","","","","","","UGP2014NAM-OT03-02210","","","","3","2","1","3","8","2","4","2","22","7","3","0.12","5.5","8","1","1","7","5","1.17","3.12","8.62","29","0.136363636","0.017142857","0.107586207","14.5","9.666666667","11","7.333333333","1.56","1.04","2.75","1.833333333","75.86206897","36.19489559","66.66666667","33.33333333","34.66666667","61.11111111","95.77777778","50","52","91.66666667","143.6666667"
"","","UGP2014NAM-OT03","","","","","","","","","UGP2014NAM-OT03-02211","","","","3","2","2","2","5","2","6","2","2","0","0.2","0","0.5","2","1","1","3","7","0.12","0.2","0.7","2","0.1","","0.1","1","0.666666667","1","0.666666667","0.1","0.066666667","0.25","0.166666667","100","28.57142857","66.66666667","2.222222222","2.222222222","5.555555556","7.777777778","3.333333333","3.333333333","8.333333333","11.66666667"
"","","UGP2014NAM-OT03","","","","","","","","","UGP2014NAM-OT03-02212","","","","3","2","1","6","8","3","3","2","2","0","0.4","0","7","2","1","1","5","3","0.12","0.4","7.4","2","0.2","","0.2","1","0.666666667","1","0.666666667","0.2","0.133333333","3.5","2.333333333","100","5.405405405","66.66666667","4.444444444","4.444444444","77.77777778","82.22222222","6.666666667","6.666666667","116.6666667","123.3333333"
"","","UGP2014NAM-OT03","","","","","","","","","UGP2014NAM-OT03-02213","","","","3","3","2","2","9","1","2","3","13","2","0.12","0.04","9","2","2","1","3","5","0","0.16","9.16","15","0.009230769","0.02","0.010666667","5","5","4.333333333","4.333333333","0.053333333","0.053333333","3","3","86.66666667","1.746724891","100","1.333333333","1.777777778","100","101.7777778","1.333333333","1.777777778","100","101.7777778"
"","","UGP2014NAM-OT03","","","","","","","","","UGP2014NAM-OT03-02214","","","","3","3","2","2","8","1","3","3","0","0","0","0","5","","","","","","","0","5","0","","","","0","0","0","0","0","0","1.666666667","1.666666667","","0","100","0","0","55.55555556","55.55555556","0","0","55.55555556","55.55555556"
"","","UGP2014NAM-OT03","","","","","","","","","UGP2014NAM-OT03-02215","","","","3","0","","","","","","0","0","0","0","0","0","","","","","","","0","0","0","","","","","0","","0","","0","","0","","","0","0","0","0","0","","","",""
"","","UGP2014NAM-OT03","","","","","","","","","UGP2014NAM-OT03-02216","","","","3","3","2","4","6","1","3","3","0","0","0","0","3","","","","","","","0","3","0","","","","0","0","0","0","0","0","1","1","","0","100","0","0","33.33333333","33.33333333","0","0","33.33333333","33.33333333"
"","","UGP2014NAM-OT03","","","","","","","","","UGP2014NAM-OT03-02217","","","","3","3","2","3","8","1","2","3","1","0","0.52","0","11","9","1","1","8","1","0.12","0.52","11.52","1","0.52","","0.52","0.333333333","0.333333333","0.333333333","0.333333333","0.173333333","0.173333333","3.666666667","3.666666667","100","4.513888889","100","5.777777778","5.777777778","122.2222222","128","5.777777778","5.777777778","122.2222222","128"
"","","UGP2014NAM-OT03","","","","","","","","","UGP2014NAM-OT03-02218","","","","3","2","2","2","5","2","3","2","0","0","0","0","5","","","","","","","0","5","0","","","","0","0","0","0","0","0","2.5","1.666666667","","0","66.66666667","0","0","55.55555556","55.55555556","0","0","83.33333333","83.33333333"
"","","UGP2014NAM-OT03","","","","","","","","","UGP2014NAM-OT03-02219","","","","3","1","1","2","4","1","2","1","4","0","0.18","0","","2","1","1","4","7","0.03","0.18","","4","0.045","","0.045","4","1.333333333","4","1.333333333","0.18","0.06","","","100","","33.33333333","2","2","","","6","6","",""
"","","UGP2014NAM-OT03","","","","","","","","","UGP2014NAM-OT03-02220","","","","3","3","2","2","7","2","3","3","6","2","0.7","0.05","1","8","1","1","1","5","0","0.75","1.75","8","0.116666667","0.025","0.09375","2.666666667","2.666666667","2","2","0.25","0.25","0.333333333","0.333333333","75","42.85714286","100","7.777777778","8.333333333","11.11111111","19.44444444","7.777777778","8.333333333","11.11111111","19.44444444"
"","","UGP2014NAM-OT03","","","","","","","","","UGP2014NAM-OT03-02221","","","","3","2","2","4","7","1","3","2","5","1","0.88","0.04","5","2","2","1","4","3","0.12","0.92","5.92","6","0.176","0.04","0.153333333","3","2","2.5","1.666666667","0.46","0.306666667","2.5","1.666666667","83.33333333","15.54054054","66.66666667","9.777777778","10.22222222","55.55555556","65.77777778","14.66666667","15.33333333","83.33333333","98.66666667"
"","","UGP2014NAM-OT03","","","","","","","","","UGP2014NAM-OT03-02222","","","","3","3","1","2","7","1","3","3","0","0","0","0","8","","","","","","","0","8","0","","","","0","0","0","0","0","0","2.666666667","2.666666667","","0","100","0","0","88.88888889","88.88888889","0","0","88.88888889","88.88888889"
"","","UGP2014NAM-OT03","","","","","","","","","UGP2014NAM-OT03-02223","","","","3","3","1","3","5","2","4","3","1","3","0.12","0.06","1","6","1","1","1","7","11.03","0.18","1.18","4","0.12","0.02","0.045","1.333333333","1.333333333","0.333333333","0.333333333","0.06","0.06","0.333333333","0.333333333","25","15.25423729","100","1.333333333","2","11.11111111","13.11111111","1.333333333","2","11.11111111","13.11111111"
"","","UGP2014NAM-OT03","","","","","","","","","UGP2014NAM-OT03-02224","","","","3","3","1","2","9","1","2","3","5","0","0.72","0","16","2","1","1","5","3","0","0.72","16.72","5","0.144","","0.144","1.666666667","1.666666667","1.666666667","1.666666667","0.24","0.24","5.333333333","5.333333333","100","4.306220096","100","8","8","177.7777778","185.7777778","8","8","177.7777778","185.7777778"
"","","UGP2014NAM-OT03","","","","","","","","","UGP2014NAM-OT03-02225","","","","3","3","2","5","7","1","3","3","3","3","0.12","0.06","3.7","2","1","1","3","9","4.92","0.18","3.88","6","0.04","0.02","0.03","2","2","1","1","0.06","0.06","1.233333333","1.233333333","50","4.639175258","100","1.333333333","2","41.11111111","43.11111111","1.333333333","2","41.11111111","43.11111111"
"","","UGP2014NAM-OT03","","","","","","","","","UGP2014NAM-OT03-02226","","","","3","2","1","2","8","1","2","2","7","2","1.7","","2.2","8","2","1","4","3","4.41","","","9","0.242857143","","","4.5","3","3.5","2.333333333","","","1.1","0.733333333","77.77777778","","66.66666667","18.88888889","","24.44444444","","28.33333333","","36.66666667",""
"","","UGP2014NAM-OT03","","","","","","","","","UGP2014NAM-OT03-02227","","","","3","2","2","3","7","2","3","1","8","","4.2","0.04","7","8","1","1","1","1","0.12","4.24","11.24","","0.525","","","","","8","2.666666667","4.24","1.413333333","7","2.333333333","","37.72241993","33.33333333","46.66666667","47.11111111","77.77777778","124.8888889","140","141.3333333","233.3333333","374.6666667"
"","","UGP2014NAM-OT03","","","","","","","","","UGP2014NAM-OT03-02228","","","","3","2","1","2","6","2","4","2","0","0","0","0","7","","","","","","","0","7","0","","","","0","0","0","0","0","0","3.5","2.333333333","","0","66.66666667","0","0","77.77777778","77.77777778","0","0","116.6666667","116.6666667"
"","","UGP2014NAM-OT03","","","","","","","","","UGP2014NAM-OT03-02229","","","","3","2","1","2","8","1","2","2","7","","1.7","0.06","3.1","8","1","1","4","3","4.41","1.76","4.86","","0.242857143","","","","","3.5","2.333333333","0.88","0.586666667","1.55","1.033333333","","36.21399177","66.66666667","18.88888889","19.55555556","34.44444444","54","28.33333333","29.33333333","51.66666667","81"
"","","UGP2014NAM-OT03","","","","","","","","","UGP2014NAM-OT03-02230","","","","3","2","1","2","6","1","3","2","4","0","0.72","0","0.5","8","1","1","5","3","7.76","0.72","1.22","4","0.18","","0.18","2","1.333333333","2","1.333333333","0.36","0.24","0.25","0.166666667","100","59.01639344","66.66666667","8","8","5.555555556","13.55555556","12","12","8.333333333","20.33333333"
"","","UGP2014NAM-OT03","","","","","","","","","UGP2014NAM-OT03-02231","","","","3","0","","","","","","0","0","0","0","0","0","","","","","","","0","0","0","","","","","0","","0","","0","","0","","","0","0","0","0","0","","","",""
"","","UGP2014NAM-OT03","","","","","","","","","UGP2014NAM-OT03-02232","","","","3","2","2","2","9","1","2","2","1","0","0.1","0","6.5","2","2","1","9","9","0.12","0.1","6.6","1","0.1","","0.1","0.5","0.333333333","0.5","0.333333333","0.05","0.033333333","3.25","2.166666667","100","1.515151515","66.66666667","1.111111111","1.111111111","72.22222222","73.33333333","1.666666667","1.666666667","108.3333333","110"
"","","UGP2014NAM-OT03","","","","","","","","","UGP2014NAM-OT03-02233","","","","3","2","2","3","6","1","2","2","2","0","0.3","0","0.5","6","1","1","1","5","0.02","0.3","0.8","2","0.15","","0.15","1","0.666666667","1","0.666666667","0.15","0.1","0.25","0.166666667","100","37.5","66.66666667","3.333333333","3.333333333","5.555555556","8.888888889","5","5","8.333333333","13.33333333"
"","","UGP2014NAM-OT03","","","","","","","","","UGP2014NAM-OT03-02234","","","","3","0","","","","","","0","0","0","0","0","0","","","","","","","0","0","0","","","","","0","","0","","0","","0","","","0","0","0","0","0","","","",""
"","","UGP2014NAM-OT03","","","","","","","","","UGP2014NAM-OT03-02235","","","","3","2","1","3","7","1","3","2","0","0","0","0","1.5","","","","","","","0","1.5","0","","","","0","0","0","0","0","0","0.75","0.5","","0","66.66666667","0","0","16.66666667","16.66666667","0","0","25","25"
"","","UGP2014NAM-OT03","","","","","","","","","UGP2014NAM-OT03-02236","","","","3","2","1","2","6","1","2","2","1","3","0.12","0.06","1.1","2","1","1","2","5","4.41","0.18","1.28","4","0.12","0.02","0.045","2","1.333333333","0.5","0.333333333","0.09","0.06","0.55","0.366666667","25","14.0625","66.66666667","1.333333333","2","12.22222222","14.22222222","2","3","18.33333333","21.33333333"
"","","UGP2014NAM-OT03","","","","","","","","","UGP2014NAM-OT03-02237","","","","3","3","1","2","8","1","3","3","0","0","0","0","7","","","","","","","0","7","0","","","","0","0","0","0","0","0","2.333333333","2.333333333","","0","100","0","0","77.77777778","77.77777778","0","0","77.77777778","77.77777778"
"","","UGP2014NAM-OT03","","","","","","","","","UGP2014NAM-OT03-02238","","","","3","3","1","2","7","1","3","3","2","1","0.05","0.02","0.7","8","1","1","3","7","0","0.07","0.77","3","0.025","0.02","0.023333333","1","1","0.666666667","0.666666667","0.023333333","0.023333333","0.233333333","0.233333333","66.66666667","9.090909091","100","0.555555556","0.777777778","7.777777778","8.555555556","0.555555556","0.777777778","7.777777778","8.555555556"
"","","UGP2014NAM-OT03","","","","","","","","","UGP2014NAM-OT03-02239","","","","3","2","1","2","5","2","3","2","5","0","0.84","0","1","2","1","1","4","3","7.76","0.84","1.84","5","0.168","","0.168","2.5","1.666666667","2.5","1.666666667","0.42","0.28","0.5","0.333333333","100","45.65217391","66.66666667","9.333333333","9.333333333","11.11111111","20.44444444","14","14","16.66666667","30.66666667"
"","","UGP2014NAM-OT03","","","","","","","","","UGP2014NAM-OT03-02240","","","","3","3","1","2","9","1","2","3","3","2","1.2","0.04","8.2","8","1","1","5","1","0.12","1.24","9.44","5","0.4","0.02","0.248","1.666666667","1.666666667","1","1","0.413333333","0.413333333","2.733333333","2.733333333","60","13.13559322","100","13.33333333","13.77777778","91.11111111","104.8888889","13.33333333","13.77777778","91.11111111","104.8888889"
"","","UGP2014NAM-OT03","","","","","","","","","UGP2014NAM-OT03-02241","","","","3","3","1","3","7","1","2","3","0","0","0","0","9.5","","","","","","","0","9.5","0","","","","0","0","0","0","0","0","3.166666667","3.166666667","","0","100","0","0","105.5555556","105.5555556","0","0","105.5555556","105.5555556"
"","","UGP2014NAM-OT03","","","","","","","","","UGP2014NAM-OT03-02242","","","","3","3","1","2","7","2","3","3","0","0","0","0","3.8","","","","","","","0","3.8","0","","","","0","0","0","0","0","0","1.266666667","1.266666667","","0","100","0","0","42.22222222","42.22222222","0","0","42.22222222","42.22222222"
"","","UGP2014NAM-OT03","","","","","","","","","UGP2014NAM-OT03-02243","","","","3","3","1","4","6","2","4","3","4","4","0.12","0.02","3.5","6","1","1","3","7","7.76","0.14","3.64","8","0.03","0.005","0.0175","2.666666667","2.666666667","1.333333333","1.333333333","0.046666667","0.046666667","1.166666667","1.166666667","50","3.846153846","100","1.333333333","1.555555556","38.88888889","40.44444444","1.333333333","1.555555556","38.88888889","40.44444444"
"","","UGP2014NAM-OT03","","","","","","","","","UGP2014NAM-OT03-02244","","","","3","3","1","2","7","2","4","3","0","0","0","0","3.2","","","","","","","0","3.2","0","","","","0","0","0","0","0","0","1.066666667","1.066666667","","0","100","0","0","35.55555556","35.55555556","0","0","35.55555556","35.55555556"
"","","UGP2014NAM-OT03","","","","","","","","","UGP2014NAM-OT03-02245","","","","3","3","1","2","5","1","2","3","0","0","0","0","3.5","","","","","","","0","3.5","0","","","","0","0","0","0","0","0","1.166666667","1.166666667","","0","100","0","0","38.88888889","38.88888889","0","0","38.88888889","38.88888889"
"","","UGP2014NAM-OT03","","","","","","","","","UGP2014NAM-OT03-02246","","","","3","3","1","2","7","2","4","3","0","0","0","0","5","","","","","","","0","5","0","","","","0","0","0","0","0","0","1.666666667","1.666666667","","0","100","0","0","55.55555556","55.55555556","0","0","55.55555556","55.55555556"
"","","UGP2014NAM-OT03","","","","","","","","","UGP2014NAM-OT03-02247","","","","3","3","1","4","6","2","4","3","0","0","0","0","2.7","","","","","","","0","2.7","0","","","","0","0","0","0","0","0","0.9","0.9","","0","100","0","0","30","30","0","0","30","30"
"","","UGP2014NAM-OT03","","","","","","","","","UGP2014NAM-OT03-02248","","","","3","3","1","2","7","1","3","3","4","2","0.88","0.02","4.3","8","1","1","6","1","","0.9","5.2","6","0.22","0.01","0.15","2","2","1.333333333","1.333333333","0.3","0.3","1.433333333","1.433333333","66.66666667","17.30769231","100","9.777777778","10","47.77777778","57.77777778","9.777777778","10","47.77777778","57.77777778"
"","","UGP2014NAM-OT03","","","","","","","","","UGP2014NAM-OT03-02249","","","","3","3","1","2","7","1","2","3","0","0","0","0","5","","","","","","","0","5","0","","","","0","0","0","0","0","0","1.666666667","1.666666667","","0","100","0","0","55.55555556","55.55555556","0","0","55.55555556","55.55555556"
"","","UGP2014NAM-OT03","","","","","","","","","UGP2014NAM-OT03-02250","","","","3","3","2","2","5","1","2","3","7","0","1.2","0","1","8","1","1","4","1","4.41","1.2","2.2","7","0.171428571","","0.171428571","2.333333333","2.333333333","2.333333333","2.333333333","0.4","0.4","0.333333333","0.333333333","100","54.54545455","100","13.33333333","13.33333333","11.11111111","24.44444444","13.33333333","13.33333333","11.11111111","24.44444444"
"","","UGP2014NAM-OT03","","","","","","","","","UGP2014NAM-OT03-02251","","","","3","0","","","","","","0","0","0","0","0","0","","","","","","","0","0","0","","","","","0","","0","","0","","0","","","0","0","0","0","0","","","",""
"","","UGP2014NAM-OT03","","","","","","","","","UGP2014NAM-OT03-02252","","","","3","0","","","","","","0","0","0","0","0","0","","","","","","","0","0","0","","","","","0","","0","","0","","0","","","0","0","0","0","0","","","",""
"","","UGP2014NAM-OT03","","","","","","","","","UGP2014NAM-OT03-02253","","","","3","3","1","2","7","1","2","3","7","3","0.4","0.04","4.6","8","1","1","2","5","0","0.44","5.04","10","0.057142857","0.013333333","0.044","3.333333333","3.333333333","2.333333333","2.333333333","0.146666667","0.146666667","1.533333333","1.533333333","70","8.73015873","100","4.444444444","4.888888889","51.11111111","56","4.444444444","4.888888889","51.11111111","56"
"","","UGP2014NAM-OT03","","","","","","","","","UGP2014NAM-OT03-02254","","","","3","3","2","2","8","1","2","3","1","1","0.14","0.04","4.5","2","1","1","5","5","4.41","0.18","4.68","2","0.14","0.04","0.09","0.666666667","0.666666667","0.333333333","0.333333333","0.06","0.06","1.5","1.5","50","3.846153846","100","1.555555556","2","50","52","1.555555556","2","50","52"
"","","UGP2014NAM-OT03","","","","","","","","","UGP2014NAM-OT03-02255","","","","3","2","2","2","9","1","2","2","2","1","0.68","0.02","9","2","1","1","4","1","0","0.7","9.7","3","0.34","0.02","0.233333333","1.5","1","1","0.666666667","0.35","0.233333333","4.5","3","66.66666667","7.216494845","66.66666667","7.555555556","7.777777778","100","107.7777778","11.33333333","11.66666667","150","161.6666667"
"","","UGP2014NAM-OT03","","","","","","","","","UGP2014NAM-OT03-02256","","","","3","2","1","2","6","2","4","2","9","0","2.3","0","4.3","2","3","1","5","1","0","2.3","6.6","9","0.255555556","","0.255555556","4.5","3","4.5","3","1.15","0.766666667","2.15","1.433333333","100","34.84848485","66.66666667","25.55555556","25.55555556","47.77777778","73.33333333","38.33333333","38.33333333","71.66666667","110"
"","","UGP2014NAM-OT03","","","","","","","","","UGP2014NAM-OT03-02257","","","","3","2","1","3","6","1","3","2","1","1","0.3","","4.9","6","1","1","1","1","11.03","","","2","0.3","","","1","0.666666667","0.5","0.333333333","","","2.45","1.633333333","50","","66.66666667","3.333333333","","54.44444444","","5","","81.66666667",""
"","","UGP2014NAM-OT03","","","","","","","","","UGP2014NAM-OT03-02258","","","","3","2","2","3","9","2","3","1","1","0","0.58","0","4.5","8","1","1","4","1","0.12","0.58","5.08","1","0.58","","0.58","1","0.333333333","1","0.333333333","0.58","0.193333333","4.5","1.5","100","11.41732283","33.33333333","6.444444444","6.444444444","50","56.44444444","19.33333333","19.33333333","150","169.3333333"
"","","UGP2014NAM-OT03","","","","","","","","","UGP2014NAM-OT03-02259","","","","3","2","1","2","8","1","3","2","0","0","0","0","8","","","","","","","0","8","0","","","","0","0","0","0","0","0","4","2.666666667","","0","66.66666667","0","0","88.88888889","88.88888889","0","0","133.3333333","133.3333333"
"","","UGP2014NAM-OT03","","","","","","","","","UGP2014NAM-OT03-02260","","","","3","3","2","3","7","2","4","3","0","0","0","0","5.5","","","","","","","0","5.5","0","","","","0","0","0","0","0","0","1.833333333","1.833333333","","0","100","0","0","61.11111111","61.11111111","0","0","61.11111111","61.11111111"
"","","UGP2014NAM-OT03","","","","","","","","","UGP2014NAM-OT03-02261","","","","3","3","2","2","7","1","2","3","5","0","2","0","8","8","1","1","5","1","1.5","2","10","5","0.4","","0.4","1.666666667","1.666666667","1.666666667","1.666666667","0.666666667","0.666666667","2.666666667","2.666666667","100","20","100","22.22222222","22.22222222","88.88888889","111.1111111","22.22222222","22.22222222","88.88888889","111.1111111"
"","","UGP2014NAM-OT03","","","","","","","","","UGP2014NAM-OT03-02262","","","","3","3","1","4","6","2","3","3","3","1","0.4","0.03","4.5","6","1","1","2","5","4.41","0.43","4.93","4","0.133333333","0.03","0.1075","1.333333333","1.333333333","1","1","0.143333333","0.143333333","1.5","1.5","75","8.722109533","100","4.444444444","4.777777778","50","54.77777778","4.444444444","4.777777778","50","54.77777778"
"","","UGP2014NAM-OT03","","","","","","","","","UGP2014NAM-OT03-02263","","","","3","3","2","2","6","3","5","3","1","0","0.08","0","6.5","2","1","1","3","5","","0.08","6.58","1","0.08","","0.08","0.333333333","0.333333333","0.333333333","0.333333333","0.026666667","0.026666667","2.166666667","2.166666667","100","1.215805471","100","0.888888889","0.888888889","72.22222222","73.11111111","0.888888889","0.888888889","72.22222222","73.11111111"
"","","UGP2014NAM-OT03","","","","","","","","","UGP2014NAM-OT03-02264","","","","3","3","1","2","7","2","4","3","0","0","0","0","5.2","","","","","","","0","5.2","0","","","","0","0","0","0","0","0","1.733333333","1.733333333","","0","100","0","0","57.77777778","57.77777778","0","0","57.77777778","57.77777778"
"","","UGP2014NAM-OT03","","","","","","","","","UGP2014NAM-OT03-02265","","","","3","2","2","2","5","1","3","2","5","0","1.1","0","5.5","8","1","2","4","4","4.61","1.1","6.6","5","0.22","","0.22","2.5","1.666666667","2.5","1.666666667","0.55","0.366666667","2.75","1.833333333","100","16.66666667","66.66666667","12.22222222","12.22222222","61.11111111","73.33333333","18.33333333","18.33333333","91.66666667","110"
"","","UGP2014NAM-OT03","","","","","","","","","UGP2014NAM-OT03-02266","","","","3","2","2","5","6","1","3","2","3","2","0.66","0.08","0.7","","1","1","5","1","11.03","0.74","1.44","5","0.22","0.04","0.148","2.5","1.666666667","1.5","1","0.37","0.246666667","0.35","0.233333333","60","51.38888889","66.66666667","7.333333333","8.222222222","7.777777778","16","11","12.33333333","11.66666667","24"
"","","UGP2014NAM-OT03","","","","","","","","","UGP2014NAM-OT03-02267","","","","3","0","","","","","","0","0","0","0","0","0","","","","","","","0","0","0","","","","","0","","0","","0","","0","","","0","0","0","0","0","","","",""
"","","UGP2014NAM-OT03","","","","","","","","","UGP2014NAM-OT03-02268","","","","3","3","1","2","7","4","6","3","1","1","0.56","0.04","5.5","2","1","1","8","3","3.03","0.6","6.1","2","0.56","0.04","0.3","0.666666667","0.666666667","0.333333333","0.333333333","0.2","0.2","1.833333333","1.833333333","50","9.836065574","100","6.222222222","6.666666667","61.11111111","67.77777778","6.222222222","6.666666667","61.11111111","67.77777778"
"","","UGP2014NAM-OT03","","","","","","","","","UGP2014NAM-OT03-02269","","","","3","2","2","3","7","2","3","2","6","6","0.4","0.05","2","8","1","1","6","5","0","0.45","2.45","12","0.066666667","0.008333333","0.0375","6","4","3","2","0.225","0.15","1","0.666666667","50","18.36734694","66.66666667","4.444444444","5","22.22222222","27.22222222","6.666666667","7.5","33.33333333","40.83333333"
"","","UGP2014NAM-OT03","","","","","","","","","UGP2014NAM-OT03-02270","","","","3","2","1","3","6","1","2","2","0","0","0","0","2.5","","","","","","","0","2.5","0","","","","0","0","0","0","0","0","1.25","0.833333333","","0","66.66666667","0","0","27.77777778","27.77777778","0","0","41.66666667","41.66666667"
"","","UGP2014NAM-OT03","","","","","","","","","UGP2014NAM-OT03-02271","","","","3","0","","","","","","0","0","0","0","0","0","","","","","","","0","0","0","","","","","0","","0","","0","","0","","","0","0","0","0","0","","","",""
"","","UGP2014NAM-OT03","","","","","","","","","UGP2014NAM-OT03-02272","","","","3","2","1","3","5","2","4","0","0","0","0","0","0","","","","","","","0","0","0","","","","","0","","0","","0","","0","","","0","0","0","0","0","","","",""
"","","UGP2014NAM-OT03","","","","","","","","","UGP2014NAM-OT03-02273","","","","3","3","1","2","6","1","2","3","3","0","0.98","0","1","8","3","3","4","1","","0.98","1.98","3","0.326666667","","0.326666667","1","1","1","1","0.326666667","0.326666667","0.333333333","0.333333333","100","49.49494949","100","10.88888889","10.88888889","11.11111111","22","10.88888889","10.88888889","11.11111111","22"
"","","UGP2014NAM-OT03","","","","","","","","","UGP2014NAM-OT03-02274","","","","3","2","1","2","8","1","2","2","8","6","0.66","0.08","6","2","2","1","4","5","0.12","0.74","6.74","14","0.0825","0.013333333","0.052857143","7","4.666666667","4","2.666666667","0.37","0.246666667","3","2","57.14285714","10.97922849","66.66666667","7.333333333","8.222222222","66.66666667","74.88888889","11","12.33333333","100","112.3333333"
"","","UGP2014NAM-OT03","","","","","","","","","UGP2014NAM-OT03-02275","","","","3","0","","","","","","0","0","0","0","0","0","","","","","","","0","0","0","","","","","0","","0","","0","","0","","","0","0","0","0","0","","","",""
"","","UGP2014NAM-OT03","","","","","","","","","UGP2014NAM-OT03-02276","","","","3","3","1","2","7","1","2","3","10","0","3","0","3","8","2","2","1","1","0","3","6","10","0.3","","0.3","3.333333333","3.333333333","3.333333333","3.333333333","1","1","1","1","100","50","100","33.33333333","33.33333333","33.33333333","66.66666667","33.33333333","33.33333333","33.33333333","66.66666667"
"","","UGP2014NAM-OT03","","","","","","","","","UGP2014NAM-OT03-02277","","","","3","3","2","2","7","1","2","3","4","0","2","0","2","8","1","1","1","1","0.12","2","4","4","0.5","","0.5","1.333333333","1.333333333","1.333333333","1.333333333","0.666666667","0.666666667","0.666666667","0.666666667","100","50","100","22.22222222","22.22222222","22.22222222","44.44444444","22.22222222","22.22222222","22.22222222","44.44444444"
"","","UGP2014NAM-OT03","","","","","","","","","UGP2014NAM-OT03-02278","","","","3","3","1","2","6","2","3","3","4","0","0.88","0","1.4","8","2","3","4","3","3.96","0.88","2.28","4","0.22","","0.22","1.333333333","1.333333333","1.333333333","1.333333333","0.293333333","0.293333333","0.466666667","0.466666667","100","38.59649123","100","9.777777778","9.777777778","15.55555556","25.33333333","9.777777778","9.777777778","15.55555556","25.33333333"
"","","UGP2014NAM-OT03","","","","","","","","","UGP2014NAM-OT03-02279","","","","3","3","1","2","6","1","2","3","2","0","0.24","0","4","2","1","1","4","5","0","0.24","4.24","2","0.12","","0.12","0.666666667","0.666666667","0.666666667","0.666666667","0.08","0.08","1.333333333","1.333333333","100","5.660377358","100","2.666666667","2.666666667","44.44444444","47.11111111","2.666666667","2.666666667","44.44444444","47.11111111"
"","","UGP2014NAM-OT03","","","","","","","","","UGP2014NAM-OT03-02280","","","","3","2","3","6","5","2","4","2","0","0","0","0","0.08","","","","","","","0","0.08","0","","","","0","0","0","0","0","0","0.04","0.026666667","","0","66.66666667","0","0","0.888888889","0.888888889","0","0","1.333333333","1.333333333"
"","","UGP2014NAM-OT03","","","","","","","","","UGP2014NAM-OT03-02281","","","","3","3","1","2","5","2","4","3","0","1","0","0.04","0.2","2","1","1","3","9","5.46","0.04","0.24","1","","0.04","0.04","0.333333333","0.333333333","0","0","0.013333333","0.013333333","0.066666667","0.066666667","0","16.66666667","100","0","0.444444444","2.222222222","2.666666667","0","0.444444444","2.222222222","2.666666667"
"","","UGP2014NAM-OT03","","","","","","","","","UGP2014NAM-OT03-02282","","","","3","3","1","2","8","1","3","3","5","0","0.9","0","0.9","","","","","","","0.9","1.8","5","0.18","","0.18","1.666666667","1.666666667","1.666666667","1.666666667","0.3","0.3","0.3","0.3","100","50","100","10","10","10","20","10","10","10","20"
"","","UGP2014NAM-OT03","","","","","","","","","UGP2014NAM-OT03-02283","","","","3","3","4","6","6","1","3","3","2","","0.19","0.08","2.5","2","2","1","4","1","3.96","0.27","2.77","","0.095","","","","","0.666666667","0.666666667","0.09","0.09","0.833333333","0.833333333","","9.747292419","100","2.111111111","3","27.77777778","30.77777778","2.111111111","3","27.77777778","30.77777778"
"","","UGP2014NAM-OT03","","","","","","","","","UGP2014NAM-OT03-02284","","","","3","2","1","3","6","1","3","2","1","2","0.58","0.04","1.5","8","1","1","3","7","0","0.62","2.12","3","0.58","0.02","0.206666667","1.5","1","0.5","0.333333333","0.31","0.206666667","0.75","0.5","33.33333333","29.24528302","66.66666667","6.444444444","6.888888889","16.66666667","23.55555556","9.666666667","10.33333333","25","35.33333333"
"","","UGP2014NAM-OT03","","","","","","","","","UGP2014NAM-OT03-02285","","","","3","3","2","6","9","2","3","3","0","1","0","","2.5","2","1","1","5","1","0","","","1","","","","0.333333333","0.333333333","0","0","","","0.833333333","0.833333333","0","","100","0","","27.77777778","","0","","27.77777778",""
"","","UGP2014NAM-OT03","","","","","","","","","UGP2014NAM-OT03-02286","","","","3","3","2","2","5","1","2","3","0","0","0","0","1","","","","","","","0","1","0","","","","0","0","0","0","0","0","0.333333333","0.333333333","","0","100","0","0","11.11111111","11.11111111","0","0","11.11111111","11.11111111"
"","","UGP2014NAM-OT03","","","","","","","","","UGP2014NAM-OT03-02287","","","","3","0","","","","","","0","0","0","0","0","0","","","","","","","0","0","0","","","","","0","","0","","0","","0","","","0","0","0","0","0","","","",""
"","","UGP2014NAM-OT03","","","","","","","","","UGP2014NAM-OT03-02288","","","","3","2","1","2","6","1","2","2","0","0","0","0","1.5","","","","","","","0","1.5","0","","","","0","0","0","0","0","0","0.75","0.5","","0","66.66666667","0","0","16.66666667","16.66666667","0","0","25","25"
"","","UGP2014NAM-OT03","","","","","","","","","UGP2014NAM-OT03-02289","","","","3","1","1","2","6","1","2","1","0","0","0","0","2","","","","","","","0","2","0","","","","0","0","0","0","0","0","2","0.666666667","","0","33.33333333","0","0","22.22222222","22.22222222","0","0","66.66666667","66.66666667"
"","","UGP2014NAM-OT03","","","","","","","","","UGP2014NAM-OT03-02290","","","","3","3","3","6","6","2","4","3","0","0","0","0","2.5","","","","","","","0","2.5","0","","","","0","0","0","0","0","0","0.833333333","0.833333333","","0","100","0","0","27.77777778","27.77777778","0","0","27.77777778","27.77777778"
"","","UGP2014NAM-OT03","","","","","","","","","UGP2014NAM-OT03-02291","","","","3","2","1","3","7","1","3","2","0","0","0","0","6.5","","","","","","","0","6.5","0","","","","0","0","0","0","0","0","3.25","2.166666667","","0","66.66666667","0","0","72.22222222","72.22222222","0","0","108.3333333","108.3333333"
"","","UGP2014NAM-OT03","","","","","","","","","UGP2014NAM-OT03-02292","","","","3","2","1","2","6","1","2","2","1","0","0.24","0","1","2","2","1","1","3","0.02","0.24","1.24","1","0.24","","0.24","0.5","0.333333333","0.5","0.333333333","0.12","0.08","0.5","0.333333333","100","19.35483871","66.66666667","2.666666667","2.666666667","11.11111111","13.77777778","4","4","16.66666667","20.66666667"
"","","UGP2014NAM-OT03","","","","","","","","","UGP2014NAM-OT03-02293","","","","3","1","1","2","7","2","4","1","0","0","0","0","2","","","","","","","0","2","0","","","","0","0","0","0","0","0","2","0.666666667","","0","33.33333333","0","0","22.22222222","22.22222222","0","0","66.66666667","66.66666667"
"","","UGP2014NAM-OT03","","","","","","","","","UGP2014NAM-OT03-02294","","","","3","2","1","2","5","4","7","1","0","0","0","0","0.2","","","","","","","0","0.2","0","","","","0","0","0","0","0","0","0.2","0.066666667","","0","33.33333333","0","0","2.222222222","2.222222222","0","0","6.666666667","6.666666667"
"","","UGP2014NAM-OT03","","","","","","","","","UGP2014NAM-OT03-02295","","","","3","3","1","2","8","1","3","3","0","0","0","0","4.7","","","","","","","0","4.7","0","","","","0","0","0","0","0","0","1.566666667","1.566666667","","0","100","0","0","52.22222222","52.22222222","0","0","52.22222222","52.22222222"
"","","UGP2014NAM-OT03","","","","","","","","","UGP2014NAM-OT03-02296","","","","3","2","3","6","7","2","3","2","0","0","0","0","5","","","","","","","0","5","0","","","","0","0","0","0","0","0","2.5","1.666666667","","0","66.66666667","0","0","55.55555556","55.55555556","0","0","83.33333333","83.33333333"
"","","UGP2014NAM-OT03","","","","","","","","","UGP2014NAM-OT03-02297","","","","3","1","1","2","5","3","5","1","0","0","0","0","0.1","","","","","","","0","0.1","0","","","","0","0","0","0","0","0","0.1","0.033333333","","0","33.33333333","0","0","1.111111111","1.111111111","0","0","3.333333333","3.333333333"
"","","UGP2014NAM-OT03","","","","","","","","","UGP2014NAM-OT03-02298","","","","3","2","1","4","6","1","3","2","6","6","0.3","0.08","1","8","1","1","8","5","3.96","0.38","1.38","12","0.05","0.013333333","0.031666667","6","4","3","2","0.19","0.126666667","0.5","0.333333333","50","27.53623188","66.66666667","3.333333333","4.222222222","11.11111111","15.33333333","5","6.333333333","16.66666667","23"
"","","UGP2014NAM-OT03","","","","","","","","","UGP2014NAM-OT03-02299","","","","3","1","1","2","6","2","4","1","3","2","0.5","0.04","4","8","1","1","4","5","4.61","0.54","4.54","5","0.166666667","0.02","0.108","5","1.666666667","3","1","0.54","0.18","4","1.333333333","60","11.89427313","33.33333333","5.555555556","6","44.44444444","50.44444444","16.66666667","18","133.3333333","151.3333333"
"","","UGP2014NAM-OT03","","","","","","","","","UGP2014NAM-OT03-02300","","","","3","2","1","2","8","2","4","2","0","0","0","0","2.5","","","","","","","0","2.5","0","","","","0","0","0","0","0","0","1.25","0.833333333","","0","66.66666667","0","0","27.77777778","27.77777778","0","0","41.66666667","41.66666667"
"","","UGP2014NAM-OT03","","","","","","","","","UGP2014NAM-OT03-02301","","","","3","2","1","2","6","1","2","2","1","1","0.08","0.04","1.2","2","1","1","9","9","0.15","0.12","1.32","2","0.08","0.04","0.06","1","0.666666667","0.5","0.333333333","0.06","0.04","0.6","0.4","50","9.090909091","66.66666667","0.888888889","1.333333333","13.33333333","14.66666667","1.333333333","2","20","22"
"","","UGP2014NAM-OT03","","","","","","","","","UGP2014NAM-OT03-02302","","","","3","2","1","2","6","3","5","2","2","1","0.1","0.08","7.5","8","1","1","3","9","0","0.18","7.68","3","0.05","0.08","0.06","1.5","1","1","0.666666667","0.09","0.06","3.75","2.5","66.66666667","2.34375","66.66666667","1.111111111","2","83.33333333","85.33333333","1.666666667","3","125","128"
"","","UGP2014NAM-OT03","","","","","","","","","UGP2014NAM-OT03-02303","","","","3","2","1","2","6","1","3","2","4","5","0.2","0.06","3.5","8","1","1","9","9","0","0.26","3.76","9","0.05","0.012","0.028888889","4.5","3","2","1.333333333","0.13","0.086666667","1.75","1.166666667","44.44444444","6.914893617","66.66666667","2.222222222","2.888888889","38.88888889","41.77777778","3.333333333","4.333333333","58.33333333","62.66666667"
"","","UGP2014NAM-OT03","","","","","","","","","UGP2014NAM-OT03-02304","","","","3","0","","","","","","0","0","0","0","0","0","","","","","","","0","0","0","","","","","0","","0","","0","","0","","","0","0","0","0","0","","","",""
"","","UGP2014NAM-OT03","","","","","","","","","UGP2014NAM-OT03-02305","","","","3","1","2","2","8","1","2","1","4","3","0.4","0.06","6.5","2","1","1","2","3","0.15","0.46","6.96","7","0.1","0.02","0.065714286","7","2.333333333","4","1.333333333","0.46","0.153333333","6.5","2.166666667","57.14285714","6.609195402","33.33333333","4.444444444","5.111111111","72.22222222","77.33333333","13.33333333","15.33333333","216.6666667","232"
"","","UGP2014NAM-OT03","","","","","","","","","UGP2014NAM-OT03-02306","","","","3","0","","","","","","0","0","0","0","0","0","","","","","","","0","0","0","","","","","0","","0","","0","","0","","","0","0","0","0","0","","","",""
"","","UGP2014NAM-OT03","","","","","","","","","UGP2014NAM-OT03-02307","","","","3","3","1","3","5","1","3","1","0","0","0","0","1.5","","","","","","","0","1.5","0","","","","0","0","0","0","0","0","1.5","0.5","","0","33.33333333","0","0","16.66666667","16.66666667","0","0","50","50"
"","","UGP2014NAM-OT03","","","","","","","","","UGP2014NAM-OT03-02308","","","","3","1","1","2","7","1","2","1","4","5","0.36","0.1","1","2","1","1","5","5","0.12","0.46","1.46","9","0.09","0.02","0.051111111","9","3","4","1.333333333","0.46","0.153333333","1","0.333333333","44.44444444","31.50684932","33.33333333","4","5.111111111","11.11111111","16.22222222","12","15.33333333","33.33333333","48.66666667"
"","","UGP2014NAM-OT03","","","","","","","","","UGP2014NAM-OT03-02309","","","","3","2","1","4","8","2","3","2","1","1","0.1","0.02","2","9","1","1","5","1","0.02","0.12","2.12","2","0.1","0.02","0.06","1","0.666666667","0.5","0.333333333","0.06","0.04","1","0.666666667","50","5.660377358","66.66666667","1.111111111","1.333333333","22.22222222","23.55555556","1.666666667","2","33.33333333","35.33333333"
"","","UGP2014NAM-OT03","","","","","","","","","UGP2014NAM-OT03-02310","","","","3","2","1","6","5","3","5","2","2","2","0.2","0.02","1.5","9","1","1","1","5","4.61","0.22","1.72","4","0.1","0.01","0.055","2","1.333333333","1","0.666666667","0.11","0.073333333","0.75","0.5","50","12.79069767","66.66666667","2.222222222","2.444444444","16.66666667","19.11111111","3.333333333","3.666666667","25","28.66666667"
"","","UGP2014NAM-OT03","","","","","","","","","UGP2014NAM-OT03-02311","","","","3","2","3","6","7","1","2","1","0","5","0","0.1","1.5","9","1","1","9","9","0","0.1","1.6","5","","0.02","0.02","5","1.666666667","0","0","0.1","0.033333333","1.5","0.5","0","6.25","33.33333333","0","1.111111111","16.66666667","17.77777778","0","3.333333333","50","53.33333333"
"","","UGP2014NAM-OT03","","","","","","","","","UGP2014NAM-OT03-02312","","","","3","1","1","2","7","1","3","1","2","0","1.4","0","2.3","6","2","1","1","1","0","1.4","3.7","2","0.7","","0.7","2","0.666666667","2","0.666666667","1.4","0.466666667","2.3","0.766666667","100","37.83783784","33.33333333","15.55555556","15.55555556","25.55555556","41.11111111","46.66666667","46.66666667","76.66666667","123.3333333"
"","","UGP2014NAM-OT03","","","","","","","","","UGP2014NAM-OT03-02313","","","","3","2","1","2","8","2","3","2","5","3","0.68","0.04","1.5","2","1","1","3","3","0","0.72","2.22","8","0.136","0.013333333","0.09","4","2.666666667","2.5","1.666666667","0.36","0.24","0.75","0.5","62.5","32.43243243","66.66666667","7.555555556","8","16.66666667","24.66666667","11.33333333","12","25","37"
"","","UGP2014NAM-OT03","","","","","","","","","UGP2014NAM-OT03-02314","","","","3","3","1","3","7","1","3","3","12","5","0.96","0.1","1.4","2","1","1","2","3","5.46","1.06","2.46","17","0.08","0.02","0.062352941","5.666666667","5.666666667","4","4","0.353333333","0.353333333","0.466666667","0.466666667","70.58823529","43.08943089","100","10.66666667","11.77777778","15.55555556","27.33333333","10.66666667","11.77777778","15.55555556","27.33333333"
"","","UGP2014NAM-OT03","","","","","","","","","UGP2014NAM-OT03-02315","","","","3","0","","","","","","0","0","0","0","0","0","","","","","","","0","0","0","","","","","0","","0","","0","","0","","","0","0","0","0","0","","","",""
"","","UGP2014NAM-OT03","","","","","","","","","UGP2014NAM-OT03-02316","","","","3","1","3","6","7","1","3","1","1","1","0.24","0.01","1","2","1","1","1","5","0","0.25","1.25","2","0.24","0.01","0.125","2","0.666666667","1","0.333333333","0.25","0.083333333","1","0.333333333","50","20","33.33333333","2.666666667","2.777777778","11.11111111","13.88888889","8","8.333333333","33.33333333","41.66666667"
"","","UGP2014NAM-OT03","","","","","","","","","UGP2014NAM-OT03-02317","","","","3","2","1","2","7","1","3","2","2","","0.38","1","1.5","2","1","1","2","5","0.02","1.38","2.88","","0.19","","","","","1","0.666666667","0.69","0.46","0.75","0.5","","47.91666667","66.66666667","4.222222222","15.33333333","16.66666667","32","6.333333333","23","25","48"
"","","UGP2014NAM-OT03","","","","","","","","","UGP2014NAM-OT03-02318","","","","3","0","","","","","","0","0","0","0","0","0","","","","","","","0","0","0","","","","","0","","0","","0","","0","","","0","0","0","0","0","","","",""
"","","UGP2014NAM-OT03","","","","","","","","","UGP2014NAM-OT03-02319","","","","3","2","1","4","6","2","3","2","0","0","0","0","0.3","","","","","","","0","0.3","0","","","","0","0","0","0","0","0","0.15","0.1","","0","66.66666667","0","0","3.333333333","3.333333333","0","0","5","5"
"","","UGP2014NAM-OT03","","","","","","","","","UGP2014NAM-OT03-02320","","","","3","1","1","2","5","1","3","1","5","4","0.24","0.06","0.7","2","1","1","3","9","0","0.3","1","9","0.048","0.015","0.033333333","9","3","5","1.666666667","0.3","0.1","0.7","0.233333333","55.55555556","30","33.33333333","2.666666667","3.333333333","7.777777778","11.11111111","8","10","23.33333333","33.33333333"
"","","UGP2014NAM-OT03","","","","","","","","","UGP2014NAM-OT03-02321","","","","3","2","1","2","7","1","2","2","5","0","0.28","0","1.7","2","2","1","1","5","0.02","0.28","1.98","5","0.056","","0.056","2.5","1.666666667","2.5","1.666666667","0.14","0.093333333","0.85","0.566666667","100","14.14141414","66.66666667","3.111111111","3.111111111","18.88888889","22","4.666666667","4.666666667","28.33333333","33"
"","","UGP2014NAM-OT03","","","","","","","","","UGP2014NAM-OT03-02322","","","","3","3","1","2","9","1","2","3","0","0","0","0","3","","","","","","","0","3","0","","","","0","0","0","0","0","0","1","1","","0","100","0","0","33.33333333","33.33333333","0","0","33.33333333","33.33333333"
"","","UGP2014NAM-OT03","","","","","","","","","UGP2014NAM-OT03-02323","","","","3","3","1","2","6","2","3","3","1","1","0.08","0.04","0.5","2","1","1","2","9","0.15","0.12","0.62","2","0.08","0.04","0.06","0.666666667","0.666666667","0.333333333","0.333333333","0.04","0.04","0.166666667","0.166666667","50","19.35483871","100","0.888888889","1.333333333","5.555555556","6.888888889","0.888888889","1.333333333","5.555555556","6.888888889"
"","","UGP2014NAM-OT03","","","","","","","","","UGP2014NAM-OT03-02325","","","","3","2","3","3","8","1","3","2","5","8","1.4","0.12","2.7","9","1","1","5","3","0.02","1.52","4.22","13","0.28","0.015","0.116923077","6.5","4.333333333","2.5","1.666666667","0.76","0.506666667","1.35","0.9","38.46153846","36.01895735","66.66666667","15.55555556","16.88888889","30","46.88888889","23.33333333","25.33333333","45","70.33333333"
"","","UGP2014NAM-OT03","","","","","","","","","UGP2014NAM-OT03-02326","","","","3","3","3","3","7","1","3","3","9","9","0.7","0.14","8","9","1","1","3","5","0","0.84","8.84","18","0.077777778","0.015555556","0.046666667","6","6","3","3","0.28","0.28","2.666666667","2.666666667","50","9.502262443","100","7.777777778","9.333333333","88.88888889","98.22222222","7.777777778","9.333333333","88.88888889","98.22222222"
"","","UGP2014NAM-OT03","","","","","","","","","UGP2014NAM-OT03-02327","","","","3","2","1","2","6","3","5","2","0","0","0","0","2.2","","","","","","","0","2.2","0","","","","0","0","0","0","0","0","1.1","0.733333333","","0","66.66666667","0","0","24.44444444","24.44444444","0","0","36.66666667","36.66666667"
"","","UGP2014NAM-OT03","","","","","","","","","UGP2014NAM-OT03-02328","","","","3","3","1","3","5","2","4","3","0","0","0","0","4","","","","","","","0","4","0","","","","0","0","0","0","0","0","1.333333333","1.333333333","","0","100","0","0","44.44444444","44.44444444","0","0","44.44444444","44.44444444"
"","","UGP2014NAM-OT03","","","","","","","","","UGP2014NAM-OT03-02329","","","","3","2","1","2","5","1","3","2","0","0","0","0","1.2","","","","","","","0","1.2","0","","","","0","0","0","0","0","0","0.6","0.4","","0","66.66666667","0","0","13.33333333","13.33333333","0","0","20","20"
"","","UGP2014NAM-OT03","","","","","","","","","UGP2014NAM-OT03-02330","","","","3","1","1","2","7","3","6","1","0","0","0","0","1","","","","","","","0","1","0","","","","0","0","0","0","0","0","1","0.333333333","","0","33.33333333","0","0","11.11111111","11.11111111","0","0","33.33333333","33.33333333"
"","","UGP2014NAM-OT03","","","","","","","","","UGP2014NAM-OT03-02331","","","","3","1","1","2","7","1","3","1","0","0","0","0","3","","","","","","","0","3","0","","","","0","0","0","0","0","0","3","1","","0","33.33333333","0","0","33.33333333","33.33333333","0","0","100","100"
"","","UGP2014NAM-OT03","","","","","","","","","UGP2014NAM-OT03-02332","","","","3","3","1","3","6","2","3","2","0","0","0","0","1.2","","","","","","","0","1.2","0","","","","0","0","0","0","0","0","0.6","0.4","","0","66.66666667","0","0","13.33333333","13.33333333","0","0","20","20"
"","","UGP2014NAM-OT03","","","","","","","","","UGP2014NAM-OT03-02333","","","","3","2","1","2","4","1","2","2","0","0","0","0","0.08","","","","","","","0","0.08","0","","","","0","0","0","0","0","0","0.04","0.026666667","","0","66.66666667","0","0","0.888888889","0.888888889","0","0","1.333333333","1.333333333"
"","","UGP2014NAM-OT03","","","","","","","","","UGP2014NAM-OT03-02334","","","","3","2","1","2","6","1","2","2","2","4","0.16","0.1","1.5","2","1","1","3","7","0.02","0.26","1.76","6","0.08","0.025","0.043333333","3","2","1","0.666666667","0.13","0.086666667","0.75","0.5","33.33333333","14.77272727","66.66666667","1.777777778","2.888888889","16.66666667","19.55555556","2.666666667","4.333333333","25","29.33333333"
"","","UGP2014NAM-OT03","","","","","","","","","UGP2014NAM-OT03-02335","","","","3","3","1","3","5","3","6","3","0","0","0","0","0.16","","","","","","","0","0.16","0","","","","0","0","0","0","0","0","0.053333333","0.053333333","","0","100","0","0","1.777777778","1.777777778","0","0","1.777777778","1.777777778"
"","","UGP2014NAM-OT03","","","","","","","","","UGP2014NAM-OT03-02336","","","","3","3","1","3","6","2","4","3","4","4","0.2","0.1","4.8","2","1","1","2","7","0","0.3","5.1","8","0.05","0.025","0.0375","2.666666667","2.666666667","1.333333333","1.333333333","0.1","0.1","1.6","1.6","50","5.882352941","100","2.222222222","3.333333333","53.33333333","56.66666667","2.222222222","3.333333333","53.33333333","56.66666667"
"","","UGP2014NAM-OT03","","","","","","","","","UGP2014NAM-OT03-02337","","","","3","1","1","2","5","3","6","1","0","0","0","0","0.5","","","","","","","0","0.5","0","","","","0","0","0","0","0","0","0.5","0.166666667","","0","33.33333333","0","0","5.555555556","5.555555556","0","0","16.66666667","16.66666667"
"","","UGP2014NAM-OT03","","","","","","","","","UGP2014NAM-OT03-02338","","","","3","1","2","2","6","1","3","1","0","0","0","0","2","","","","","","","0","2","0","","","","0","0","0","0","0","0","2","0.666666667","","0","33.33333333","0","0","22.22222222","22.22222222","0","0","66.66666667","66.66666667"
"","","UGP2014NAM-OT03","","","","","","","","","UGP2014NAM-OT03-02339","","","","3","1","2","3","6","1","3","1","0","20","0","0.18","1","9","1","1","2","9","1.65","0.18","1.18","20","","0.009","0.009","20","6.666666667","0","0","0.18","0.06","1","0.333333333","0","15.25423729","33.33333333","0","2","11.11111111","13.11111111","0","6","33.33333333","39.33333333"
"","","UGP2014NAM-OT03","","","","","","","","","UGP2014NAM-OT03-02340","","","","3","2","2","2","7","2","4","2","4","0","0.32","0","4","2","1","1","5","5","0.02","0.32","4.32","4","0.08","","0.08","2","1.333333333","2","1.333333333","0.16","0.106666667","2","1.333333333","100","7.407407407","66.66666667","3.555555556","3.555555556","44.44444444","48","5.333333333","5.333333333","66.66666667","72"
"","","UGP2014NAM-OT03","","","","","","","","","UGP2014NAM-OT03-02341","","","","3","1","2","6","5","1","2","1","3","1","0.4","0.03","0.5","2","1","1","3","5","0","0.43","0.93","4","0.133333333","0.03","0.1075","4","1.333333333","3","1","0.43","0.143333333","0.5","0.166666667","75","46.23655914","33.33333333","4.444444444","4.777777778","5.555555556","10.33333333","13.33333333","14.33333333","16.66666667","31"
"","","UGP2014NAM-OT03","","","","","","","","","UGP2014NAM-OT03-02342","","","","3","1","1","2","6","1","3","1","6","5","0.6","0.1","3","9","1","1","2","5","3.96","0.7","3.7","11","0.1","0.02","0.063636364","11","3.666666667","6","2","0.7","0.233333333","3","1","54.54545455","18.91891892","33.33333333","6.666666667","7.777777778","33.33333333","41.11111111","20","23.33333333","100","123.3333333"
"","","UGP2014NAM-OT03","","","","","","","","","UGP2014NAM-OT03-02343","","","","3","2","1","2","6","1","2","2","0","0","0","0","7","","","","","","","0","7","0","","","","0","0","0","0","0","0","3.5","2.333333333","","0","66.66666667","0","0","77.77777778","77.77777778","0","0","116.6666667","116.6666667"
"","","UGP2014NAM-OT03","","","","","","","","","UGP2014NAM-OT03-02344","","","","3","2","1","2","6","1","2","2","7","6","0.6","0.12","3.2","6","1","1","2","5","11.03","0.72","3.92","13","0.085714286","0.02","0.055384615","6.5","4.333333333","3.5","2.333333333","0.36","0.24","1.6","1.066666667","53.84615385","18.36734694","66.66666667","6.666666667","8","35.55555556","43.55555556","10","12","53.33333333","65.33333333"
"","","UGP2014NAM-OT03","","","","","","","","","UGP2014NAM-OT03-02345","","","","3","3","2","2","6","3","5","3","0","0","0","0","3","","","","","","","0","3","0","","","","0","0","0","0","0","0","1","1","","0","100","0","0","33.33333333","33.33333333","0","0","33.33333333","33.33333333"
"","","UGP2014NAM-OT03","","","","","","","","","UGP2014NAM-OT03-02346","","","","3","0","","","","","","0","0","0","0","0","0","","","","","","","0","0","0","","","","","0","","0","","0","","0","","","0","0","0","0","0","","","",""
"","","UGP2014NAM-OT03","","","","","","","","","UGP2014NAM-OT03-02347","","","","3","2","1","4","8","1","2","2","9","6","1.18","0.12","4.5","2","2","1","4","3","0","1.3","5.8","15","0.131111111","0.02","0.086666667","7.5","5","4.5","3","0.65","0.433333333","2.25","1.5","60","22.4137931","66.66666667","13.11111111","14.44444444","50","64.44444444","19.66666667","21.66666667","75","96.66666667"
"","","UGP2014NAM-OT03","","","","","","","","","UGP2014NAM-OT03-02348","","","","3","2","1","2","7","1","2","2","2","0","0.38","0","5.7","9","1","1","1","3","0.12","0.38","6.08","2","0.19","","0.19","1","0.666666667","1","0.666666667","0.19","0.126666667","2.85","1.9","100","6.25","66.66666667","4.222222222","4.222222222","63.33333333","67.55555556","6.333333333","6.333333333","95","101.3333333"
"","","UGP2014NAM-OT03","","","","","","","","","UGP2014NAM-OT03-02349","","","","3","2","1","2","6","1","3","2","0","2","0","0.08","2.5","2","1","1","9","9","0","0.08","2.58","2","","0.04","0.04","1","0.666666667","0","0","0.04","0.026666667","1.25","0.833333333","0","3.100775194","66.66666667","0","0.888888889","27.77777778","28.66666667","0","1.333333333","41.66666667","43"
"","","UGP2014NAM-OT03","","","","","","","","","UGP2014NAM-OT03-02350","","","","3","2","1","2","5","3","5","2","0","0","0","0","2","","","","","","","0","2","0","","","","0","0","0","0","0","0","1","0.666666667","","0","66.66666667","0","0","22.22222222","22.22222222","0","0","33.33333333","33.33333333"
"","","UGP2014NAM-OT03","","","","","","","","","UGP2014NAM-OT03-02351","","","","3","3","2","3","5","1","3","3","0","0","0","0","5.5","","","","","","","0","5.5","0","","","","0","0","0","0","0","0","1.833333333","1.833333333","","0","100","0","0","61.11111111","61.11111111","0","0","61.11111111","61.11111111"
"","","UGP2014NAM-OT03","","","","","","","","","UGP2014NAM-OT03-02352","","","","3","3","4","6","8","1","3","2","0","0","0","0","15","","","","","","","0","15","0","","","","0","0","0","0","0","0","7.5","5","","0","66.66666667","0","0","166.6666667","166.6666667","0","0","250","250"
"","","UGP2014NAM-OT03","","","","","","","","","UGP2014NAM-OT03-02353","","","","3","2","3","3","6","2","3","2","5","10","0.16","0.18","4.2","9","1","1","3","7","0","0.34","4.54","15","0.032","0.018","0.022666667","7.5","5","2.5","1.666666667","0.17","0.113333333","2.1","1.4","33.33333333","7.488986784","66.66666667","1.777777778","3.777777778","46.66666667","50.44444444","2.666666667","5.666666667","70","75.66666667"
"","","UGP2014NAM-OT03","","","","","","","","","UGP2014NAM-OT03-02354","","","","3","2","3","6","7","1","2","2","0","1","0","0.04","3","9","1","1","2","9","7.76","0.04","3.04","1","","0.04","0.04","0.5","0.333333333","0","0","0.02","0.013333333","1.5","1","0","1.315789474","66.66666667","0","0.444444444","33.33333333","33.77777778","0","0.666666667","50","50.66666667"
"","","UGP2014NAM-OT03","","","","","","","","","UGP2014NAM-OT03-02356","","","","3","2","1","2","5","1","2","2","0","0","0","0","0.19","","","","","","","0","0.19","0","","","","0","0","0","0","0","0","0.095","0.063333333","","0","66.66666667","0","0","2.111111111","2.111111111","0","0","3.166666667","3.166666667"
"","","UGP2014NAM-OT03","","","","","","","","","UGP2014NAM-OT03-02357","","","","3","1","1","3","6","1","2","1","0","0","0","0","2","","","","","","","0","2","0","","","","0","0","0","0","0","0","2","0.666666667","","0","33.33333333","0","0","22.22222222","22.22222222","0","0","66.66666667","66.66666667"
"","","UGP2014NAM-OT03","","","","","","","","","UGP2014NAM-OT03-02358","","","","3","0","","","","","","0","0","0","0","0","0","","","","","","","0","0","0","","","","","0","","0","","0","","0","","","0","0","0","0","0","","","",""
"","","UGP2014NAM-OT03","","","","","","","","","UGP2014NAM-OT03-02359","","","","3","1","2","2","5","2","2","1","1","0","0.06","0","0.18","9","1","1","3","7","0.12","0.06","0.24","1","0.06","","0.06","1","0.333333333","1","0.333333333","0.06","0.02","0.18","0.06","100","25","33.33333333","0.666666667","0.666666667","2","2.666666667","2","2","6","8"
"","","UGP2014NAM-OT03","","","","","","","","","UGP2014NAM-OT03-02360","","","","3","1","2","2","6","2","3","1","1","0","0.72","0","0.46","6","1","1","7","1","1.5","0.72","1.18","1","0.72","","0.72","1","0.333333333","1","0.333333333","0.72","0.24","0.46","0.153333333","100","61.01694915","33.33333333","8","8","5.111111111","13.11111111","24","24","15.33333333","39.33333333"
"","","UGP2014NAM-OT03","","","","","","","","","UGP2014NAM-OT03-02361","","","","3","1","2","2","5","1","2","1","0","0","0","0","0.3","","","","","","","0","0.3","0","","","","0","0","0","0","0","0","0.3","0.1","","0","33.33333333","0","0","3.333333333","3.333333333","0","0","10","10"
"","","UGP2014NAM-OT03","","","","","","","","","UGP2014NAM-OT03-02362","","","","3","2","5","7","6","1","2","2","0","0","0","0","2","","","","","","","0","2","0","","","","0","0","0","0","0","0","1","0.666666667","","0","66.66666667","0","0","22.22222222","22.22222222","0","0","33.33333333","33.33333333"
"","","UGP2014NAM-OT03","","","","","","","","","UGP2014NAM-OT03-02363","","","","3","1","1","2","5","1","2","1","3","0","0.38","0","0.04","2","1","1","4","3","0","0.38","0.42","3","0.126666667","","0.126666667","3","1","3","1","0.38","0.126666667","0.04","0.013333333","100","90.47619048","33.33333333","4.222222222","4.222222222","0.444444444","4.666666667","12.66666667","12.66666667","1.333333333","14"
"","","UGP2014NAM-OT03","","","","","","","","","UGP2014NAM-OT03-02364","","","","3","2","3","6","6","3","5","2","4","2","0.48","0.04","1.5","8","1","1","3","5","0","0.52","2.02","6","0.12","0.02","0.086666667","3","2","2","1.333333333","0.26","0.173333333","0.75","0.5","66.66666667","25.74257426","66.66666667","5.333333333","5.777777778","16.66666667","22.44444444","8","8.666666667","25","33.66666667"
"","","UGP2014NAM-OT03","","","","","","","","","UGP2014NAM-OT03-02365","","","","3","1","4","6","5","1","3","1","0","0","0","0","0.09","","","","","","","0","0.09","0","","","","0","0","0","0","0","0","0.09","0.03","","0","33.33333333","0","0","1","1","0","0","3","3"
"","","UGP2014NAM-OT03","","","","","","","","","UGP2014NAM-OT03-02366","","","","3","0","","","","","","0","0","0","0","0","0","","","","","","","0","0","0","","","","","0","","0","","0","","0","","","0","0","0","0","0","","","",""
"","","UGP2014NAM-OT03","","","","","","","","","UGP2014NAM-OT03-02367","","","","3","2","1","2","6","1","3","2","4","2","0.32","0.04","1.5","8","1","3","3","5","0","0.36","1.86","6","0.08","0.02","0.06","3","2","2","1.333333333","0.18","0.12","0.75","0.5","66.66666667","19.35483871","66.66666667","3.555555556","4","16.66666667","20.66666667","5.333333333","6","25","31"
"","","UGP2014NAM-OT03","","","","","","","","","UGP2014NAM-OT03-02368","","","","3","3","1","3","7","1","2","3","4","0","0.5","0","2","8","1","1","2","5","0.15","0.5","2.5","4","0.125","","0.125","1.333333333","1.333333333","1.333333333","1.333333333","0.166666667","0.166666667","0.666666667","0.666666667","100","20","100","5.555555556","5.555555556","22.22222222","27.77777778","5.555555556","5.555555556","22.22222222","27.77777778"
"","","UGP2014NAM-OT03","","","","","","","","","UGP2014NAM-OT03-02369","","","","3","1","1","2","5","1","2","1","1","0","0.2","0","0.12","2","1","1","1","5","0.02","0.2","0.32","1","0.2","","0.2","1","0.333333333","1","0.333333333","0.2","0.066666667","0.12","0.04","100","62.5","33.33333333","2.222222222","2.222222222","1.333333333","3.555555556","6.666666667","6.666666667","4","10.66666667"
"","","UGP2014NAM-OT03","","","","","","","","","UGP2014NAM-OT03-02370","","","","3","2","1","2","8","2","3","2","0","0","0","0","2","","","","","","","0","2","0","","","","0","0","0","0","0","0","1","0.666666667","","0","66.66666667","0","0","22.22222222","22.22222222","0","0","33.33333333","33.33333333"
"","","UGP2014NAM-OT03","","","","","","","","","UGP2014NAM-OT03-02371","","","","3","2","1","2","9","1","2","1","1","1","0.16","0.03","11.2","9","1","1","3","5","7.23","0.19","11.39","2","0.16","0.03","0.095","2","0.666666667","1","0.333333333","0.19","0.063333333","11.2","3.733333333","50","1.668129939","33.33333333","1.777777778","2.111111111","124.4444444","126.5555556","5.333333333","6.333333333","373.3333333","379.6666667"
"","","UGP2014NAM-OT03","","","","","","","","","UGP2014NAM-OT03-02372","","","","3","2","1","2","5","2","4","2","0","0","0","0","1.5","","","","","","","0","1.5","0","","","","0","0","0","0","0","0","0.75","0.5","","0","66.66666667","0","0","16.66666667","16.66666667","0","0","25","25"
"","","UGP2014NAM-OT03","","","","","","","","","UGP2014NAM-OT03-02373","","","","3","1","3","6","5","3","6","1","3","0","0.48","0","0.16","6","1","1","5","3","0","0.48","0.64","3","0.16","","0.16","3","1","3","1","0.48","0.16","0.16","0.053333333","100","75","33.33333333","5.333333333","5.333333333","1.777777778","7.111111111","16","16","5.333333333","21.33333333"
"","","UGP2014NAM-OT03","","","","","","","","","UGP2014NAM-OT03-02374","","","","3","2","1","2","6","1","2","2","3","0","0.38","0","0.5","9","1","1","5","5","0","0.38","0.88","3","0.126666667","","0.126666667","1.5","1","1.5","1","0.19","0.126666667","0.25","0.166666667","100","43.18181818","66.66666667","4.222222222","4.222222222","5.555555556","9.777777778","6.333333333","6.333333333","8.333333333","14.66666667"
"","","UGP2014NAM-OT03","","","","","","","","","UGP2014NAM-OT03-02375","","","","3","0","","","","","","0","0","0","0","0","0","","","","","","","0","0","0","","","","","0","","0","","0","","0","","","0","0","0","0","0","","","",""
"","","UGP2014NAM-OT03","","","","","","","","","UGP2014NAM-OT03-02376","","","","3","2","1","4","7","2","4","2","0","0","0","0","1","","","","","","","0","1","0","","","","0","0","0","0","0","0","0.5","0.333333333","","0","66.66666667","0","0","11.11111111","11.11111111","0","0","16.66666667","16.66666667"
"","","UGP2014NAM-OT03","","","","","","","","","UGP2014NAM-OT03-02377","","","","3","3","1","3","7","1","2","3","0","0","0","0","5","","","","","","","0","5","0","","","","0","0","0","0","0","0","1.666666667","1.666666667","","0","100","0","0","55.55555556","55.55555556","0","0","55.55555556","55.55555556"
"","","UGP2014NAM-OT03","","","","","","","","","UGP2014NAM-OT03-02378","","","","3","3","1","2","4","1","2","3","0","0","0","0","0.5","","","","","","","0","0.5","0","","","","0","0","0","0","0","0","0.166666667","0.166666667","","0","100","0","0","5.555555556","5.555555556","0","0","5.555555556","5.555555556"
"","","UGP2014NAM-OT03","","","","","","","","","UGP2014NAM-OT03-02379","","","","3","","1","2","6","1","3","0","0","0","0","0","0","","","","","","","0","0","0","","","","","0","","0","","0","","0","","","0","0","0","0","0","","","",""
"","","UGP2014NAM-OT03","","","","","","","","","UGP2014NAM-OT03-02380","","","","3","0","","","","","","0","0","0","0","0","0","","","","","","","0","0","0","","","","","0","","0","","0","","0","","","0","0","0","0","0","","","",""
"","","UGP2014NAM-OT03","","","","","","","","","UGP2014NAM-OT03-02381","","","","3","0","","","","","","0","0","0","0","0","0","","","","","","","0","0","0","","","","","0","","0","","0","","0","","","0","0","0","0","0","","","",""
"","","UGP2014NAM-OT03","","","","","","","","","UGP2014NAM-OT03-02382","","","","3","1","1","3","7","2","3","1","6","7","0.4","0.16","3.2","2","1","1","9","9","0","0.56","3.76","13","0.066666667","0.022857143","0.043076923","13","4.333333333","6","2","0.56","0.186666667","3.2","1.066666667","46.15384615","14.89361702","33.33333333","4.444444444","6.222222222","35.55555556","41.77777778","13.33333333","18.66666667","106.6666667","125.3333333"
"","","UGP2014NAM-OT03","","","","","","","","","UGP2014NAM-OT03-02383","","","","3","3","1","2","5","2","4","1","2","0","0.18","0","0.5","9","1","1","3","7","0.15","0.18","0.68","2","0.09","","0.09","2","0.666666667","2","0.666666667","0.18","0.06","0.5","0.166666667","100","26.47058824","33.33333333","2","2","5.555555556","7.555555556","6","6","16.66666667","22.66666667"
"","","UGP2014NAM-OT03","","","","","","","","","UGP2014NAM-OT03-02385","","","","3","2","1","2","9","1","2","2","0","4","0","0.1","8","9","1","1","9","9","0.02","0.1","8.1","4","","0.025","0.025","2","1.333333333","0","0","0.05","0.033333333","4","2.666666667","0","1.234567901","66.66666667","0","1.111111111","88.88888889","90","0","1.666666667","133.3333333","135"
"","","UGP2014NAM-OT03","","","","","","","","","UGP2014NAM-OT03-02386","","","","3","2","2","2","8","1","3","2","3","0","2.5","0","1","9","1","1","5","1","0","2.5","3.5","3","0.833333333","","0.833333333","1.5","1","1.5","1","1.25","0.833333333","0.5","0.333333333","100","71.42857143","66.66666667","27.77777778","27.77777778","11.11111111","38.88888889","41.66666667","41.66666667","16.66666667","58.33333333"
"","","UGP2014NAM-OT03","","","","","","","","","UGP2014NAM-OT03-02387","","","","3","2","2","3","6","1","3","2","0","2","0","0.04","6.2","6","1","1","5","7","7.76","0.04","6.24","2","","0.02","0.02","1","0.666666667","0","0","0.02","0.013333333","3.1","2.066666667","0","0.641025641","66.66666667","0","0.444444444","68.88888889","69.33333333","0","0.666666667","103.3333333","104"
"","","UGP2014NAM-OT03","","","","","","","","","UGP2014NAM-OT03-02388","","","","3","2","2","3","6","3","5","2","0","0","0","0","0.4","","","","","","","0","0.4","0","","","","0","0","0","0","0","0","0.2","0.133333333","","0","66.66666667","0","0","4.444444444","4.444444444","0","0","6.666666667","6.666666667"
"","","UGP2014NAM-OT03","","","","","","","","","UGP2014NAM-OT03-02389","","","","3","3","2","2","8","2","4","3","1","0","0.12","0","5","2","1","1","3","7","0.02","0.12","5.12","1","0.12","","0.12","0.333333333","0.333333333","0.333333333","0.333333333","0.04","0.04","1.666666667","1.666666667","100","2.34375","100","1.333333333","1.333333333","55.55555556","56.88888889","1.333333333","1.333333333","55.55555556","56.88888889"
"","","UGP2014NAM-OT03","","","","","","","","","UGP2014NAM-OT03-02390","","","","3","2","2","3","7","1","3","2","0","0","0","0","2.7","","","","","","","0","2.7","0","","","","0","0","0","0","0","0","1.35","0.9","","0","66.66666667","0","0","30","30","0","0","45","45"
"","","UGP2014NAM-OT03","","","","","","","","","UGP2014NAM-OT03-02391","","","","3","2","2","2","8","2","4","2","0","0","0","0","3","","","","","","","0","3","0","","","","0","0","0","0","0","0","1.5","1","","0","66.66666667","0","0","33.33333333","33.33333333","0","0","50","50"
"","","UGP2014NAM-OT03","","","","","","","","","UGP2014NAM-OT03-02392","","","","3","0","","","","","","0","0","0","0","0","0","","","","","","","0","0","0","","","","","0","","0","","0","","0","","","0","0","0","0","0","","","",""
"","","UGP2014NAM-OT03","","","","","","","","","UGP2014NAM-OT03-02393","","","","3","1","1","2","6","1","3","1","1","0","0.24","0","1.5","2","1","1","5","3","0","0.24","1.74","1","0.24","","0.24","1","0.333333333","1","0.333333333","0.24","0.08","1.5","0.5","100","13.79310345","33.33333333","2.666666667","2.666666667","16.66666667","19.33333333","8","8","50","58"
"","","UGP2014NAM-OT03","","","","","","","","","UGP2014NAM-OT03-02394","","","","3","3","1","4","8","1","3","3","4","4","0.38","0.06","6","9","1","1","3","5","0.02","0.44","6.44","8","0.095","0.015","0.055","2.666666667","2.666666667","1.333333333","1.333333333","0.146666667","0.146666667","2","2","50","6.832298137","100","4.222222222","4.888888889","66.66666667","71.55555556","4.222222222","4.888888889","66.66666667","71.55555556"
"","","UGP2014NAM-OT03","","","","","","","","","UGP2014NAM-OT03-02395","","","","3","1","1","2","6","4","6","1","0","0","0","0","3","","","","","","","0","3","0","","","","0","0","0","0","0","0","3","1","","0","33.33333333","0","0","33.33333333","33.33333333","0","0","100","100"
"","","UGP2014NAM-OT03","","","","","","","","","UGP2014NAM-OT03-02396","","","","3","0","","","","","","0","0","0","0","0","0","","","","","","","0","0","0","","","","","0","","0","","0","","0","","","0","0","0","0","0","","","",""
"","","UGP2014NAM-OT03","","","","","","","","","UGP2014NAM-OT03-02397","","","","3","1","3","3","6","2","4","1","4","0","0.48","0","1","8","1","1","5","5","0.15","0.48","1.48","4","0.12","","0.12","4","1.333333333","4","1.333333333","0.48","0.16","1","0.333333333","100","32.43243243","33.33333333","5.333333333","5.333333333","11.11111111","16.44444444","16","16","33.33333333","49.33333333"
"","","UGP2014NAM-OT03","","","","","","","","","UGP2014NAM-OT03-02398","","","","3","1","3","3","9","1","3","1","2","0","0.26","0","3.5","2","1","1","3","7","0.12","0.26","3.76","2","0.13","","0.13","2","0.666666667","2","0.666666667","0.26","0.086666667","3.5","1.166666667","100","6.914893617","33.33333333","2.888888889","2.888888889","38.88888889","41.77777778","8.666666667","8.666666667","116.6666667","125.3333333"
"","","UGP2014NAM-OT03","","","","","","","","","UGP2014NAM-OT03-02399","","","","3","1","1","2","5","1","3","1","0","0","0","0","0.5","","","","","","","0","0.5","0","","","","0","0","0","0","0","0","0.5","0.166666667","","0","33.33333333","0","0","5.555555556","5.555555556","0","0","16.66666667","16.66666667"
"","","UGP2014NAM-OT03","","","","","","","","","UGP2014NAM-OT03-02400","","","","3","0","","","","","","0","0","0","0","0","0","","","","","","","0","0","0","","","","","0","","0","","0","","0","","","0","0","0","0","0","","","",""
"","","UGP2014NAM-OT03","","","","","","","","","UGP2014NAM-OT03-02401","","","","3","0","","","","","","0","0","0","0","0","0","","","","","","","0","0","0","","","","","0","","0","","0","","0","","","0","0","0","0","0","","","",""
"","","UGP2014NAM-OT03","","","","","","","","","UGP2014NAM-OT03-02402","","","","3","2","1","3","9","1","3","2","15","10","0.88","0.12","2.3","2","1","1","3","5","0","1","3.3","25","0.058666667","0.012","0.04","12.5","8.333333333","7.5","5","0.5","0.333333333","1.15","0.766666667","60","30.3030303","66.66666667","9.777777778","11.11111111","25.55555556","36.66666667","14.66666667","16.66666667","38.33333333","55"
"","","UGP2014NAM-OT03","","","","","","","","","UGP2014NAM-OT03-02403","","","","3","3","1","2","8","1","2","3","1","0","0.36","0","1.7","8","2","1","6","3","0","0.36","2.06","1","0.36","","0.36","0.333333333","0.333333333","0.333333333","0.333333333","0.12","0.12","0.566666667","0.566666667","100","17.47572816","100","4","4","18.88888889","22.88888889","4","4","18.88888889","22.88888889"
"","","UGP2014NAM-OT03","","","","","","","","","UGP2014NAM-OT03-02404","","","","3","1","2","2","6","1","2","1","0","0","0","0","0.03","","","","","","","0","0.03","0","","","","0","0","0","0","0","0","0.03","0.01","","0","33.33333333","0","0","0.333333333","0.333333333","0","0","1","1"
"","","UGP2014NAM-OT03","","","","","","","","","UGP2014NAM-OT03-02405","","","","3","2","2","2","7","2","3","2","3","0","0.44","0","0.06","2","1","1","2","5","1.65","0.44","0.5","3","0.146666667","","0.146666667","1.5","1","1.5","1","0.22","0.146666667","0.03","0.02","100","88","66.66666667","4.888888889","4.888888889","0.666666667","5.555555556","7.333333333","7.333333333","1","8.333333333"
"","","UGP2014NAM-OT03","","","","","","","","","UGP2014NAM-OT03-02406","","","","3","3","1","2","6","1","2","1","2","1","0.1","0.03","0.3","8","1","1","3","7","0","0.13","0.43","3","0.05","0.03","0.043333333","3","1","2","0.666666667","0.13","0.043333333","0.3","0.1","66.66666667","30.23255814","33.33333333","1.111111111","1.444444444","3.333333333","4.777777778","3.333333333","4.333333333","10","14.33333333"
"","","UGP2014NAM-OT03","","","","","","","","","UGP2014NAM-OT03-02407","","","","3","1","3","6","7","1","2","1","3","0","0.16","0","0.32","8","1","1","2","9","0","0.16","0.48","3","0.053333333","","0.053333333","3","1","3","1","0.16","0.053333333","0.32","0.106666667","100","33.33333333","33.33333333","1.777777778","1.777777778","3.555555556","5.333333333","5.333333333","5.333333333","10.66666667","16"
"","","UGP2014NAM-OT03","","","","","","","","","UGP2014NAM-OT03-02408","","","","3","2","1","2","5","1","2","1","1","0","0.4","0","1.2","2","1","1","1","3","0.02","0.4","1.6","1","0.4","","0.4","1","0.333333333","1","0.333333333","0.4","0.133333333","1.2","0.4","100","25","33.33333333","4.444444444","4.444444444","13.33333333","17.77777778","13.33333333","13.33333333","40","53.33333333"
"","","UGP2014NAM-OT03","","","","","","","","","UGP2014NAM-OT03-02409","","","","3","2","2","2","6","1","2","1","0","2","0","0.05","3.5","9","1","1","2","7","1.5","0.05","3.55","2","","0.025","0.025","2","0.666666667","0","0","0.05","0.016666667","3.5","1.166666667","0","1.408450704","33.33333333","0","0.555555556","38.88888889","39.44444444","0","1.666666667","116.6666667","118.3333333"
"","","UGP2014NAM-OT03","","","","","","","","","UGP2014NAM-OT03-02410","","","","3","2","3","4","8","1","3","2","3","0","0.88","0","1","2","1","1","3","1","1.65","0.88","1.88","3","0.293333333","","0.293333333","1.5","1","1.5","1","0.44","0.293333333","0.5","0.333333333","100","46.80851064","66.66666667","9.777777778","9.777777778","11.11111111","20.88888889","14.66666667","14.66666667","16.66666667","31.33333333"
"","","UGP2014NAM-OT03","","","","","","","","","UGP2014NAM-OT03-02411","","","","3","2","1","3","7","1","2","2","0","0","0","0","1","","","","","","","0","1","0","","","","0","0","0","0","0","0","0.5","0.333333333","","0","66.66666667","0","0","11.11111111","11.11111111","0","0","16.66666667","16.66666667"
"","","UGP2014NAM-OT03","","","","","","","","","UGP2014NAM-OT03-02412","","","","3","0","","","","","","0","0","0","0","0","0","","","","","","","0","0","0","","","","","0","","0","","0","","0","","","0","0","0","0","0","","","",""
"","","UGP2014NAM-OT03","","","","","","","","","UGP2014NAM-OT03-02413","","","","3","0","","","","","","0","0","0","0","0","0","","","","","","","0","0","0","","","","","0","","0","","0","","0","","","0","0","0","0","0","","","",""
"","","UGP2014NAM-OT03","","","","","","","","","UGP2014NAM-OT03-02414","","","","3","2","1","2","7","1","2","2","5","0","0.84","0","2","9","1","1","5","3","4.61","0.84","2.84","5","0.168","","0.168","2.5","1.666666667","2.5","1.666666667","0.42","0.28","1","0.666666667","100","29.57746479","66.66666667","9.333333333","9.333333333","22.22222222","31.55555556","14","14","33.33333333","47.33333333"
"","","UGP2014NAM-OT03","","","","","","","","","UGP2014NAM-OT03-02415","","","","3","0","","","","","","0","0","0","0","0","0","","","","","","","0","0","0","","","","","0","","0","","0","","0","","","0","0","0","0","0","","","",""
"","","UGP2014NAM-OT03","","","","","","","","","UGP2014NAM-OT03-02416","","","","3","0","","","","","","0","0","0","0","0","0","","","","","","","0","0","0","","","","","0","","0","","0","","0","","","0","0","0","0","0","","","",""
"","","UGP2014NAM-OT03","","","","","","","","","UGP2014NAM-OT03-02417","","","","3","2","1","3","6","4","7","2","2","0","0.18","0","3.5","6","1","1","3","7","0","0.18","3.68","2","0.09","","0.09","1","0.666666667","1","0.666666667","0.09","0.06","1.75","1.166666667","100","4.891304348","66.66666667","2","2","38.88888889","40.88888889","3","3","58.33333333","61.33333333"
"","","UGP2014NAM-OT03","","","","","","","","","UGP2014NAM-OT03-02418","","","","3","1","1","4","5","2","3","1","0","0","0","0","2","","","","","","","0","2","0","","","","0","0","0","0","0","0","2","0.666666667","","0","33.33333333","0","0","22.22222222","22.22222222","0","0","66.66666667","66.66666667"
"","","UGP2014NAM-OT03","","","","","","","","","UGP2014NAM-OT03-02419","","","","3","1","1","3","7","1","2","1","1","0","0.2","0","1","8","1","1","4","5","0.02","0.2","1.2","1","0.2","","0.2","1","0.333333333","1","0.333333333","0.2","0.066666667","1","0.333333333","100","16.66666667","33.33333333","2.222222222","2.222222222","11.11111111","13.33333333","6.666666667","6.666666667","33.33333333","40"
"","","UGP2014NAM-OT03","","","","","","","","","UGP2014NAM-OT03-02420","","","","3","2","1","2","7","2","4","2","4","0","0.36","0","1.5","6","2","1","6","5","4.41","0.36","1.86","4","0.09","","0.09","2","1.333333333","2","1.333333333","0.18","0.12","0.75","0.5","100","19.35483871","66.66666667","4","4","16.66666667","20.66666667","6","6","25","31"
"","","UGP2014NAM-OT03","","","","","","","","","UGP2014NAM-OT03-02421","","","","3","1","1","2","7","1","2","1","2","1","0.28","0.04","2.2","2","2","2","4","5","1.65","0.32","2.52","3","0.14","0.04","0.106666667","3","1","2","0.666666667","0.32","0.106666667","2.2","0.733333333","66.66666667","12.6984127","33.33333333","3.111111111","3.555555556","24.44444444","28","9.333333333","10.66666667","73.33333333","84"
"","","UGP2014NAM-OT03","","","","","","","","","UGP2014NAM-OT03-02422","","","","3","2","3","6","7","3","5","2","10","7","0.98","0.12","2","9","1","1","3","5","0","1.1","3.1","17","0.098","0.017142857","0.064705882","8.5","5.666666667","5","3.333333333","0.55","0.366666667","1","0.666666667","58.82352941","35.48387097","66.66666667","10.88888889","12.22222222","22.22222222","34.44444444","16.33333333","18.33333333","33.33333333","51.66666667"
"","","UGP2014NAM-OT03","","","","","","","","","UGP2014NAM-OT03-02423","","","","3","1","1","2","5","2","4","1","0","0","0","0","0.2","","","","","","","0","0.2","0","","","","0","0","0","0","0","0","0.2","0.066666667","","0","33.33333333","0","0","2.222222222","2.222222222","0","0","6.666666667","6.666666667"
"","","UGP2014NAM-OT03","","","","","","","","","UGP2014NAM-OT03-02424","","","","3","2","1","3","7","1","3","2","2","2","0.4","0.03","1","9","3","1","2","3","1.5","0.43","1.43","4","0.2","0.015","0.1075","2","1.333333333","1","0.666666667","0.215","0.143333333","0.5","0.333333333","50","30.06993007","66.66666667","4.444444444","4.777777778","11.11111111","15.88888889","6.666666667","7.166666667","16.66666667","23.83333333"
"","","UGP2014NAM-OT03","","","","","","","","","UGP2014NAM-OT03-02425","","","","3","2","1","3","6","2","4","2","1","1","0.05","0.04","3","8","1","1","3","7","0.02","0.09","3.09","2","0.05","0.04","0.045","1","0.666666667","0.5","0.333333333","0.045","0.03","1.5","1","50","2.912621359","66.66666667","0.555555556","1","33.33333333","34.33333333","0.833333333","1.5","50","51.5"
"","","UGP2014NAM-OT03","","","","","","","","","UGP2014NAM-OT03-02426","","","","3","2","1","2","8","1","3","2","0","2","0","0.03","2.5","2","1","1","3","7","0","0.03","2.53","2","","0.015","0.015","1","0.666666667","0","0","0.015","0.01","1.25","0.833333333","0","1.185770751","66.66666667","0","0.333333333","27.77777778","28.11111111","0","0.5","41.66666667","42.16666667"
"","","UGP2014NAM-OT03","","","","","","","","","UGP2014NAM-OT03-02427","","","","3","2","4","6","5","1","2","1","0","0","0","0","1.5","","","","","","","0","1.5","0","","","","0","0","0","0","0","0","1.5","0.5","","0","33.33333333","0","0","16.66666667","16.66666667","0","0","50","50"
"","","UGP2014NAM-OT03","","","","","","","","","UGP2014NAM-OT03-02428","","","","3","1","1","2","6","1","2","1","2","0","0.26","0","4.5","9","1","1","8","7","0.12","0.26","4.76","2","0.13","","0.13","2","0.666666667","2","0.666666667","0.26","0.086666667","4.5","1.5","100","5.462184874","33.33333333","2.888888889","2.888888889","50","52.88888889","8.666666667","8.666666667","150","158.6666667"
"","","UGP2014NAM-OT03","","","","","","","","","UGP2014NAM-OT03-02429","","","","3","3","2","2","7","1","2","3","6","6","0.46","0.1","1.5","9","1","1","9","7","0","0.56","2.06","12","0.076666667","0.016666667","0.046666667","4","4","2","2","0.186666667","0.186666667","0.5","0.5","50","27.18446602","100","5.111111111","6.222222222","16.66666667","22.88888889","5.111111111","6.222222222","16.66666667","22.88888889"
"","","UGP2014NAM-OT03","","","","","","","","","UGP2014NAM-OT03-02430","","","","3","3","2","2","9","1","2","3","3","0","0.84","0","9.5","9","1","1","1","1","0","0.84","10.34","3","0.28","","0.28","1","1","1","1","0.28","0.28","3.166666667","3.166666667","100","8.123791103","100","9.333333333","9.333333333","105.5555556","114.8888889","9.333333333","9.333333333","105.5555556","114.8888889"
"","","UGP2014NAM-OT03","","","","","","","","","UGP2014NAM-OT03-02431","","","","3","3","1","2","5","3","5","3","0","0","0","0","15","","","","","","","0","15","0","","","","0","0","0","0","0","0","5","5","","0","100","0","0","166.6666667","166.6666667","0","0","166.6666667","166.6666667"
"","","UGP2014NAM-OT03","","","","","","","","","UGP2014NAM-OT03-02432","","","","3","3","2","2","7","4","5","3","8","3","0.78","0.06","3.5","9","2","1","2","3","","0.84","4.34","11","0.0975","0.02","0.076363636","3.666666667","3.666666667","2.666666667","2.666666667","0.28","0.28","1.166666667","1.166666667","72.72727273","19.35483871","100","8.666666667","9.333333333","38.88888889","48.22222222","8.666666667","9.333333333","38.88888889","48.22222222"
"","","UGP2014NAM-OT03","","","","","","","","","UGP2014NAM-OT03-02433","","","","3","2","3","4","8","1","3","2","7","2","0.08","0.04","3.7","2","1","1","2","5","0.12","0.12","3.82","9","0.011428571","0.02","0.013333333","4.5","3","3.5","2.333333333","0.06","0.04","1.85","1.233333333","77.77777778","3.141361257","66.66666667","0.888888889","1.333333333","41.11111111","42.44444444","1.333333333","2","61.66666667","63.66666667"
"","","UGP2014NAM-OT03","","","","","","","","","UGP2014NAM-OT03-02434","","","","3","2","3","7","7","1","2","2","0","1","0","0.04","1.5","9","1","1","9","1","4.41","0.04","1.54","1","","0.04","0.04","0.5","0.333333333","0","0","0.02","0.013333333","0.75","0.5","0","2.597402597","66.66666667","0","0.444444444","16.66666667","17.11111111","0","0.666666667","25","25.66666667"
"","","UGP2014NAM-OT03","","","","","","","","","UGP2014NAM-OT03-02435","","","","3","2","1","2","8","1","2","2","2","3","0.98","0.12","2.5","8","1","1","5","3","4.41","1.1","3.6","5","0.49","0.04","0.22","2.5","1.666666667","1","0.666666667","0.55","0.366666667","1.25","0.833333333","40","30.55555556","66.66666667","10.88888889","12.22222222","27.77777778","40","16.33333333","18.33333333","41.66666667","60"
"","","UGP2014NAM-OT03","","","","","","","","","UGP2014NAM-OT03-02436","","","","3","2","1","3","8","1","2","2","25","11","3","0.32","4.5","8","1","1","4","5","7.76","3.32","7.82","36","0.12","0.029090909","0.092222222","18","12","12.5","8.333333333","1.66","1.106666667","2.25","1.5","69.44444444","42.45524297","66.66666667","33.33333333","36.88888889","50","86.88888889","50","55.33333333","75","130.3333333"
"","","UGP2014NAM-OT03","","","","","","","","","UGP2014NAM-OT03-02437","","","","3","2","1","2","5","1","2","2","0","0","0","0","1.3","","","","","","","0","1.3","0","","","","0","0","0","0","0","0","0.65","0.433333333","","0","66.66666667","0","0","14.44444444","14.44444444","0","0","21.66666667","21.66666667"
"","","UGP2014NAM-OT03","","","","","","","","","UGP2014NAM-OT03-02438","","","","3","0","","","","","","0","0","0","0","0","0","","","","","","","0","0","0","","","","","0","","0","","0","","0","","","0","0","0","0","0","","","",""
"","","UGP2014NAM-OT03","","","","","","","","","UGP2014NAM-OT03-02439","","","","3","3","1","6","8","1","3","3","15","4","1.7","0.08","3.5","8","1","1","9","3","1.38","1.78","5.28","19","0.113333333","0.02","0.093684211","6.333333333","6.333333333","5","5","0.593333333","0.593333333","1.166666667","1.166666667","78.94736842","33.71212121","100","18.88888889","19.77777778","38.88888889","58.66666667","18.88888889","19.77777778","38.88888889","58.66666667"
"","","UGP2014NAM-OT03","","","","","","","","","UGP2014NAM-OT03-02440","","","","3","3","1","2","6","1","3","3","3","1","0.3","0.01","3","9","1","1","3","3","5.46","0.31","3.31","4","0.1","0.01","0.0775","1.333333333","1.333333333","1","1","0.103333333","0.103333333","1","1","75","9.365558912","100","3.333333333","3.444444444","33.33333333","36.77777778","3.333333333","3.444444444","33.33333333","36.77777778"
"","","UGP2014NAM-OT03","","","","","","","","","UGP2014NAM-OT03-02441","","","","3","1","1","4","8","1","3","1","8","3","0.6","0.06","8","2","2","1","5","5","0","0.66","8.66","11","0.075","0.02","0.06","11","3.666666667","8","2.666666667","0.66","0.22","8","2.666666667","72.72727273","7.621247113","33.33333333","6.666666667","7.333333333","88.88888889","96.22222222","20","22","266.6666667","288.6666667"
"","","UGP2014NAM-OT03","","","","","","","","","UGP2014NAM-OT03-02442","","","","3","2","1","7","7","1","2","2","0","0","0","0","3","","","","","","","0","3","0","","","","0","0","0","0","0","0","1.5","1","","0","66.66666667","0","0","33.33333333","33.33333333","0","0","50","50"
"","","UGP2014NAM-OT03","","","","","","","","","UGP2014NAM-OT03-02443","","","","3","1","1","2","8","2","3","1","2","4","0.12","0.08","1","8","1","1","7","9","0","0.2","1.2","6","0.06","0.02","0.033333333","6","2","2","0.666666667","0.2","0.066666667","1","0.333333333","33.33333333","16.66666667","33.33333333","1.333333333","2.222222222","11.11111111","13.33333333","4","6.666666667","33.33333333","40"
"","","UGP2014NAM-OT03","","","","","","","","","UGP2014NAM-OT03-02444","","","","3","3","1","2","6","1","2","3","0","0","0","0","0.9","","","","","","","0","0.9","0","","","","0","0","0","0","0","0","0.3","0.3","","0","100","0","0","10","10","0","0","10","10"
"","","UGP2014NAM-OT03","","","","","","","","","UGP2014NAM-OT03-02445","","","","3","1","1","3","6","1","2","1","0","5","0","0.1","1","9","1","1","2","9","0.02","0.1","1.1","5","","0.02","0.02","5","1.666666667","0","0","0.1","0.033333333","1","0.333333333","0","9.090909091","33.33333333","0","1.111111111","11.11111111","12.22222222","0","3.333333333","33.33333333","36.66666667"
"","","UGP2014NAM-OT03","","","","","","","","","UGP2014NAM-OT03-02446","","","","3","1","1","6","8","1","2","1","4","11","0.12","0.12","1.4","2","1","1","9","9","0","0.24","1.64","15","0.03","0.010909091","0.016","15","5","4","1.333333333","0.24","0.08","1.4","0.466666667","26.66666667","14.63414634","33.33333333","1.333333333","2.666666667","15.55555556","18.22222222","4","8","46.66666667","54.66666667"
"","","UGP2014NAM-OT03","","","","","","","","","UGP2014NAM-OT03-02447","","","","3","0","","","","","","0","0","0","0","0","0","","","","","","","0","0","0","","","","","0","","0","","0","","0","","","0","0","0","0","0","","","",""
"","","UGP2014NAM-OT03","","","","","","","","","UGP2014NAM-OT03-02448","","","","3","0","","","","","","0","0","0","0","0","0","","","","","","","0","0","0","","","","","0","","0","","0","","0","","","0","0","0","0","0","","","",""
"","","UGP2014NAM-OT03","","","","","","","","","UGP2014NAM-OT03-02449","","","","3","1","2","2","6","1","3","1","3","0","0.4","0","2","6","1","1","2","3","0.15","0.4","2.4","3","0.133333333","","0.133333333","3","1","3","1","0.4","0.133333333","2","0.666666667","100","16.66666667","33.33333333","4.444444444","4.444444444","22.22222222","26.66666667","13.33333333","13.33333333","66.66666667","80"
"","","UGP2014NAM-OT03","","","","","","","","","UGP2014NAM-OT03-02450","","","","3","0","","","","","","0","0","0","0","0","0","","","","","","","0","0","0","","","","","0","","0","","0","","0","","","0","0","0","0","0","","","",""
"","","UGP2014NAM-OT03","","","","","","","","","UGP2014NAM-OT03-02451","","","","3","0","","","","","","0","0","0","0","0","0","","","","","","","0","0","0","","","","","0","","0","","0","","0","","","0","0","0","0","0","","","",""
"","","UGP2014NAM-OT03","","","","","","","","","UGP2014NAM-OT03-02452","","","","3","0","","","","","","0","0","0","0","0","0","","","","","","","0","0","0","","","","","0","","0","","0","","0","","","0","0","0","0","0","","","",""
"","","UGP2014NAM-OT03","","","","","","","","","UGP2014NAM-OT03-02453","","","","3","","2","6","6","1","2","0","0","0","0","0","0","","","","","","","0","0","0","","","","","0","","0","","0","","0","","","0","0","0","0","0","","","",""
"","","UGP2014NAM-OT03","","","","","","","","","UGP2014NAM-OT03-02454","","","","3","1","2","3","8","1","2","1","1","0","0.9","0","2","2","3","2","7","1","0","0.9","2.9","1","0.9","","0.9","1","0.333333333","1","0.333333333","0.9","0.3","2","0.666666667","100","31.03448276","33.33333333","10","10","22.22222222","32.22222222","30","30","66.66666667","96.66666667"
"","","UGP2014NAM-OT03","","","","","","","","","UGP2014NAM-OT03-02455","","","","3","3","2","2","7","2","4","3","9","4","0.44","","5","2","1","1","7","2","0.02","","","13","0.048888889","","","4.333333333","4.333333333","3","3","","","1.666666667","1.666666667","69.23076923","","100","4.888888889","","55.55555556","","4.888888889","","55.55555556",""
"","","UGP2014NAM-OT03","","","","","","","","","UGP2014NAM-OT03-02456","","","","3","2","1","2","5","5","8","2","3","1","0.5","0.03","1.5","2","3","1","2","5","0","0.53","2.03","4","0.166666667","0.03","0.1325","2","1.333333333","1.5","1","0.265","0.176666667","0.75","0.5","75","26.10837438","66.66666667","5.555555556","5.888888889","16.66666667","22.55555556","8.333333333","8.833333333","25","33.83333333"
"","","UGP2014NAM-OT03","","","","","","","","","UGP2014NAM-OT03-02457","","","","3","1","2","2","5","3","5","1","1","0","0.16","0","1.6","8","1","1","3","5","0","0.16","1.76","1","0.16","","0.16","1","0.333333333","1","0.333333333","0.16","0.053333333","1.6","0.533333333","100","9.090909091","33.33333333","1.777777778","1.777777778","17.77777778","19.55555556","5.333333333","5.333333333","53.33333333","58.66666667"
"","","UGP2014NAM-OT03","","","","","","","","","UGP2014NAM-OT03-02458","","","","3","3","2","2","5","2","4","3","0","0","0","0","1.3","","","","","","","0","1.3","0","","","","0","0","0","0","0","0","0.433333333","0.433333333","","0","100","0","0","14.44444444","14.44444444","0","0","14.44444444","14.44444444"
"","","UGP2014NAM-OT03","","","","","","","","","UGP2014NAM-OT03-02459","","","","3","0","","","","","","0","0","0","0","0","0","","","","","","","0","0","0","","","","","0","","0","","0","","0","","","0","0","0","0","0","","","",""
"","","UGP2014NAM-OT03","","","","","","","","","UGP2014NAM-OT03-02460","","","","3","2","1","2","8","1","2","2","2","2","0.1","0.04","1.5","2","1","1","3","7","0","0.14","1.64","4","0.05","0.02","0.035","2","1.333333333","1","0.666666667","0.07","0.046666667","0.75","0.5","50","8.536585366","66.66666667","1.111111111","1.555555556","16.66666667","18.22222222","1.666666667","2.333333333","25","27.33333333"
"","","UGP2014NAM-OT03","","","","","","","","","UGP2014NAM-OT03-02461","","","","3","3","1","2","6","1","2","1","0","0","0","0","2.5","","","","","","","0","2.5","0","","","","0","0","0","0","0","0","2.5","0.833333333","","0","33.33333333","0","0","27.77777778","27.77777778","0","0","83.33333333","83.33333333"
"","","UGP2014NAM-OT03","","","","","","","","","UGP2014NAM-OT03-02462","","","","3","2","1","2","5","1","2","2","0","0","0","0","5.5","","","","","","","0","5.5","0","","","","0","0","0","0","0","0","2.75","1.833333333","","0","66.66666667","0","0","61.11111111","61.11111111","0","0","91.66666667","91.66666667"
"","","UGP2014NAM-OT03","","","","","","","","","UGP2014NAM-OT03-02463","","","","3","2","3","4","7","3","5","2","1","0","0.1","0","3","9","1","1","3","7","0","0.1","3.1","1","0.1","","0.1","0.5","0.333333333","0.5","0.333333333","0.05","0.033333333","1.5","1","100","3.225806452","66.66666667","1.111111111","1.111111111","33.33333333","34.44444444","1.666666667","1.666666667","50","51.66666667"
"","","UGP2014NAM-OT03","","","","","","","","","UGP2014NAM-OT03-02464","","","","3","1","3","6","6","1","3","1","0","0","0","0","1","","","","","","","0","1","0","","","","0","0","0","0","0","0","1","0.333333333","","0","33.33333333","0","0","11.11111111","11.11111111","0","0","33.33333333","33.33333333"
"","","UGP2014NAM-OT03","","","","","","","","","UGP2014NAM-OT03-02465","","","","3","2","1","2","7","2","4","2","6","3","0.88","0.1","5.5","8","1","1","5","3","0","0.98","6.48","9","0.146666667","0.033333333","0.108888889","4.5","3","3","2","0.49","0.326666667","2.75","1.833333333","66.66666667","15.12345679","66.66666667","9.777777778","10.88888889","61.11111111","72","14.66666667","16.33333333","91.66666667","108"
"","","UGP2014NAM-OT03","","","","","","","","","UGP2014NAM-OT03-02466","","","","3","1","1","2","6","1","3","1","0","0","0","0","1.5","","","","","","","0","1.5","0","","","","0","0","0","0","0","0","1.5","0.5","","0","33.33333333","0","0","16.66666667","16.66666667","0","0","50","50"
"","","UGP2014NAM-OT03","","","","","","","","","UGP2014NAM-OT03-02467","","","","3","1","1","2","6","1","2","1","0","0","0","0","2.5","","","","","","","0","2.5","0","","","","0","0","0","0","0","0","2.5","0.833333333","","0","33.33333333","0","0","27.77777778","27.77777778","0","0","83.33333333","83.33333333"
"","","UGP2014NAM-OT03","","","","","","","","","UGP2014NAM-OT03-02468","","","","3","2","1","3","8","1","3","2","4","4","0.28","0.12","2.6","2","1","1","3","7","0","0.4","3","8","0.07","0.03","0.05","4","2.666666667","2","1.333333333","0.2","0.133333333","1.3","0.866666667","50","13.33333333","66.66666667","3.111111111","4.444444444","28.88888889","33.33333333","4.666666667","6.666666667","43.33333333","50"
"","","UGP2014NAM-OT03","","","","","","","","","UGP2014NAM-OT03-02469","","","","3","1","1","2","6","2","3","1","3","3","0.2","0.05","5.8","8","1","1","3","7","0.02","0.25","6.05","6","0.066666667","0.016666667","0.041666667","6","2","3","1","0.25","0.083333333","5.8","1.933333333","50","4.132231405","33.33333333","2.222222222","2.777777778","64.44444444","67.22222222","6.666666667","8.333333333","193.3333333","201.6666667"
"","","UGP2014NAM-OT03","","","","","","","","","UGP2014NAM-OT03-02470","","","","3","0","","","","","","0","0","0","0","0","0","","","","","","","0","0","0","","","","","0","","0","","0","","0","","","0","0","0","0","0","","","",""
"","","UGP2014NAM-OT03","","","","","","","","","UGP2014NAM-OT03-02471","","","","3","2","2","3","9","1","3","2","4","12","0.3","0.2","3","9","1","1","3","5","0","0.5","3.5","16","0.075","0.016666667","0.03125","8","5.333333333","2","1.333333333","0.25","0.166666667","1.5","1","25","14.28571429","66.66666667","3.333333333","5.555555556","33.33333333","38.88888889","5","8.333333333","50","58.33333333"
"","","UGP2014NAM-OT03","","","","","","","","","UGP2014NAM-OT03-02472","","","","3","2","2","6","6","1","2","2","3","0","0.24","0","2","8","1","1","3","5","0.15","0.24","2.24","3","0.08","","0.08","1.5","1","1.5","1","0.12","0.08","1","0.666666667","100","10.71428571","66.66666667","2.666666667","2.666666667","22.22222222","24.88888889","4","4","33.33333333","37.33333333"
"","","UGP2014NAM-OT03","","","","","","","","","UGP2014NAM-OT03-02473","","","","3","0","","","","","","0","0","0","0","0","0","","","","","","","0","0","0","","","","","0","","0","","0","","0","","","0","0","0","0","0","","","",""
"","","UGP2014NAM-OT03","","","","","","","","","UGP2014NAM-OT03-02474","","","","3","2","1","2","8","1","5","2","0","0","0","0","3.5","","","","","","","0","3.5","0","","","","0","0","0","0","0","0","1.75","1.166666667","","0","66.66666667","0","0","38.88888889","38.88888889","0","0","58.33333333","58.33333333"
"","","UGP2014NAM-OT03","","","","","","","","","UGP2014NAM-OT03-02475","","","","3","2","3","6","7","2","3","2","1","1","0.1","0.04","1.1","8","1","1","3","7","0","0.14","1.24","2","0.1","0.04","0.07","1","0.666666667","0.5","0.333333333","0.07","0.046666667","0.55","0.366666667","50","11.29032258","66.66666667","1.111111111","1.555555556","12.22222222","13.77777778","1.666666667","2.333333333","18.33333333","20.66666667"
"","","UGP2014NAM-OT03","","","","","","","","","UGP2014NAM-OT03-02476","","","","3","2","2","4","5","3","6","2","3","","0.6","6","0.6","8","1","1","1","3","0","6.6","7.2","","0.2","","","","","1.5","1","3.3","2.2","0.3","0.2","","91.66666667","66.66666667","6.666666667","73.33333333","6.666666667","80","10","110","10","120"
"","","UGP2014NAM-OT03","","","","","","","","","UGP2014NAM-OT03-02477","","","","3","0","","","","","","0","0","0","0","0","0","","","","","","","0","0","0","","","","","0","","0","","0","","0","","","0","0","0","0","0","","","",""
"","","UGP2014NAM-OT03","","","","","","","","","UGP2014NAM-OT03-02478","","","","3","2","1","2","7","4","6","2","1","0","0.08","0","3","2","1","1","2","7","0.02","0.08","3.08","1","0.08","","0.08","0.5","0.333333333","0.5","0.333333333","0.04","0.026666667","1.5","1","100","2.597402597","66.66666667","0.888888889","0.888888889","33.33333333","34.22222222","1.333333333","1.333333333","50","51.33333333"
"","","UGP2014NAM-OT03","","","","","","","","","UGP2014NAM-OT03-02479","","","","3","1","1","2","5","2","4","1","0","0","0","0","0.1","","","","","","","0","0.1","0","","","","0","0","0","0","0","0","0.1","0.033333333","","0","33.33333333","0","0","1.111111111","1.111111111","0","0","3.333333333","3.333333333"
"","","UGP2014NAM-OT03","","","","","","","","","UGP2014NAM-OT03-02480","","","","3","1","1","2","6","1","2","1","2","0","0.1","0","1","6","1","1","2","5","0.02","0.1","1.1","2","0.05","","0.05","2","0.666666667","2","0.666666667","0.1","0.033333333","1","0.333333333","100","9.090909091","33.33333333","1.111111111","1.111111111","11.11111111","12.22222222","3.333333333","3.333333333","33.33333333","36.66666667"
"","","UGP2014NAM-OT03","","","","","","","","","UGP2014NAM-OT03-02481","","","","3","3","3","6","7","1","3","3","2","0","0.12","0","3","6","1","1","2","7","0.15","0.12","3.12","2","0.06","","0.06","0.666666667","0.666666667","0.666666667","0.666666667","0.04","0.04","1","1","100","3.846153846","100","1.333333333","1.333333333","33.33333333","34.66666667","1.333333333","1.333333333","33.33333333","34.66666667"
"","","UGP2014NAM-OT03","","","","","","","","","UGP2014NAM-OT03-02482","","","","3","2","1","2","8","2","4","2","2","9","0.13","0.14","3","6","1","1","3","7","0","0.27","3.27","11","0.065","0.015555556","0.024545455","5.5","3.666666667","1","0.666666667","0.135","0.09","1.5","1","18.18181818","8.256880734","66.66666667","1.444444444","3","33.33333333","36.33333333","2.166666667","4.5","50","54.5"
"","","UGP2014NAM-OT03","","","","","","","","","UGP2014NAM-OT03-02483","","","","3","2","1","2","5","3","5","2","3","0","0.2","0","0.12","8","1","1","2","7","11.03","0.2","0.32","3","0.066666667","","0.066666667","1.5","1","1.5","1","0.1","0.066666667","0.06","0.04","100","62.5","66.66666667","2.222222222","2.222222222","1.333333333","3.555555556","3.333333333","3.333333333","2","5.333333333"
"","","UGP2014NAM-OT03","","","","","","","","","UGP2014NAM-OT03-02484","","","","3","3","1","2","8","1","3","3","2","4","0.24","0.03","2.4","9","1","1","7","5","0","0.27","2.67","6","0.12","0.0075","0.045","2","2","0.666666667","0.666666667","0.09","0.09","0.8","0.8","33.33333333","10.11235955","100","2.666666667","3","26.66666667","29.66666667","2.666666667","3","26.66666667","29.66666667"
"","","UGP2014NAM-OT03","","","","","","","","","UGP2014NAM-OT03-02485","","","","3","3","2","4","4","1","2","1","2","3","0.3","0.1","1","","1","1","5","3","0","0.4","1.4","5","0.15","0.033333333","0.08","5","1.666666667","2","0.666666667","0.4","0.133333333","1","0.333333333","40","28.57142857","33.33333333","3.333333333","4.444444444","11.11111111","15.55555556","10","13.33333333","33.33333333","46.66666667"
"","","UGP2014NAM-OT03","","","","","","","","","UGP2014NAM-OT03-02486","","","","3","3","1","3","9","1","2","3","15","5","2","0.16","3","9","1","1","8","1","0","2.16","5.16","20","0.133333333","0.032","0.108","6.666666667","6.666666667","5","5","0.72","0.72","1","1","75","41.86046512","100","22.22222222","24","33.33333333","57.33333333","22.22222222","24","33.33333333","57.33333333"
"","","UGP2014NAM-OT03","","","","","","","","","UGP2014NAM-OT03-02487","","","","3","1","1","2","5","1","2","1","0","0","0","0","0.2","","","","","","","0","0.2","0","","","","0","0","0","0","0","0","0.2","0.066666667","","0","33.33333333","0","0","2.222222222","2.222222222","0","0","6.666666667","6.666666667"
"","","UGP2014NAM-OT03","","","","","","","","","UGP2014NAM-OT03-02488","","","","3","1","1","2","9","1","2","1","9","5","0.7","0.1","4","9","1","1","9","5","0","0.8","4.8","14","0.077777778","0.02","0.057142857","14","4.666666667","9","3","0.8","0.266666667","4","1.333333333","64.28571429","16.66666667","33.33333333","7.777777778","8.888888889","44.44444444","53.33333333","23.33333333","26.66666667","133.3333333","160"
"","","UGP2014NAM-OT03","","","","","","","","","UGP2014NAM-OT03-02489","","","","3","3","1","3","8","1","2","1","0","0","0","0","3","","","","","","","0","3","0","","","","0","0","0","0","0","0","3","1","","0","33.33333333","0","0","33.33333333","33.33333333","0","0","100","100"
"","","UGP2014NAM-OT03","","","","","","","","","UGP2014NAM-OT03-02490","","","","3","2","3","6","9","1","3","2","4","3","1.8","0.12","2","9","1","1","5","1","0.15","1.92","3.92","7","0.45","0.04","0.274285714","3.5","2.333333333","2","1.333333333","0.96","0.64","1","0.666666667","57.14285714","48.97959184","66.66666667","20","21.33333333","22.22222222","43.55555556","30","32","33.33333333","65.33333333"
"","","UGP2014NAM-OT03","","","","","","","","","UGP2014NAM-OT03-02491","","","","3","2","1","2","5","1","5","2","1","0","0.5","0","1.5","2","2","1","1","1","0","0.5","2","1","0.5","","0.5","0.5","0.333333333","0.5","0.333333333","0.25","0.166666667","0.75","0.5","100","25","66.66666667","5.555555556","5.555555556","16.66666667","22.22222222","8.333333333","8.333333333","25","33.33333333"
"","","UGP2014NAM-OT03","","","","","","","","","UGP2014NAM-OT03-02492","","","","3","2","1","3","8","1","2","2","0","0","0","0","1","","","","","","","0","1","0","","","","0","0","0","0","0","0","0.5","0.333333333","","0","66.66666667","0","0","11.11111111","11.11111111","0","0","16.66666667","16.66666667"
"","","UGP2014NAM-OT03","","","","","","","","","UGP2014NAM-OT03-02493","","","","3","2","1","3","6","1","3","1","0","0","0","0","0.2","","","","","","","0","0.2","0","","","","0","0","0","0","0","0","0.2","0.066666667","","0","33.33333333","0","0","2.222222222","2.222222222","0","0","6.666666667","6.666666667"
"","","UGP2014NAM-OT03","","","","","","","","","UGP2014NAM-OT03-02494","","","","3","2","3","4","5","1","3","2","1","2","0.1","0.03","1.2","2","1","1","3","3","0.12","0.13","1.33","3","0.1","0.015","0.043333333","1.5","1","0.5","0.333333333","0.065","0.043333333","0.6","0.4","33.33333333","9.77443609","66.66666667","1.111111111","1.444444444","13.33333333","14.77777778","1.666666667","2.166666667","20","22.16666667"
"","","UGP2014NAM-OT03","","","","","","","","","UGP2014NAM-OT03-02495","","","","3","2","1","2","8","","2","2","0","0","0","0","2.8","","","","","","","0","2.8","0","","","","0","0","0","0","0","0","1.4","0.933333333","","0","66.66666667","0","0","31.11111111","31.11111111","0","0","46.66666667","46.66666667"
"","","UGP2014NAM-OT03","","","","","","","","","UGP2014NAM-OT03-02496","","","","3","1","1","2","4","","","1","0","0","0","0","1.3","","","","","","","0","1.3","0","","","","0","0","0","0","0","0","1.3","0.433333333","","0","33.33333333","0","0","14.44444444","14.44444444","0","0","43.33333333","43.33333333"
"","","UGP2014NAM-OT03","","","","","","","","","UGP2014NAM-OT03-02497","","","","3","0","","","","","","0","0","0","0","0","0","","","","","","","0","0","0","","","","","0","","0","","0","","0","","","0","0","0","0","0","","","",""
"","","UGP2014NAM-OT03","","","","","","","","","UGP2014NAM-OT03-02498","","","","3","1","3","6","8","2","4","1","0","0","0","0","3.7","","","","","","","0","3.7","0","","","","0","0","0","0","0","0","3.7","1.233333333","","0","33.33333333","0","0","41.11111111","41.11111111","0","0","123.3333333","123.3333333"
"","","UGP2014NAM-OT03","","","","","","","","","UGP2014NAM-OT03-02499","","","","3","2","1","2","8","3","6","2","2","0","0.5","0","4","8","1","1","3","3","0.02","0.5","4.5","2","0.25","","0.25","1","0.666666667","1","0.666666667","0.25","0.166666667","2","1.333333333","100","11.11111111","66.66666667","5.555555556","5.555555556","44.44444444","50","8.333333333","8.333333333","66.66666667","75"
"","","UGP2014NAM-OT03","","","","","","","","","UGP2014NAM-OT03-02500","","","","3","2","1","3","6","3","5","2","3","0","0.88","0","1.7","2","1","1","2","1","0.12","0.88","2.58","3","0.293333333","","0.293333333","1.5","1","1.5","1","0.44","0.293333333","0.85","0.566666667","100","34.10852713","66.66666667","9.777777778","9.777777778","18.88888889","28.66666667","14.66666667","14.66666667","28.33333333","43"
"","","UGP2014NAM-OT03","","","","","","","","","UGP2014NAM-OT03-02501","","","","3","2","3","6","8","1","3","2","1","1","0.1","0.04","4","9","1","1","2","5","0.02","0.14","4.14","2","0.1","0.04","0.07","1","0.666666667","0.5","0.333333333","0.07","0.046666667","2","1.333333333","50","3.381642512","66.66666667","1.111111111","1.555555556","44.44444444","46","1.666666667","2.333333333","66.66666667","69"
"","","UGP2014NAM-OT03","","","","","","","","","UGP2014NAM-OT03-02502","","","","3","1","","","","","","1","0","0","0","0","0.5","","","","","","","0","0.5","0","","","","0","0","0","0","0","0","0.5","0.166666667","","0","33.33333333","0","0","5.555555556","5.555555556","0","0","16.66666667","16.66666667"
"","","UGP2014NAM-OT03","","","","","","","","","UGP2014NAM-OT03-02503","","","","3","3","2","2","6","2","4","3","0","0","0","0","2.7","","","","","","","0","2.7","0","","","","0","0","0","0","0","0","0.9","0.9","","0","100","0","0","30","30","0","0","30","30"
"","","UGP2014NAM-OT03","","","","","","","","","UGP2014NAM-OT03-02504","","","","3","2","3","6","8","1","3","2","0","0","0","0","1","","","","","","","0","1","0","","","","0","0","0","0","0","0","0.5","0.333333333","","0","66.66666667","0","0","11.11111111","11.11111111","0","0","16.66666667","16.66666667"
"","","UGP2014NAM-OT03","","","","","","","","","UGP2014NAM-OT03-02505","","","","3","2","1","3","6","2","4","2","0","0","0","0","1.5","","","","","","","0","1.5","0","","","","0","0","0","0","0","0","0.75","0.5","","0","66.66666667","0","0","16.66666667","16.66666667","0","0","25","25"
"","","UGP2014NAM-OT03","","","","","","","","","UGP2014NAM-OT03-02506","","","","3","1","1","2","6","1","3","1","0","0","0","0","1.5","","","","","","","0","1.5","0","","","","0","0","0","0","0","0","1.5","0.5","","0","33.33333333","0","0","16.66666667","16.66666667","0","0","50","50"
"","","UGP2014NAM-OT03","","","","","","","","","UGP2014NAM-OT03-02507","","","","3","2","1","2","9","1","2","2","0","0","0","0","3","","","","","","","0","3","0","","","","0","0","0","0","0","0","1.5","1","","0","66.66666667","0","0","33.33333333","33.33333333","0","0","50","50"
"","","UGP2014NAM-OT03","","","","","","","","","UGP2014NAM-OT03-02508","","","","3","0","","","","","","0","0","0","0","0","0","","","","","","","0","0","0","","","","","0","","0","","0","","0","","","0","0","0","0","0","","","",""
"","","UGP2014NAM-OT03","","","","","","","","","UGP2014NAM-OT03-02509","","","","3","1","1","2","6","1","2","1","0","0","0","0","2","","","","","","","0","2","0","","","","0","0","0","0","0","0","2","0.666666667","","0","33.33333333","0","0","22.22222222","22.22222222","0","0","66.66666667","66.66666667"
"","","UGP2014NAM-OT03","","","","","","","","","UGP2014NAM-OT03-02510","","","","3","1","1","6","8","1","3","1","1","2","0.12","0.04","1.2","9","1","1","2","7","0.02","0.16","1.36","3","0.12","0.02","0.053333333","3","1","1","0.333333333","0.16","0.053333333","1.2","0.4","33.33333333","11.76470588","33.33333333","1.333333333","1.777777778","13.33333333","15.11111111","4","5.333333333","40","45.33333333"
"","","UGP2014NAM-OT03","","","","","","","","","UGP2014NAM-OT03-02511","","","","3","2","1","3","7","1","2","2","6","8","0.4","0.14","0.7","9","1","1","4","5","1.65","0.54","1.24","14","0.066666667","0.0175","0.038571429","7","4.666666667","3","2","0.27","0.18","0.35","0.233333333","42.85714286","43.5483871","66.66666667","4.444444444","6","7.777777778","13.77777778","6.666666667","9","11.66666667","20.66666667"
"","","UGP2014NAM-OT03","","","","","","","","","UGP2014NAM-OT03-02512","","","","3","2","1","2","7","1","2","2","8","16","0.56","0.2","2.5","2","1","1","3","5","0","0.76","3.26","24","0.07","0.0125","0.031666667","12","8","4","2.666666667","0.38","0.253333333","1.25","0.833333333","33.33333333","23.31288344","66.66666667","6.222222222","8.444444444","27.77777778","36.22222222","9.333333333","12.66666667","41.66666667","54.33333333"
"","","UGP2014NAM-OT03","","","","","","","","","UGP2014NAM-OT03-02513","","","","3","3","1","2","7","1","3","3","1","3","0.4","0.05","3.5","9","1","1","1","3","0","0.45","3.95","4","0.4","0.016666667","0.1125","1.333333333","1.333333333","0.333333333","0.333333333","0.15","0.15","1.166666667","1.166666667","25","11.39240506","100","4.444444444","5","38.88888889","43.88888889","4.444444444","5","38.88888889","43.88888889"
"","","UGP2014NAM-OT03","","","","","","","","","UGP2014NAM-OT03-02514","","","","3","2","1","2","6","1","2","2","3","1","0.6","0.04","1.1","8","1","1","3","5","3.03","0.64","1.74","4","0.2","0.04","0.16","2","1.333333333","1.5","1","0.32","0.213333333","0.55","0.366666667","75","36.7816092","66.66666667","6.666666667","7.111111111","12.22222222","19.33333333","10","10.66666667","18.33333333","29"
"","","UGP2014NAM-OT03","","","","","","","","","UGP2014NAM-OT03-02515","","","","3","2","2","6","7","1","2","2","3","2","1.5","0.05","2.2","9","2","1","2","3","0","1.55","3.75","5","0.5","0.025","0.31","2.5","1.666666667","1.5","1","0.775","0.516666667","1.1","0.733333333","60","41.33333333","66.66666667","16.66666667","17.22222222","24.44444444","41.66666667","25","25.83333333","36.66666667","62.5"
"","","UGP2014NAM-OT03","","","","","","","","","UGP2014NAM-OT03-02516","","","","3","2","2","3","8","1","2","2","11","6","1.4","0.16","2.2","8","","1","2","5","1.38","1.56","3.76","17","0.127272727","0.026666667","0.091764706","8.5","5.666666667","5.5","3.666666667","0.78","0.52","1.1","0.733333333","64.70588235","41.4893617","66.66666667","15.55555556","17.33333333","24.44444444","41.77777778","23.33333333","26","36.66666667","62.66666667"
"","","UGP2014NAM-OT03","","","","","","","","","UGP2014NAM-OT03-02517","","","","3","0","","","","","","0","0","0","0","0","0","","","","","","","0","0","0","","","","","0","","0","","0","","0","","","0","0","0","0","0","","","",""
"","","UGP2014NAM-OT03","","","","","","","","","UGP2014NAM-OT03-02518","","","","3","2","1","3","7","1","2","2","0","0","0","0","3.7","","","","","","","0","3.7","0","","","","0","0","0","0","0","0","1.85","1.233333333","","0","66.66666667","0","0","41.11111111","41.11111111","0","0","61.66666667","61.66666667"
"","","UGP2014NAM-OT03","","","","","","","","","UGP2014NAM-OT03-02519","","","","3","3","1","2","5","1","2","1","0","0","0","0","3.5","","","","","","","0","3.5","0","","","","0","0","0","0","0","0","3.5","1.166666667","","0","33.33333333","0","0","38.88888889","38.88888889","0","0","116.6666667","116.6666667"
"","","UGP2014NAM-OT03","","","","","","","","","UGP2014NAM-OT03-02520","","","","3","1","1","2","5","1","3","1","0","0","0","0","0.7","","","","","","","0","0.7","0","","","","0","0","0","0","0","0","0.7","0.233333333","","0","33.33333333","0","0","7.777777778","7.777777778","0","0","23.33333333","23.33333333"
"","","UGP2014NAM-OT03","","","","","","","","","UGP2014NAM-OT03-02521","","","","3","1","1","6","8","3","6","1","0","0","0","0","3.6","","","","","","","0","3.6","0","","","","0","0","0","0","0","0","3.6","1.2","","0","33.33333333","0","0","40","40","0","0","120","120"
"","","UGP2014NAM-OT03","","","","","","","","","UGP2014NAM-OT03-02522","","","","3","3","2","2","8","1","2","3","3","0","0.58","0","3.8","8","1","1","1","5","0","0.58","4.38","3","0.193333333","","0.193333333","1","1","1","1","0.193333333","0.193333333","1.266666667","1.266666667","100","13.24200913","100","6.444444444","6.444444444","42.22222222","48.66666667","6.444444444","6.444444444","42.22222222","48.66666667"
"","","UGP2014NAM-OT03","","","","","","","","","UGP2014NAM-OT03-02523","","","","3","1","3","7","5","1","2","1","0","0","0","0","1","","","","","","","0","1","0","","","","0","0","0","0","0","0","1","0.333333333","","0","33.33333333","0","0","11.11111111","11.11111111","0","0","33.33333333","33.33333333"
"","","UGP2014NAM-OT03","","","","","","","","","UGP2014NAM-OT03-02524","","","","3","0","","","","","","0","0","0","0","0","0","","","","","","","0","0","0","","","","","0","","0","","0","","0","","","0","0","0","0","0","","","",""
"","","UGP2014NAM-OT03","","","","","","","","","UGP2014NAM-OT03-02525","","","","3","0","","","","","","0","0","0","0","0","0","","","","","","","0","0","0","","","","","0","","0","","0","","0","","","0","0","0","0","0","","","",""
"","","UGP2014NAM-OT03","","","","","","","","","UGP2014NAM-OT03-02526","","","","3","2","2","6","5","1","4","2","0","0","0","0","6.5","","","","","","","0","6.5","0","","","","0","0","0","0","0","0","3.25","2.166666667","","0","66.66666667","0","0","72.22222222","72.22222222","0","0","108.3333333","108.3333333"
"","","UGP2014NAM-OT03","","","","","","","","","UGP2014NAM-OT03-02527","","","","3","0","","","","","","0","0","0","0","0","0","","","","","","","0","0","0","","","","","0","","0","","0","","0","","","0","0","0","0","0","","","",""
"","","UGP2014NAM-OT03","","","","","","","","","UGP2014NAM-OT03-02528","","","","3","3","1","3","8","1","3","3","10","4","1.04","0.06","5","8","2","2","1","3","1.38","1.1","6.1","14","0.104","0.015","0.078571429","4.666666667","4.666666667","3.333333333","3.333333333","0.366666667","0.366666667","1.666666667","1.666666667","71.42857143","18.03278689","100","11.55555556","12.22222222","55.55555556","67.77777778","11.55555556","12.22222222","55.55555556","67.77777778"
"","","UGP2014NAM-OT03","","","","","","","","","UGP2014NAM-OT03-02529","","","","3","3","1","6","9","1","3","3","5","7","0.4","0.12","8.5","2","1","1","2","5","0.12","0.52","9.02","12","0.08","0.017142857","0.043333333","4","4","1.666666667","1.666666667","0.173333333","0.173333333","2.833333333","2.833333333","41.66666667","5.764966741","100","4.444444444","5.777777778","94.44444444","100.2222222","4.444444444","5.777777778","94.44444444","100.2222222"
"","","UGP2014NAM-OT03","","","","","","","","","UGP2014NAM-OT03-02530","","","","3","3","1","2","5","2","2","1","0","0","0","0","0.12","","","","","","","0","0.12","0","","","","0","0","0","0","0","0","0.12","0.04","","0","33.33333333","0","0","1.333333333","1.333333333","0","0","4","4"
"","","UGP2014NAM-OT03","","","","","","","","","UGP2014NAM-OT03-02531","","","","3","2","1","2","7","2","2","2","1","3","0.2","0.08","1.7","9","1","1","4","5","0","0.28","1.98","4","0.2","0.026666667","0.07","2","1.333333333","0.5","0.333333333","0.14","0.093333333","0.85","0.566666667","25","14.14141414","66.66666667","2.222222222","3.111111111","18.88888889","22","3.333333333","4.666666667","28.33333333","33"
"","","UGP2014NAM-OT03","","","","","","","","","UGP2014NAM-OT03-02532","","","","3","1","1","2","7","1","2","1","4","3","1","0.06","2","2","1","1","5","1","0.15","1.06","3.06","7","0.25","0.02","0.151428571","7","2.333333333","4","1.333333333","1.06","0.353333333","2","0.666666667","57.14285714","34.64052288","33.33333333","11.11111111","11.77777778","22.22222222","34","33.33333333","35.33333333","66.66666667","102"
"","","UGP2014NAM-OT03","","","","","","","","","UGP2014NAM-OT03-02533","","","","3","3","1","2","6","1","3","3","3","1","0.46","0.04","1","2","1","1","2","5","0","0.5","1.5","4","0.153333333","0.04","0.125","1.333333333","1.333333333","1","1","0.166666667","0.166666667","0.333333333","0.333333333","75","33.33333333","100","5.111111111","5.555555556","11.11111111","16.66666667","5.111111111","5.555555556","11.11111111","16.66666667"
"","","UGP2014NAM-OT03","","","","","","","","","UGP2014NAM-OT03-02534","","","","3","1","1","2","6","1","2","1","1","1","0.06","0.11","1.5","2","3","1","1","9","0","0.17","1.67","2","0.06","0.11","0.085","2","0.666666667","1","0.333333333","0.17","0.056666667","1.5","0.5","50","10.17964072","33.33333333","0.666666667","1.888888889","16.66666667","18.55555556","2","5.666666667","50","55.66666667"
"","","UGP2014NAM-OT03","","","","","","","","","UGP2014NAM-OT03-02535","","","","3","3","2","3","8","1","2","3","4","15","1.14","0.12","1.4","9","1","1","8","3","0.02","1.26","2.66","19","0.285","0.008","0.066315789","6.333333333","6.333333333","1.333333333","1.333333333","0.42","0.42","0.466666667","0.466666667","21.05263158","47.36842105","100","12.66666667","14","15.55555556","29.55555556","12.66666667","14","15.55555556","29.55555556"
"","","UGP2014NAM-OT03","","","","","","","","","UGP2014NAM-OT03-02536","","","","3","3","2","4","7","1","3","3","0","0","0","0","1.3","","","","","","","0","1.3","0","","","","0","0","0","0","0","0","0.433333333","0.433333333","","0","100","0","0","14.44444444","14.44444444","0","0","14.44444444","14.44444444"
"","","UGP2014NAM-OT03","","","","","","","","","UGP2014NAM-OT03-02537","","","","3","2","2","4","6","1","3","2","0","0","0","0","2.4","","","","","","","0","2.4","0","","","","0","0","0","0","0","0","1.2","0.8","","0","66.66666667","0","0","26.66666667","26.66666667","0","0","40","40"
"","","UGP2014NAM-OT03","","","","","","","","","UGP2014NAM-OT03-02538","","","","3","3","1","3","8","1","2","3","0","0","0","0","4.7","","","","","","","0","4.7","0","","","","0","0","0","0","0","0","1.566666667","1.566666667","","0","100","0","0","52.22222222","52.22222222","0","0","52.22222222","52.22222222"
"","","UGP2014NAM-OT03","","","","","","","","","UGP2014NAM-OT03-02539","","","","3","3","3","6","9","1","2","3","15","12","1.48","0.24","4.5","9","1","1","2","3","1.65","1.72","6.22","27","0.098666667","0.02","0.063703704","9","9","5","5","0.573333333","0.573333333","1.5","1.5","55.55555556","27.65273312","100","16.44444444","19.11111111","50","69.11111111","16.44444444","19.11111111","50","69.11111111"
"","","UGP2014NAM-OT03","","","","","","","","","UGP2014NAM-OT03-02540","","","","3","1","1","2","7","1","2","1","1","0","0.12","0","1","8","1","1","3","5","0.12","0.12","1.12","1","0.12","","0.12","1","0.333333333","1","0.333333333","0.12","0.04","1","0.333333333","100","10.71428571","33.33333333","1.333333333","1.333333333","11.11111111","12.44444444","4","4","33.33333333","37.33333333"
"","","UGP2014NAM-OT03","","","","","","","","","UGP2014NAM-OT03-02541","","","","3","2","4","7","9","1","2","2","3","0","0.78","0","11","2","3","1","7","3","0.02","0.78","11.78","3","0.26","","0.26","1.5","1","1.5","1","0.39","0.26","5.5","3.666666667","100","6.62139219","66.66666667","8.666666667","8.666666667","122.2222222","130.8888889","13","13","183.3333333","196.3333333"
"","","UGP2014NAM-OT03","","","","","","","","","UGP2014NAM-OT03-02542","","","","3","3","1","2","5","1","3","1","0","0","0","0","1.7","","","","","","","0","1.7","0","","","","0","0","0","0","0","0","1.7","0.566666667","","0","33.33333333","0","0","18.88888889","18.88888889","0","0","56.66666667","56.66666667"
"","","UGP2014NAM-OT03","","","","","","","","","UGP2014NAM-OT03-02543","","","","3","2","1","3","6","1","3","2","0","0","0","0","0.7","","","","","","","0","0.7","0","","","","0","0","0","0","0","0","0.35","0.233333333","","0","66.66666667","0","0","7.777777778","7.777777778","0","0","11.66666667","11.66666667"
"","","UGP2014NAM-OT03","","","","","","","","","UGP2014NAM-OT03-02544","","","","3","2","1","2","5","1","2","2","0","0","0","0","0.7","","","","","","","0","0.7","0","","","","0","0","0","0","0","0","0.35","0.233333333","","0","66.66666667","0","0","7.777777778","7.777777778","0","0","11.66666667","11.66666667"
"","","UGP2014NAM-OT03","","","","","","","","","UGP2014NAM-OT03-02545","","","","3","1","3","3","5","1","3","1","0","0","0","0","1","","","","","","","0","1","0","","","","0","0","0","0","0","0","1","0.333333333","","0","33.33333333","0","0","11.11111111","11.11111111","0","0","33.33333333","33.33333333"
"","","UGP2014NAM-OT03","","","","","","","","","UGP2014NAM-OT03-02546","","","","3","2","3","4","7","2","4","2","6","6","0.78","0.08","2","2","1","1","5","3","0","0.86","2.86","12","0.13","0.013333333","0.071666667","6","4","3","2","0.43","0.286666667","1","0.666666667","50","30.06993007","66.66666667","8.666666667","9.555555556","22.22222222","31.77777778","13","14.33333333","33.33333333","47.66666667"
"","","UGP2014NAM-OT03","","","","","","","","","UGP2014NAM-OT03-02547","","","","3","2","2","3","8","1","3","2","0","0","0","0","4","","","","","","","0","4","0","","","","0","0","0","0","0","0","2","1.333333333","","0","66.66666667","0","0","44.44444444","44.44444444","0","0","66.66666667","66.66666667"
"","","UGP2014NAM-OT03","","","","","","","","","UGP2014NAM-OT03-02548","","","","3","3","1","2","5","1","6","3","2","0","0.3","0","5.5","2","1","1","3","2","1.38","0.3","5.8","2","0.15","","0.15","0.666666667","0.666666667","0.666666667","0.666666667","0.1","0.1","1.833333333","1.833333333","100","5.172413793","100","3.333333333","3.333333333","61.11111111","64.44444444","3.333333333","3.333333333","61.11111111","64.44444444"
"","","UGP2014NAM-OT03","","","","","","","","","UGP2014NAM-OT03-02549","","","","3","1","1","2","6","1","4","1","1","0","0.2","0","0.5","2","1","1","6","5","0","0.2","0.7","1","0.2","","0.2","1","0.333333333","1","0.333333333","0.2","0.066666667","0.5","0.166666667","100","28.57142857","33.33333333","2.222222222","2.222222222","5.555555556","7.777777778","6.666666667","6.666666667","16.66666667","23.33333333"
"","","UGP2014NAM-OT03","","","","","","","","","UGP2014NAM-OT03-02550","","","","3","1","1","2","6","1","3","1","1","0","0.3","0","0.7","2","1","1","6","3","0.02","0.3","1","1","0.3","","0.3","1","0.333333333","1","0.333333333","0.3","0.1","0.7","0.233333333","100","30","33.33333333","3.333333333","3.333333333","7.777777778","11.11111111","10","10","23.33333333","33.33333333"
"","","UGP2014NAM-OT03","","","","","","","","","UGP2014NAM-OT03-02551","","","","3","2","2","4","8","3","6","2","0","0","0","0","5","","","","","","","0","5","0","","","","0","0","0","0","0","0","2.5","1.666666667","","0","66.66666667","0","0","55.55555556","55.55555556","0","0","83.33333333","83.33333333"
"","","UGP2014NAM-OT03","","","","","","","","","UGP2014NAM-OT03-02552","","","","3","2","1","2","8","1","3","1","15","10","2","0.2","2.5","8","1","1","3","3","0","2.2","4.7","25","0.133333333","0.02","0.088","25","8.333333333","15","5","2.2","0.733333333","2.5","0.833333333","60","46.80851064","33.33333333","22.22222222","24.44444444","27.77777778","52.22222222","66.66666667","73.33333333","83.33333333","156.6666667"
"","","UGP2014NAM-OT03","","","","","","","","","UGP2014NAM-OT03-02553","","","","3","1","1","3","7","1","2","1","1","0","0.88","0","3.7","8","1","1","1","1","0.02","0.88","4.58","1","0.88","","0.88","1","0.333333333","1","0.333333333","0.88","0.293333333","3.7","1.233333333","100","19.2139738","33.33333333","9.777777778","9.777777778","41.11111111","50.88888889","29.33333333","29.33333333","123.3333333","152.6666667"
"","","UGP2014NAM-OT03","","","","","","","","","UGP2014NAM-OT03-02554","","","","3","3","5","6","8","1","2","3","1","4","","0.01","4","2","1","1","1","7","0.02","","","5","","0.0025","","1.666666667","1.666666667","0.333333333","0.333333333","","","1.333333333","1.333333333","20","","100","","","44.44444444","","","","44.44444444",""
"","","UGP2014NAM-OT03","","","","","","","","","UGP2014NAM-OT03-02556","","","","3","2","1","2","5","2","4","2","0","4","0","0.08","0.28","2","1","1","3","9","0.12","0.08","0.36","4","","0.02","0.02","2","1.333333333","0","0","0.04","0.026666667","0.14","0.093333333","0","22.22222222","66.66666667","0","0.888888889","3.111111111","4","0","1.333333333","4.666666667","6"
"","","UGP2014NAM-OT03","","","","","","","","","UGP2014NAM-OT03-02557","","","","3","1","1","2","8","1","2","1","0","0","0","0","2","","","","","","","0","2","0","","","","0","0","0","0","0","0","2","0.666666667","","0","33.33333333","0","0","22.22222222","22.22222222","0","0","66.66666667","66.66666667"
"","","UGP2014NAM-OT03","","","","","","","","","UGP2014NAM-OT03-02558","","","","3","2","2","3","9","1","2","2","1","1","0.12","0.02","2","2","1","1","3","7","0","0.14","2.14","2","0.12","0.02","0.07","1","0.666666667","0.5","0.333333333","0.07","0.046666667","1","0.666666667","50","6.542056075","66.66666667","1.333333333","1.555555556","22.22222222","23.77777778","2","2.333333333","33.33333333","35.66666667"
"","","UGP2014NAM-OT03","","","","","","","","","UGP2014NAM-OT03-02559","","","","3","2","1","2","8","2","3","2","4","1","6.8","0.02","2.45","8","2","1","5","3","0.12","6.82","9.27","5","1.7","0.02","1.364","2.5","1.666666667","2","1.333333333","3.41","2.273333333","1.225","0.816666667","80","73.57065804","66.66666667","75.55555556","75.77777778","27.22222222","103","113.3333333","113.6666667","40.83333333","154.5"
"","","UGP2014NAM-OT03","","","","","","","","","UGP2014NAM-OT03-02560","","","","3","1","1","2","4","1","2","1","0","0","0","0","0.3","","","","","","","0","0.3","0","","","","0","0","0","0","0","0","0.3","0.1","","0","33.33333333","0","0","3.333333333","3.333333333","0","0","10","10"
"","","UGP2014NAM-OT03","","","","","","","","","UGP2014NAM-OT03-02561","","","","3","1","2","3","8","1","2","1","0","4","0","0.1","0.5","2","1","1","3","2","0.12","0.1","0.6","4","","0.025","0.025","4","1.333333333","0","0","0.1","0.033333333","0.5","0.166666667","0","16.66666667","33.33333333","0","1.111111111","5.555555556","6.666666667","0","3.333333333","16.66666667","20"
"","","UGP2014NAM-OT03","","","","","","","","","UGP2014NAM-OT03-02562","","","","3","2","2","3","9","1","3","2","1","0","0.2","0","2.5","2","1","1","3","7","0.02","0.2","2.7","1","0.2","","0.2","0.5","0.333333333","0.5","0.333333333","0.1","0.066666667","1.25","0.833333333","100","7.407407407","66.66666667","2.222222222","2.222222222","27.77777778","30","3.333333333","3.333333333","41.66666667","45"
"","","UGP2014NAM-OT03","","","","","","","","","UGP2014NAM-OT03-02563","","","","3","2","","","","","","2","0","0","0","0","0.2","","","","","","","0","0.2","0","","","","0","0","0","0","0","0","0.1","0.066666667","","0","66.66666667","0","0","2.222222222","2.222222222","0","0","3.333333333","3.333333333"
"","","UGP2014NAM-OT03","","","","","","","","","UGP2014NAM-OT03-02564","","","","3","2","2","6","9","1","2","2","0","0","0","0","6","","","","","","","0","6","0","","","","0","0","0","0","0","0","3","2","","0","66.66666667","0","0","66.66666667","66.66666667","0","0","100","100"
"","","UGP2014NAM-OT03","","","","","","","","","UGP2014NAM-OT03-02565","","","","3","0","","","","","","0","0","0","0","0","0","","","","","","","0","0","0","","","","","0","","0","","0","","0","","","0","0","0","0","0","","","",""
"","","UGP2014NAM-OT03","","","","","","","","","UGP2014NAM-OT03-02566","","","","3","2","1","3","8","1","3","2","0","2","0","0.4","3","8","1","1","8","9","0.02","0.4","3.4","2","","0.2","0.2","1","0.666666667","0","0","0.2","0.133333333","1.5","1","0","11.76470588","66.66666667","0","4.444444444","33.33333333","37.77777778","0","6.666666667","50","56.66666667"
"","","UGP2014NAM-OT03","","","","","","","","","UGP2014NAM-OT03-02567","","","","3","3","1","3","6","3","5","3","2","2","0.12","0.04","3.5","2","1","1","9","8","1.65","0.16","3.66","4","0.06","0.02","0.04","1.333333333","1.333333333","0.666666667","0.666666667","0.053333333","0.053333333","1.166666667","1.166666667","50","4.371584699","100","1.333333333","1.777777778","38.88888889","40.66666667","1.333333333","1.777777778","38.88888889","40.66666667"
"","","UGP2014NAM-OT03","","","","","","","","","UGP2014NAM-OT03-02568","","","","3","0","","","","","","0","0","0","0","0","0","","","","","","","0","0","0","","","","","0","","0","","0","","0","","","0","0","0","0","0","","","",""
"","","UGP2014NAM-OT03","","","","","","","","","UGP2014NAM-OT03-02569","","","","3","0","","","","","","0","0","0","0","0","0","","","","","","","0","0","0","","","","","0","","0","","0","","0","","","0","0","0","0","0","","","",""
"","","UGP2014NAM-OT03","","","","","","","","","UGP2014NAM-OT03-02570","","","","3","2","2","6","9","1","2","2","2","2","0.18","0.05","3.5","9","1","1","3","7","3.96","0.23","3.73","4","0.09","0.025","0.0575","2","1.333333333","1","0.666666667","0.115","0.076666667","1.75","1.166666667","50","6.166219839","66.66666667","2","2.555555556","38.88888889","41.44444444","3","3.833333333","58.33333333","62.16666667"
"","","UGP2014NAM-OT03","","","","","","","","","UGP2014NAM-OT03-02571","","","","3","0","","","","","","0","0","0","0","0","0","","","","","","","0","0","0","","","","","0","","0","","0","","0","","","0","0","0","0","0","","","",""
"","","UGP2014NAM-OT03","","","","","","","","","UGP2014NAM-OT03-02572","","","","3","2","2","2","6","3","6","2","0","0","0","0","1","","","","","","","0","1","0","","","","0","0","0","0","0","0","0.5","0.333333333","","0","66.66666667","0","0","11.11111111","11.11111111","0","0","16.66666667","16.66666667"
"","","UGP2014NAM-OT03","","","","","","","","","UGP2014NAM-OT03-02573","","","","3","0","","","","","","0","0","0","0","0","0","","","","","","","0","0","0","","","","","0","","0","","0","","0","","","0","0","0","0","0","","","",""
"","","UGP2014NAM-OT03","","","","","","","","","UGP2014NAM-OT03-02574","","","","3","3","2","3","5","4","7","2","3","0","0.46","0","0.5","2","1","1","4","3","0","0.46","0.96","3","0.153333333","","0.153333333","1.5","1","1.5","1","0.23","0.153333333","0.25","0.166666667","100","47.91666667","66.66666667","5.111111111","5.111111111","5.555555556","10.66666667","7.666666667","7.666666667","8.333333333","16"
"","","UGP2014NAM-OT03","","","","","","","","","UGP2014NAM-OT03-02575","","","","3","2","1","5","8","1","2","2","2","2","0.56","0.06","1.5","2","1","1","3","3","3.03","0.62","2.12","4","0.28","0.03","0.155","2","1.333333333","1","0.666666667","0.31","0.206666667","0.75","0.5","50","29.24528302","66.66666667","6.222222222","6.888888889","16.66666667","23.55555556","9.333333333","10.33333333","25","35.33333333"
"","","UGP2014NAM-OT03","","","","","","","","","UGP2014NAM-OT03-02576","","","","3","2","1","3","8","1","3","2","11","6","0.82","0.13","3.2","2","","1","5","5","0","0.95","4.15","17","0.074545455","0.021666667","0.055882353","8.5","5.666666667","5.5","3.666666667","0.475","0.316666667","1.6","1.066666667","64.70588235","22.89156627","66.66666667","9.111111111","10.55555556","35.55555556","46.11111111","13.66666667","15.83333333","53.33333333","69.16666667"
"","","UGP2014NAM-OT03","","","","","","","","","UGP2014NAM-OT03-02577","","","","3","2","1","3","6","2","3","2","2","0","0.4","0","0.5","6","1","1","1","3","0.15","0.4","0.9","2","0.2","","0.2","1","0.666666667","1","0.666666667","0.2","0.133333333","0.25","0.166666667","100","44.44444444","66.66666667","4.444444444","4.444444444","5.555555556","10","6.666666667","6.666666667","8.333333333","15"
"","","UGP2014NAM-OT03","","","","","","","","","UGP2014NAM-OT03-02578","","","","3","3","3","6","7","1","2","3","6","3","0.7","0.02","0.8","2","1","1","7","3","0.12","0.72","1.52","9","0.116666667","0.006666667","0.08","3","3","2","2","0.24","0.24","0.266666667","0.266666667","66.66666667","47.36842105","100","7.777777778","8","8.888888889","16.88888889","7.777777778","8","8.888888889","16.88888889"
"","","UGP2014NAM-OT03","","","","","","","","","UGP2014NAM-OT03-02579","","","","3","2","1","2","8","1","3","2","7","15","1.7","0.12","2.5","8","3","1","4","5","1.65","1.82","4.32","22","0.242857143","0.008","0.082727273","11","7.333333333","3.5","2.333333333","0.91","0.606666667","1.25","0.833333333","31.81818182","42.12962963","66.66666667","18.88888889","20.22222222","27.77777778","48","28.33333333","30.33333333","41.66666667","72"
"","","UGP2014NAM-OT03","","","","","","","","","UGP2014NAM-OT03-02580","","","","3","1","1","3","5","1","3","1","0","0","0","0","0.12","","","","","","","0","0.12","0","","","","0","0","0","0","0","0","0.12","0.04","","0","33.33333333","0","0","1.333333333","1.333333333","0","0","4","4"
"","","UGP2014NAM-OT03","","","","","","","","","UGP2014NAM-OT03-02581","","","","3","3","1","2","7","1","2","3","0","0","0","0","3","","","","","","","0","3","0","","","","0","0","0","0","0","0","1","1","","0","100","0","0","33.33333333","33.33333333","0","0","33.33333333","33.33333333"
"","","UGP2014NAM-OT03","","","","","","","","","UGP2014NAM-OT03-02582","","","","3","2","1","2","8","1","2","2","2","0","0.3","0","0.5","2","2","1","4","5","0","0.3","0.8","2","0.15","","0.15","1","0.666666667","1","0.666666667","0.15","0.1","0.25","0.166666667","100","37.5","66.66666667","3.333333333","3.333333333","5.555555556","8.888888889","5","5","8.333333333","13.33333333"
"","","UGP2014NAM-OT03","","","","","","","","","UGP2014NAM-OT03-02583","","","","3","1","1","2","7","1","3","1","3","2","0.84","0.06","1","9","2","1","2","1","4.61","0.9","1.9","5","0.28","0.03","0.18","5","1.666666667","3","1","0.9","0.3","1","0.333333333","60","47.36842105","33.33333333","9.333333333","10","11.11111111","21.11111111","28","30","33.33333333","63.33333333"
"","","UGP2014NAM-OT03","","","","","","","","","UGP2014NAM-OT03-02584","","","","3","2","1","5","8","1","3","2","11","1","0.88","0.04","9.4","9","1","1","3","5","0.02","0.92","10.32","12","0.08","0.04","0.076666667","6","4","5.5","3.666666667","0.46","0.306666667","4.7","3.133333333","91.66666667","8.914728682","66.66666667","9.777777778","10.22222222","104.4444444","114.6666667","14.66666667","15.33333333","156.6666667","172"
"","","UGP2014NAM-OT03","","","","","","","","","UGP2014NAM-OT03-02585","","","","3","3","1","2","6","1","2","2","1","4","0.08","0.05","9.5","8","1","1","2","9","0.15","0.13","9.63","5","0.08","0.0125","0.026","2.5","1.666666667","0.5","0.333333333","0.065","0.043333333","4.75","3.166666667","20","1.349948079","66.66666667","0.888888889","1.444444444","105.5555556","107","1.333333333","2.166666667","158.3333333","160.5"
"","","UGP2014NAM-OT03","","","","","","","","","UGP2014NAM-OT03-02586","","","","3","2","2","2","6","4","7","2","2","0","0.5","0","7","9","1","1","1","1","0.12","0.5","7.5","2","0.25","","0.25","1","0.666666667","1","0.666666667","0.25","0.166666667","3.5","2.333333333","100","6.666666667","66.66666667","5.555555556","5.555555556","77.77777778","83.33333333","8.333333333","8.333333333","116.6666667","125"
"","","UGP2014NAM-OT03","","","","","","","","","UGP2014NAM-OT03-02587","","","","3","1","1","2","7","1","2","1","0","0","0","0","3.5","","","","","","","0","3.5","0","","","","0","0","0","0","0","0","3.5","1.166666667","","0","33.33333333","0","0","38.88888889","38.88888889","0","0","116.6666667","116.6666667"
"","","UGP2014NAM-OT03","","","","","","","","","UGP2014NAM-OT03-02588","","","","3","1","1","2","7","2","4","1","12","3","1.1","0.05","1.5","2","1","1","8","3","3.96","1.15","2.65","15","0.091666667","0.016666667","0.076666667","15","5","12","4","1.15","0.383333333","1.5","0.5","80","43.39622642","33.33333333","12.22222222","12.77777778","16.66666667","29.44444444","36.66666667","38.33333333","50","88.33333333"
"","","UGP2014NAM-OT03","","","","","","","","","UGP2014NAM-OT03-02589","","","","3","1","1","4","5","2","3","1","0","0","0","0","0.3","","","","","","","0","0.3","0","","","","0","0","0","0","0","0","0.3","0.1","","0","33.33333333","0","0","3.333333333","3.333333333","0","0","10","10"
"","","UGP2014NAM-OT03","","","","","","","","","UGP2014NAM-OT03-02590","","","","3","0","","","","","","0","0","0","0","0","0","","","","","","","0","0","0","","","","","0","","0","","0","","0","","","0","0","0","0","0","","","",""
"","","UGP2014NAM-OT03","","","","","","","","","UGP2014NAM-OT03-02591","","","","3","3","2","2","9","1","2","3","2","2","0.58","","1","2","1","1","1","3","0","","","4","0.29","","","1.333333333","1.333333333","0.666666667","0.666666667","","","0.333333333","0.333333333","50","","100","6.444444444","","11.11111111","","6.444444444","","11.11111111",""
"","","UGP2014NAM-OT03","","","","","","","","","UGP2014NAM-OT03-02592","","","","3","0","","","","","","0","0","0","0","0","0","","","","","","","0","0","0","","","","","0","","0","","0","","0","","","0","0","0","0","0","","","",""
"","","UGP2014NAM-OT03","","","","","","","","","UGP2014NAM-OT03-02593","","","","3","1","1","2","8","1","2","1","0","0","0","0","3.7","","","","","","","0","3.7","0","","","","0","0","0","0","0","0","3.7","1.233333333","","0","33.33333333","0","0","41.11111111","41.11111111","0","0","123.3333333","123.3333333"
"","","UGP2014NAM-OT03","","","","","","","","","UGP2014NAM-OT03-02594","","","","3","3","1","3","8","1","2","1","3","0","0.32","0","3.5","2","1","3","3","3","3.03","0.32","3.82","3","0.106666667","","0.106666667","3","1","3","1","0.32","0.106666667","3.5","1.166666667","100","8.376963351","33.33333333","3.555555556","3.555555556","38.88888889","42.44444444","10.66666667","10.66666667","116.6666667","127.3333333"
"","","UGP2014NAM-OT03","","","","","","","","","UGP2014NAM-OT03-02595","","","","3","1","3","6","7","1","2","1","1","2","0.1","0.04","4.6","5","1","1","2","7","0","0.14","4.74","3","0.1","0.02","0.046666667","3","1","1","0.333333333","0.14","0.046666667","4.6","1.533333333","33.33333333","2.953586498","33.33333333","1.111111111","1.555555556","51.11111111","52.66666667","3.333333333","4.666666667","153.3333333","158"
"","","UGP2014NAM-OT03","","","","","","","","","UGP2014NAM-OT03-02596","","","","3","3","1","2","7","1","2","1","12","20","0.72","0.4","2","8","2","1","8","5","0","1.12","3.12","32","0.06","0.02","0.035","32","10.66666667","12","4","1.12","0.373333333","2","0.666666667","37.5","35.8974359","33.33333333","8","12.44444444","22.22222222","34.66666667","24","37.33333333","66.66666667","104"
"","","UGP2014NAM-OT03","","","","","","","","","UGP2014NAM-OT03-02597","","","","3","2","1","2","8","1","2","2","6","2","0.56","0.05","2.5","2","1","1","3","5","0.12","0.61","3.11","8","0.093333333","0.025","0.07625","4","2.666666667","3","2","0.305","0.203333333","1.25","0.833333333","75","19.61414791","66.66666667","6.222222222","6.777777778","27.77777778","34.55555556","9.333333333","10.16666667","41.66666667","51.83333333"
"","","UGP2014NAM-OT03","","","","","","","","","UGP2014NAM-OT03-02598","","","","3","2","1","2","8","1","2","2","0","0","0","0","3.5","","","","","","","0","3.5","0","","","","0","0","0","0","0","0","1.75","1.166666667","","0","66.66666667","0","0","38.88888889","38.88888889","0","0","58.33333333","58.33333333"
"","","UGP2014NAM-OT03","","","","","","","","","UGP2014NAM-OT03-02599","","","","3","3","3","3","7","1","2","3","4","3","1.3","0.04","2.2","8","1","1","5","3","4.92","1.34","3.54","7","0.325","0.013333333","0.191428571","2.333333333","2.333333333","1.333333333","1.333333333","0.446666667","0.446666667","0.733333333","0.733333333","57.14285714","37.85310734","100","14.44444444","14.88888889","24.44444444","39.33333333","14.44444444","14.88888889","24.44444444","39.33333333"
"","","UGP2014NAM-OT03","","","","","","","","","UGP2014NAM-OT03-02600","","","","3","2","3","3","7","2","3","2","4","4","1","0.12","4","2","2","1","5","3","0.12","1.12","5.12","8","0.25","0.03","0.14","4","2.666666667","2","1.333333333","0.56","0.373333333","2","1.333333333","50","21.875","66.66666667","11.11111111","12.44444444","44.44444444","56.88888889","16.66666667","18.66666667","66.66666667","85.33333333"
"","","UGP2014NAM-OT03","","","","","","","","","UGP2014NAM-OT03-02601","","","","3","2","1","2","8","1","2","2","12","10","0.7","0.16","3.5","6","1","1","3","5","0.02","0.86","4.36","22","0.058333333","0.016","0.039090909","11","7.333333333","6","4","0.43","0.286666667","1.75","1.166666667","54.54545455","19.72477064","66.66666667","7.777777778","9.555555556","38.88888889","48.44444444","11.66666667","14.33333333","58.33333333","72.66666667"
"","","UGP2014NAM-OT03","","","","","","","","","UGP2014NAM-OT03-02602","","","","3","3","3","3","7","3","5","3","11","0","3","0","5","6","2","1","9","1","0.12","3","8","11","0.272727273","","0.272727273","3.666666667","3.666666667","3.666666667","3.666666667","1","1","1.666666667","1.666666667","100","37.5","100","33.33333333","33.33333333","55.55555556","88.88888889","33.33333333","33.33333333","55.55555556","88.88888889"
"","","UGP2014NAM-OT03","","","","","","","","","UGP2014NAM-OT03-02603","","","","3","3","3","3","9","1","2","2","3","3","0.2","0.06","2.2","9","1","1","9","7","3.96","0.26","2.46","6","0.066666667","0.02","0.043333333","3","2","1.5","1","0.13","0.086666667","1.1","0.733333333","50","10.56910569","66.66666667","2.222222222","2.888888889","24.44444444","27.33333333","3.333333333","4.333333333","36.66666667","41"
"","","UGP2014NAM-OT03","","","","","","","","","UGP2014NAM-OT03-02604","","","","3","2","1","3","7","1","3","2","0","0","0","0","1.5","","","","","","","0","1.5","0","","","","0","0","0","0","0","0","0.75","0.5","","0","66.66666667","0","0","16.66666667","16.66666667","0","0","25","25"
"","","UGP2014NAM-OT03","","","","","","","","","UGP2014NAM-OT03-02605","","","","3","3","1","2","9","1","3","2","2","2","0.2","0.03","6","9","1","1","9","7","4.41","0.23","6.23","4","0.1","0.015","0.0575","2","1.333333333","1","0.666666667","0.115","0.076666667","3","2","50","3.691813804","66.66666667","2.222222222","2.555555556","66.66666667","69.22222222","3.333333333","3.833333333","100","103.8333333"
"","","UGP2014NAM-OT03","","","","","","","","","UGP2014NAM-OT03-02606","","","","3","1","1","2","6","2","4","1","3","3","0.4","0.05","1.7","6","1","1","9","7","0.02","0.45","2.15","6","0.133333333","0.016666667","0.075","6","2","3","1","0.45","0.15","1.7","0.566666667","50","20.93023256","33.33333333","4.444444444","5","18.88888889","23.88888889","13.33333333","15","56.66666667","71.66666667"
"","","UGP2014NAM-OT03","","","","","","","","","UGP2014NAM-OT03-02607","","","","3","3","1","2","5","2","4","2","2","2","0.24","0.04","0.3","9","1","1","2","5","4.61","0.28","0.58","4","0.12","0.02","0.07","2","1.333333333","1","0.666666667","0.14","0.093333333","0.15","0.1","50","48.27586207","66.66666667","2.666666667","3.111111111","3.333333333","6.444444444","4","4.666666667","5","9.666666667"
"","","UGP2014NAM-OT03","","","","","","","","","UGP2014NAM-OT03-02608","","","","3","3","3","6","8","1","3","3","4","0","0.48","0","5","6","1","1","5","3","0.02","0.48","5.48","4","0.12","","0.12","1.333333333","1.333333333","1.333333333","1.333333333","0.16","0.16","1.666666667","1.666666667","100","8.759124088","100","5.333333333","5.333333333","55.55555556","60.88888889","5.333333333","5.333333333","55.55555556","60.88888889"
"","","UGP2014NAM-OT03","","","","","","","","","UGP2014NAM-OT03-02609","","","","3","2","1","3","7","3","6","2","2","2","0.24","0.05","2.5","8","1","1","4","5","3.03","0.29","2.79","4","0.12","0.025","0.0725","2","1.333333333","1","0.666666667","0.145","0.096666667","1.25","0.833333333","50","10.39426523","66.66666667","2.666666667","3.222222222","27.77777778","31","4","4.833333333","41.66666667","46.5"
"","","UGP2014NAM-OT03","","","","","","","","","UGP2014NAM-OT03-02610","","","","3","2","1","2","6","1","2","2","0","0","0","0","1.2","","","","","","","0","1.2","0","","","","0","0","0","0","0","0","0.6","0.4","","0","66.66666667","0","0","13.33333333","13.33333333","0","0","20","20"
"","","UGP2014NAM-OT03","","","","","","","","","UGP2014NAM-OT03-02611","","","","3","0","","","","","","0","0","0","0","0","0","","","","","","","0","0","0","","","","","0","","0","","0","","0","","","0","0","0","0","0","","","",""
"","","UGP2014NAM-OT03","","","","","","","","","UGP2014NAM-OT03-02612","","","","3","3","2","3","8","2","4","3","1","1","0.7","0.04","2.5","9","1","1","1","1","11.03","0.74","3.24","2","0.7","0.04","0.37","0.666666667","0.666666667","0.333333333","0.333333333","0.246666667","0.246666667","0.833333333","0.833333333","50","22.83950617","100","7.777777778","8.222222222","27.77777778","36","7.777777778","8.222222222","27.77777778","36"
"","","UGP2014NAM-OT03","","","","","","","","","UGP2014NAM-OT03-02613","","","","3","2","1","2","5","1","3","1","0","0","0","0","0.04","","","","","","","0","0.04","0","","","","0","0","0","0","0","0","0.04","0.013333333","","0","33.33333333","0","0","0.444444444","0.444444444","0","0","1.333333333","1.333333333"
"","","UGP2014NAM-OT03","","","","","","","","","UGP2014NAM-OT03-02614","","","","3","2","1","2","6","1","2","2","1","0","0.1","0","1","9","1","1","3","7","0.12","0.1","1.1","1","0.1","","0.1","0.5","0.333333333","0.5","0.333333333","0.05","0.033333333","0.5","0.333333333","100","9.090909091","66.66666667","1.111111111","1.111111111","11.11111111","12.22222222","1.666666667","1.666666667","16.66666667","18.33333333"
"","","UGP2014NAM-OT03","","","","","","","","","UGP2014NAM-OT03-02615","","","","3","2","3","4","8","1","3","2","1","0","0.18","0","1.5","2","1","1","3","7","0.02","0.18","1.68","1","0.18","","0.18","0.5","0.333333333","0.5","0.333333333","0.09","0.06","0.75","0.5","100","10.71428571","66.66666667","2","2","16.66666667","18.66666667","3","3","25","28"
"","","UGP2014NAM-OT03","","","","","","","","","UGP2014NAM-OT03-02616","","","","3","1","2","2","5","3","5","1","0","0","0","0","0.5","","","","","","","0","0.5","0","","","","0","0","0","0","0","0","0.5","0.166666667","","0","33.33333333","0","0","5.555555556","5.555555556","0","0","16.66666667","16.66666667"
"","","UGP2014NAM-OT03","","","","","","","","","UGP2014NAM-OT03-02617","","","","3","0","","","","","","0","0","0","0","0","0","","","","","","","0","0","0","","","","","0","","0","","0","","0","","","0","0","0","0","0","","","",""
"","","UGP2014NAM-OT03","","","","","","","","","UGP2014NAM-OT03-02618","","","","3","2","1","2","9","1","2","2","3","0","0.8","0","6.5","9","1","1","8","3","0","0.8","7.3","3","0.266666667","","0.266666667","1.5","1","1.5","1","0.4","0.266666667","3.25","2.166666667","100","10.95890411","66.66666667","8.888888889","8.888888889","72.22222222","81.11111111","13.33333333","13.33333333","108.3333333","121.6666667"
"","","UGP2014NAM-OT03","","","","","","","","","UGP2014NAM-OT03-02619","","","","3","2","1","4","8","1","3","2","2","0","0.24","0","2.2","2","1","1","3","7","0.12","0.24","2.44","2","0.12","","0.12","1","0.666666667","1","0.666666667","0.12","0.08","1.1","0.733333333","100","9.836065574","66.66666667","2.666666667","2.666666667","24.44444444","27.11111111","4","4","36.66666667","40.66666667"
"","","UGP2014NAM-OT03","","","","","","","","","UGP2014NAM-OT03-02620","","","","3","3","1","6","9","2","4","2","3","0","1","0","3","2","2","2","1","1","1.5","1","4","3","0.333333333","","0.333333333","1.5","1","1.5","1","0.5","0.333333333","1.5","1","100","25","66.66666667","11.11111111","11.11111111","33.33333333","44.44444444","16.66666667","16.66666667","50","66.66666667"
"","","UGP2014NAM-OT03","","","","","","","","","UGP2014NAM-OT03-02621","","","","3","3","1","4","8","2","4","2","3","2","0.89","0.08","1.5","2","1","1","5","1","4.61","0.97","2.47","5","0.296666667","0.04","0.194","2.5","1.666666667","1.5","1","0.485","0.323333333","0.75","0.5","60","39.27125506","66.66666667","9.888888889","10.77777778","16.66666667","27.44444444","14.83333333","16.16666667","25","41.16666667"
"","","UGP2014NAM-OT03","","","","","","","","","UGP2014NAM-OT03-02622","","","","3","3","1","2","7","1","2","3","2","2","0.18","0.04","2","8","1","1","2","7","0","0.22","2.22","4","0.09","0.02","0.055","1.333333333","1.333333333","0.666666667","0.666666667","0.073333333","0.073333333","0.666666667","0.666666667","50","9.90990991","100","2","2.444444444","22.22222222","24.66666667","2","2.444444444","22.22222222","24.66666667"
"","","UGP2014NAM-OT03","","","","","","","","","UGP2014NAM-OT03-02623","","","","3","1","1","2","6","1","3","1","1","2","0.06","0.05","1","2","1","1","2","7","0.02","0.11","1.11","3","0.06","0.025","0.036666667","3","1","1","0.333333333","0.11","0.036666667","1","0.333333333","33.33333333","9.90990991","33.33333333","0.666666667","1.222222222","11.11111111","12.33333333","2","3.666666667","33.33333333","37"
"","","UGP2014NAM-OT03","","","","","","","","","UGP2014NAM-OT03-02624","","","","3","1","1","3","7","1","3","1","0","1","0","0.04","2","8","1","1","3","9","0.02","0.04","2.04","1","","0.04","0.04","1","0.333333333","0","0","0.04","0.013333333","2","0.666666667","0","1.960784314","33.33333333","0","0.444444444","22.22222222","22.66666667","0","1.333333333","66.66666667","68"
"","","UGP2014NAM-OT03","","","","","","","","","UGP2014NAM-OT03-02625","","","","3","3","1","3","8","1","2","3","22","12","2","0.3","3","6","1","1","6","5","1.65","2.3","5.3","34","0.090909091","0.025","0.067647059","11.33333333","11.33333333","7.333333333","7.333333333","0.766666667","0.766666667","1","1","64.70588235","43.39622642","100","22.22222222","25.55555556","33.33333333","58.88888889","22.22222222","25.55555556","33.33333333","58.88888889"
"","","UGP2014NAM-OT03","","","","","","","","","UGP2014NAM-OT03-02626","","","","3","2","1","2","8","1","2","2","7","0","0.68","0","6","9","1","1","2","3","0","0.68","6.68","7","0.097142857","","0.097142857","3.5","2.333333333","3.5","2.333333333","0.34","0.226666667","3","2","100","10.17964072","66.66666667","7.555555556","7.555555556","66.66666667","74.22222222","11.33333333","11.33333333","100","111.3333333"
"","","UGP2014NAM-OT03","","","","","","","","","UGP2014NAM-OT03-02627","","","","3","2","1","2","8","1","2","2","6","1","0.98","0.04","5","2","1","1","4","3","0","1.02","6.02","7","0.163333333","0.04","0.145714286","3.5","2.333333333","3","2","0.51","0.34","2.5","1.666666667","85.71428571","16.94352159","66.66666667","10.88888889","11.33333333","55.55555556","66.88888889","16.33333333","17","83.33333333","100.3333333"
"","","UGP2014NAM-OT03","","","","","","","","","UGP2014NAM-OT03-02628","","","","3","2","2","2","9","2","3","2","0","0","0","0","8.5","","","","","","","0","8.5","0","","","","0","0","0","0","0","0","4.25","2.833333333","","0","66.66666667","0","0","94.44444444","94.44444444","0","0","141.6666667","141.6666667"
"","","UGP2014NAM-OT03","","","","","","","","","UGP2014NAM-OT03-02629","","","","3","3","2","4","7","2","4","3","2","2","0.9","0.05","1","8","1","1","5","3","0","0.95","1.95","4","0.45","0.025","0.2375","1.333333333","1.333333333","0.666666667","0.666666667","0.316666667","0.316666667","0.333333333","0.333333333","50","48.71794872","100","10","10.55555556","11.11111111","21.66666667","10","10.55555556","11.11111111","21.66666667"
"","","UGP2014NAM-OT03","","","","","","","","","UGP2014NAM-OT03-02630","","","","3","0","","","","","","0","0","0","0","0","0","","","","","","","0","0","0","","","","","0","","0","","0","","0","","","0","0","0","0","0","","","",""
"","","UGP2014NAM-OT03","","","","","","","","","UGP2014NAM-OT03-02631","","","","3","0","","","","","","0","0","0","0","0","0","","","","","","","0","0","0","","","","","0","","0","","0","","0","","","0","0","0","0","0","","","",""
"","","UGP2014NAM-OT03","","","","","","","","","UGP2014NAM-OT03-02632","","","","3","2","1","2","8","1","2","2","3","4","0.25","0.1","5","2","1","1","8","7","0","0.35","5.35","7","0.083333333","0.025","0.05","3.5","2.333333333","1.5","1","0.175","0.116666667","2.5","1.666666667","42.85714286","6.542056075","66.66666667","2.777777778","3.888888889","55.55555556","59.44444444","4.166666667","5.833333333","83.33333333","89.16666667"
"","","UGP2014NAM-OT03","","","","","","","","","UGP2014NAM-OT03-02633","","","","3","2","1","2","9","1","3","2","0","0","0","0","3","","","","","","","0","3","0","","","","0","0","0","0","0","0","1.5","1","","0","66.66666667","0","0","33.33333333","33.33333333","0","0","50","50"
"","","UGP2014NAM-OT03","","","","","","","","","UGP2014NAM-OT03-02634","","","","3","1","1","2","5","1","2","1","2","1","0.4","0.04","0.5","2","2","1","4","3","0","0.44","0.94","3","0.2","0.04","0.146666667","3","1","2","0.666666667","0.44","0.146666667","0.5","0.166666667","66.66666667","46.80851064","33.33333333","4.444444444","4.888888889","5.555555556","10.44444444","13.33333333","14.66666667","16.66666667","31.33333333"
"","","UGP2014NAM-OT03","","","","","","","","","UGP2014NAM-OT03-02635","","","","3","2","1","2","9","1","2","2","10","5","1.2","0.04","7.5","6","1","1","6","5","0.12","1.24","8.74","15","0.12","0.008","0.082666667","7.5","5","5","3.333333333","0.62","0.413333333","3.75","2.5","66.66666667","14.18764302","66.66666667","13.33333333","13.77777778","83.33333333","97.11111111","20","20.66666667","125","145.6666667"
"","","UGP2014NAM-OT03","","","","","","","","","UGP2014NAM-OT03-02636","","","","3","3","1","2","7","1","2","1","1","0","0.1","0","1.5","2","1","1","3","7","0.12","0.1","1.6","1","0.1","","0.1","1","0.333333333","1","0.333333333","0.1","0.033333333","1.5","0.5","100","6.25","33.33333333","1.111111111","1.111111111","16.66666667","17.77777778","3.333333333","3.333333333","50","53.33333333"
"","","UGP2014NAM-OT03","","","","","","","","","UGP2014NAM-OT03-02637","","","","3","3","5","7","7","1","2","3","8","2","0.4","0.03","2","2","1","1","3","7","0.02","0.43","2.43","10","0.05","0.015","0.043","3.333333333","3.333333333","2.666666667","2.666666667","0.143333333","0.143333333","0.666666667","0.666666667","80","17.69547325","100","4.444444444","4.777777778","22.22222222","27","4.444444444","4.777777778","22.22222222","27"
"","","UGP2014NAM-OT03","","","","","","","","","UGP2014NAM-OT03-02638","","","","3","1","1","3","7","1","3","1","6","0","0.46","0","1.7","8","1","1","3","5","0.02","0.46","2.16","6","0.076666667","","0.076666667","6","2","6","2","0.46","0.153333333","1.7","0.566666667","100","21.2962963","33.33333333","5.111111111","5.111111111","18.88888889","24","15.33333333","15.33333333","56.66666667","72"
"","","UGP2014NAM-OT03","","","","","","","","","UGP2014NAM-OT03-02639","","","","3","2","1","3","6","1","3","2","9","3","1.44","0.03","2","9","1","4","5","3","1.65","1.47","3.47","12","0.16","0.01","0.1225","6","4","4.5","3","0.735","0.49","1","0.666666667","75","42.36311239","66.66666667","16","16.33333333","22.22222222","38.55555556","24","24.5","33.33333333","57.83333333"
"","","UGP2014NAM-OT03","","","","","","","","","UGP2014NAM-OT03-02640","","","","3","2","1","2","5","1","3","2","0","0","0","0","2.2","","","","","","","0","2.2","0","","","","0","0","0","0","0","0","1.1","0.733333333","","0","66.66666667","0","0","24.44444444","24.44444444","0","0","36.66666667","36.66666667"
"","","UGP2014NAM-OT03","","","","","","","","","UGP2014NAM-OT03-02641","","","","3","2","2","3","5","1","2","2","5","3","0.64","0.06","1.7","6","1","2","5","3","7.76","0.7","2.4","8","0.128","0.02","0.0875","4","2.666666667","2.5","1.666666667","0.35","0.233333333","0.85","0.566666667","62.5","29.16666667","66.66666667","7.111111111","7.777777778","18.88888889","26.66666667","10.66666667","11.66666667","28.33333333","40"
"","","UGP2014NAM-OT03","","","","","","","","","UGP2014NAM-OT03-02642","","","","3","1","1","2","6","1","2","1","0","0","0","0","1","","","","","","","0","1","0","","","","0","0","0","0","0","0","1","0.333333333","","0","33.33333333","0","0","11.11111111","11.11111111","0","0","33.33333333","33.33333333"
"","","UGP2014NAM-OT03","","","","","","","","","UGP2014NAM-OT03-02643","","","","3","3","2","2","6","1","2","1","0","0","0","0","1","","","","","","","0","1","0","","","","0","0","0","0","0","0","1","0.333333333","","0","33.33333333","0","0","11.11111111","11.11111111","0","0","33.33333333","33.33333333"
"","","UGP2014NAM-OT03","","","","","","","","","UGP2014NAM-OT03-02644","","","","3","2","1","2","8","1","2","2","12","0","3","0","3.2","9","1","1","9","3","0","3","6.2","12","0.25","","0.25","6","4","6","4","1.5","1","1.6","1.066666667","100","48.38709677","66.66666667","33.33333333","33.33333333","35.55555556","68.88888889","50","50","53.33333333","103.3333333"
"","","UGP2014NAM-OT03","","","","","","","","","UGP2014NAM-OT03-02645","","","","3","3","2","3","6","2","3","1","1","1","0.08","0.04","2.5","2","1","1","2","7","0","0.12","2.62","2","0.08","0.04","0.06","2","0.666666667","1","0.333333333","0.12","0.04","2.5","0.833333333","50","4.580152672","33.33333333","0.888888889","1.333333333","27.77777778","29.11111111","2.666666667","4","83.33333333","87.33333333"
"","","UGP2014NAM-OT03","","","","","","","","","UGP2014NAM-OT03-02646","","","","3","2","3","2","7","1","2","2","0","0","0","0","2.2","","","","","","","0","2.2","0","","","","0","0","0","0","0","0","1.1","0.733333333","","0","66.66666667","0","0","24.44444444","24.44444444","0","0","36.66666667","36.66666667"
"","","UGP2014NAM-OT03","","","","","","","","","UGP2014NAM-OT03-02647","","","","3","1","1","2","6","1","2","1","4","1","0.18","0.04","1","2","1","1","3","7","0.12","0.22","1.22","5","0.045","0.04","0.044","5","1.666666667","4","1.333333333","0.22","0.073333333","1","0.333333333","80","18.03278689","33.33333333","2","2.444444444","11.11111111","13.55555556","6","7.333333333","33.33333333","40.66666667"
"","","UGP2014NAM-OT03","","","","","","","","","UGP2014NAM-OT03-02648","","","","3","1","1","2","6","1","2","1","1","0","0.1","0","2.7","2","1","1","2","7","0","0.1","2.8","1","0.1","","0.1","1","0.333333333","1","0.333333333","0.1","0.033333333","2.7","0.9","100","3.571428571","33.33333333","1.111111111","1.111111111","30","31.11111111","3.333333333","3.333333333","90","93.33333333"
"","","UGP2014NAM-OT03","","","","","","","","","UGP2014NAM-OT03-02649","","","","3","2","2","4","9","1","3","2","22","11","3","0.16","4","9","1","1","3","3","0.15","3.16","7.16","33","0.136363636","0.014545455","0.095757576","16.5","11","11","7.333333333","1.58","1.053333333","2","1.333333333","66.66666667","44.13407821","66.66666667","33.33333333","35.11111111","44.44444444","79.55555556","50","52.66666667","66.66666667","119.3333333"
"","","UGP2014NAM-OT03","","","","","","","","","UGP2014NAM-OT03-02650","","","","3","2","2","2","8","1","2","2","5","2","0.6","0.03","2","9","1","1","2","5","0","0.63","2.63","7","0.12","0.015","0.09","3.5","2.333333333","2.5","1.666666667","0.315","0.21","1","0.666666667","71.42857143","23.95437262","66.66666667","6.666666667","7","22.22222222","29.22222222","10","10.5","33.33333333","43.83333333"
"","","UGP2014NAM-OT03","","","","","","","","","UGP2014NAM-OT03-02651","","","","3","0","","","","","","0","0","0","0","0","0","","","","","","","0","0","0","","","","","0","","0","","0","","0","","","0","0","0","0","0","","","",""
"","","UGP2014NAM-OT03","","","","","","","","","UGP2014NAM-OT03-02652","","","","3","2","1","2","5","2","4","2","0","4","0","0.06","1.5","2","1","1","9","9","0","0.06","1.56","4","","0.015","0.015","2","1.333333333","0","0","0.03","0.02","0.75","0.5","0","3.846153846","66.66666667","0","0.666666667","16.66666667","17.33333333","0","1","25","26"
"","","UGP2014NAM-OT03","","","","","","","","","UGP2014NAM-OT03-02653","","","","3","3","1","6","8","1","3","1","0","0","0","0","4.5","","","","","","","0","4.5","0","","","","0","0","0","0","0","0","4.5","1.5","","0","33.33333333","0","0","50","50","0","0","150","150"
"","","UGP2014NAM-OT03","","","","","","","","","UGP2014NAM-OT03-02654","","","","3","1","1","2","7","1","2","1","0","0","0","0","1.2","","","","","","","0","1.2","0","","","","0","0","0","0","0","0","1.2","0.4","","0","33.33333333","0","0","13.33333333","13.33333333","0","0","40","40"
"","","UGP2014NAM-OT03","","","","","","","","","UGP2014NAM-OT03-02655","","","","3","1","1","2","6","1","3","1","0","0","0","0","0.2","","","","","","","0","0.2","0","","","","0","0","0","0","0","0","0.2","0.066666667","","0","33.33333333","0","0","2.222222222","2.222222222","0","0","6.666666667","6.666666667"
"","","UGP2014NAM-OT03","","","","","","","","","UGP2014NAM-OT03-02656","","","","3","1","1","2","8","1","2","1","3","2","0.7","0.01","1.3","9","1","1","3","3","4.61","0.71","2.01","5","0.233333333","0.005","0.142","5","1.666666667","3","1","0.71","0.236666667","1.3","0.433333333","60","35.32338308","33.33333333","7.777777778","7.888888889","14.44444444","22.33333333","23.33333333","23.66666667","43.33333333","67"
"","","UGP2014NAM-OT03","","","","","","","","","UGP2014NAM-OT03-02657","","","","3","0","","","","","","0","0","0","0","0","0","","","","","","","0","0","0","","","","","0","","0","","0","","0","","","0","0","0","0","0","","","",""
"","","UGP2014NAM-OT03","","","","","","","","","UGP2014NAM-OT03-02658","","","","3","2","1","4","7","2","3","2","4","0","0.7","0","0.2","9","2","2","4","3","3.03","0.7","0.9","4","0.175","","0.175","2","1.333333333","2","1.333333333","0.35","0.233333333","0.1","0.066666667","100","77.77777778","66.66666667","7.777777778","7.777777778","2.222222222","10","11.66666667","11.66666667","3.333333333","15"
"","","UGP2014NAM-OT03","","","","","","","","","UGP2014NAM-OT03-02659","","","","3","1","1","3","7","1","3","1","0","1","0","0.04","0.7","9","1","1","3","9","3.03","0.04","0.74","1","","0.04","0.04","1","0.333333333","0","0","0.04","0.013333333","0.7","0.233333333","0","5.405405405","33.33333333","0","0.444444444","7.777777778","8.222222222","0","1.333333333","23.33333333","24.66666667"
"","","UGP2014NAM-OT03","","","","","","","","","UGP2014NAM-OT03-02660","","","","3","2","1","4","8","1","2","2","3","5","0.2","0.1","4.4","2","1","1","7","7","0.12","0.3","4.7","8","0.066666667","0.02","0.0375","4","2.666666667","1.5","1","0.15","0.1","2.2","1.466666667","37.5","6.382978723","66.66666667","2.222222222","3.333333333","48.88888889","52.22222222","3.333333333","5","73.33333333","78.33333333"
"","","UGP2014NAM-OT03","","","","","","","","","UGP2014NAM-OT03-02661","","","","3","","2","2","4","1","3","0","0","0","0","0","0","","","","","","","0","0","0","","","","","0","","0","","0","","0","","","0","0","0","0","0","","","",""
"","","UGP2014NAM-OT03","","","","","","","","","UGP2014NAM-OT03-02662","","","","3","0","","","","","","0","0","0","0","0","0","","","","","","","0","0","0","","","","","0","","0","","0","","0","","","0","0","0","0","0","","","",""
"","","UGP2014NAM-OT03","","","","","","","","","UGP2014NAM-OT03-02663","","","","3","3","2","2","7","1","2","1","3","4","0.5","0.04","1.4","2","1","1","5","3","0","0.54","1.94","7","0.166666667","0.01","0.077142857","7","2.333333333","3","1","0.54","0.18","1.4","0.466666667","42.85714286","27.83505155","33.33333333","5.555555556","6","15.55555556","21.55555556","16.66666667","18","46.66666667","64.66666667"
"","","UGP2014NAM-OT03","","","","","","","","","UGP2014NAM-OT03-02664","","","","3","2","2","4","7","1","3","2","4","6","0.3","0.08","1","2","1","1","2","5","0","0.38","1.38","10","0.075","0.013333333","0.038","5","3.333333333","2","1.333333333","0.19","0.126666667","0.5","0.333333333","40","27.53623188","66.66666667","3.333333333","4.222222222","11.11111111","15.33333333","5","6.333333333","16.66666667","23"
"","","UGP2014NAM-OT03","","","","","","","","","UGP2014NAM-OT03-02665","","","","3","3","2","2","7","1","2","3","0","0","0","0","3","","","","","","","0","3","0","","","","0","0","0","0","0","0","1","1","","0","100","0","0","33.33333333","33.33333333","0","0","33.33333333","33.33333333"
"","","UGP2014NAM-OT03","","","","","","","","","UGP2014NAM-OT03-02666","","","","3","0","","","","","","0","0","0","0","0","0","","","","","","","0","0","0","","","","","0","","0","","0","","0","","","0","0","0","0","0","","","",""
"","","UGP2014NAM-OT03","","","","","","","","","UGP2014NAM-OT03-02667","","","","3","2","2","4","7","1","2","2","6","6","0.3","0.12","0.9","9","1","1","5","7","4.41","0.42","1.32","12","0.05","0.02","0.035","6","4","3","2","0.21","0.14","0.45","0.3","50","31.81818182","66.66666667","3.333333333","4.666666667","10","14.66666667","5","7","15","22"
"","","UGP2014NAM-OT03","","","","","","","","","UGP2014NAM-OT03-02668","","","","3","3","2","2","5","1","2","1","3","2","0.48","0.04","1.2","9","1","1","3","5","0.02","0.52","1.72","5","0.16","0.02","0.104","5","1.666666667","3","1","0.52","0.173333333","1.2","0.4","60","30.23255814","33.33333333","5.333333333","5.777777778","13.33333333","19.11111111","16","17.33333333","40","57.33333333"
"","","UGP2014NAM-OT03","","","","","","","","","UGP2014NAM-OT03-02669","","","","3","2","2","2","8","1","2","2","5","0","1","0","5.5","2","1","1","1","1","0","1","6.5","5","0.2","","0.2","2.5","1.666666667","2.5","1.666666667","0.5","0.333333333","2.75","1.833333333","100","15.38461538","66.66666667","11.11111111","11.11111111","61.11111111","72.22222222","16.66666667","16.66666667","91.66666667","108.3333333"
"","","UGP2014NAM-OT03","","","","","","","","","UGP2014NAM-OT03-02670","","","","3","2","1","3","8","1","2","2","1","0","0.2","0","3","2","1","1","1","3","0.15","0.2","3.2","1","0.2","","0.2","0.5","0.333333333","0.5","0.333333333","0.1","0.066666667","1.5","1","100","6.25","66.66666667","2.222222222","2.222222222","33.33333333","35.55555556","3.333333333","3.333333333","50","53.33333333"
"","","UGP2014NAM-OT03","","","","","","","","","UGP2014NAM-OT03-02671","","","","3","2","1","4","8","3","5","2","0","0","0","0","6.8","","","","","","","0","6.8","0","","","","0","0","0","0","0","0","3.4","2.266666667","","0","66.66666667","0","0","75.55555556","75.55555556","0","0","113.3333333","113.3333333"
"","","UGP2014NAM-OT03","","","","","","","","","UGP2014NAM-OT03-02672","","","","3","2","3","6","7","1","3","2","0","0","0","0","3.5","","","","","","","0","3.5","0","","","","0","0","0","0","0","0","1.75","1.166666667","","0","66.66666667","0","0","38.88888889","38.88888889","0","0","58.33333333","58.33333333"
"","","UGP2014NAM-OT03","","","","","","","","","UGP2014NAM-OT03-02673","","","","3","3","2","2","7","1","3","2","1","0","0.12","0","4.2","2","2","2","4","5","4.61","0.12","4.32","1","0.12","","0.12","0.5","0.333333333","0.5","0.333333333","0.06","0.04","2.1","1.4","100","2.777777778","66.66666667","1.333333333","1.333333333","46.66666667","48","2","2","70","72"
"","","UGP2014NAM-OT03","","","","","","","","","UGP2014NAM-OT03-02674","","","","3","3","2","2","5","2","3","2","0","0","0","0","12","","","","","","","0","12","0","","","","0","0","0","0","0","0","6","4","","0","66.66666667","0","0","133.3333333","133.3333333","0","0","200","200"
"","","UGP2014NAM-OT03","","","","","","","","","UGP2014NAM-OT03-02675","","","","3","0","","","","","","0","0","0","0","0","0","","","","","","","0","0","0","","","","","0","","0","","0","","0","","","0","0","0","0","0","","","",""
"","","UGP2014NAM-OT03","","","","","","","","","UGP2014NAM-OT03-02676","","","","3","3","2","6","8","1","2","3","0","0","0","0","7.5","","","","","","","0","7.5","0","","","","0","0","0","0","0","0","2.5","2.5","","0","100","0","0","83.33333333","83.33333333","0","0","83.33333333","83.33333333"
"","","UGP2014NAM-OT03","","","","","","","","","UGP2014NAM-OT03-02677","","","","3","2","1","4","6","2","4","1","2","0","0.26","0","","9","1","1","3","3","0","0.26","","2","0.13","","0.13","2","0.666666667","2","0.666666667","0.26","0.086666667","","","100","","33.33333333","2.888888889","2.888888889","","","8.666666667","8.666666667","",""
"","","UGP2014NAM-OT03","","","","","","","","","UGP2014NAM-OT03-02678","","","","3","2","3","6","7","2","3","2","22","6","2.5","0.16","3.8","6","1","1","5","5","4.92","2.66","6.46","28","0.113636364","0.026666667","0.095","14","9.333333333","11","7.333333333","1.33","0.886666667","1.9","1.266666667","78.57142857","41.17647059","66.66666667","27.77777778","29.55555556","42.22222222","71.77777778","41.66666667","44.33333333","63.33333333","107.6666667"
"","","UGP2014NAM-OT03","","","","","","","","","UGP2014NAM-OT03-02679","","","","3","3","3","6","8","1","3","3","3","5","0.4","0.12","5","8","1","1","2","8","0","0.52","5.52","8","0.133333333","0.024","0.065","2.666666667","2.666666667","1","1","0.173333333","0.173333333","1.666666667","1.666666667","37.5","9.420289855","100","4.444444444","5.777777778","55.55555556","61.33333333","4.444444444","5.777777778","55.55555556","61.33333333"
"","","UGP2014NAM-OT03","","","","","","","","","UGP2014NAM-OT03-02680","","","","3","0","","","","","","0","0","0","0","0","0","","","","","","","0","0","0","","","","","0","","0","","0","","0","","","0","0","0","0","0","","","",""
"","","UGP2014NAM-OT03","","","","","","","","","UGP2014NAM-OT03-02681","","","","3","3","1","3","7","1","2","1","3","0","0.56","0","6.5","9","1","1","2","3","4.61","0.56","7.06","3","0.186666667","","0.186666667","3","1","3","1","0.56","0.186666667","6.5","2.166666667","100","7.932011331","33.33333333","6.222222222","6.222222222","72.22222222","78.44444444","18.66666667","18.66666667","216.6666667","235.3333333"
"","","UGP2014NAM-OT03","","","","","","","","","UGP2014NAM-OT03-02682","","","","3","2","1","2","7","1","6","2","4","0","0.68","0","1.5","9","1","1","5","8","3.96","0.68","2.18","4","0.17","","0.17","2","1.333333333","2","1.333333333","0.34","0.226666667","0.75","0.5","100","31.19266055","66.66666667","7.555555556","7.555555556","16.66666667","24.22222222","11.33333333","11.33333333","25","36.33333333"
"","","UGP2014NAM-OT03","","","","","","","","","UGP2014NAM-OT03-02683","","","","3","2","1","2","8","1","2","2","8","6","1.08","0.1","5.5","9","1","1","7","3","1.74","1.18","6.68","14","0.135","0.016666667","0.084285714","7","4.666666667","4","2.666666667","0.59","0.393333333","2.75","1.833333333","57.14285714","17.66467066","66.66666667","12","13.11111111","61.11111111","74.22222222","18","19.66666667","91.66666667","111.3333333"
"","","UGP2014NAM-OT03","","","","","","","","","UGP2014NAM-OT03-02684","","","","3","2","3","6","7","1","2","2","7","4","0.56","0.1","3","6","2","2","6","5","0","0.66","3.66","11","0.08","0.025","0.06","5.5","3.666666667","3.5","2.333333333","0.33","0.22","1.5","1","63.63636364","18.03278689","66.66666667","6.222222222","7.333333333","33.33333333","40.66666667","9.333333333","11","50","61"
"","","UGP2014NAM-OT03","","","","","","","","","UGP2014NAM-OT03-02685","","","","3","2","1","2","8","1","2","1","3","4","0.3","0.1","1.5","2","1","1","9","5","0","0.4","1.9","7","0.1","0.025","0.057142857","7","2.333333333","3","1","0.4","0.133333333","1.5","0.5","42.85714286","21.05263158","33.33333333","3.333333333","4.444444444","16.66666667","21.11111111","10","13.33333333","50","63.33333333"
"","","UGP2014NAM-OT03","","","","","","","","","UGP2014NAM-OT03-02686","","","","3","0","","","","","","0","0","0","0","0","0","","","","","","","0","0","0","","","","","0","","0","","0","","0","","","0","0","0","0","0","","","",""
"","","UGP2014NAM-OT03","","","","","","","","","UGP2014NAM-OT03-02687","","","","3","0","","","","","","0","0","0","0","0","0","","","","","","","0","0","0","","","","","0","","0","","0","","0","","","0","0","0","0","0","","","",""
"","","UGP2014NAM-OT03","","","","","","","","","UGP2014NAM-OT03-02688","","","","3","1","2","2","8","1","2","1","5","2","0.9","0.03","4.7","6","2","1","5","3","7.76","0.93","5.63","7","0.18","0.015","0.132857143","7","2.333333333","5","1.666666667","0.93","0.31","4.7","1.566666667","71.42857143","16.51865009","33.33333333","10","10.33333333","52.22222222","62.55555556","30","31","156.6666667","187.6666667"
"","","UGP2014NAM-OT03","","","","","","","","","UGP2014NAM-OT03-02689","","","","3","1","1","3","7","1","2","1","2","","0.4","0.12","1.2","9","1","1","9","5","1.65","0.52","1.72","","0.2","","","","","2","0.666666667","0.52","0.173333333","1.2","0.4","","30.23255814","33.33333333","4.444444444","5.777777778","13.33333333","19.11111111","13.33333333","17.33333333","40","57.33333333"
"","","UGP2014NAM-OT03","","","","","","","","","UGP2014NAM-OT03-02690","","","","3","2","1","3","7","1","3","2","2","0","0.36","0","4.2","9","1","1","8","5","0.12","0.36","4.56","2","0.18","","0.18","1","0.666666667","1","0.666666667","0.18","0.12","2.1","1.4","100","7.894736842","66.66666667","4","4","46.66666667","50.66666667","6","6","70","76"
"","","UGP2014NAM-OT03","","","","","","","","","UGP2014NAM-OT03-02691","","","","3","2","1","2","6","1","3","2","0","0","0","0","1.2","","","","","","","0","1.2","0","","","","0","0","0","0","0","0","0.6","0.4","","0","66.66666667","0","0","13.33333333","13.33333333","0","0","20","20"
"","","UGP2014NAM-OT03","","","","","","","","","UGP2014NAM-OT03-02692","","","","3","1","1","2","6","1","3","1","0","0","0","0","1","","","","","","","0","1","0","","","","0","0","0","0","0","0","1","0.333333333","","0","33.33333333","0","0","11.11111111","11.11111111","0","0","33.33333333","33.33333333"
"","","UGP2014NAM-OT03","","","","","","","","","UGP2014NAM-OT03-02693","","","","3","2","2","3","8","1","3","2","4","13","0.4","0.12","2.5","2","1","1","3","5","0","0.52","3.02","17","0.1","0.009230769","0.030588235","8.5","5.666666667","2","1.333333333","0.26","0.173333333","1.25","0.833333333","23.52941176","17.21854305","66.66666667","4.444444444","5.777777778","27.77777778","33.55555556","6.666666667","8.666666667","41.66666667","50.33333333"
"","","UGP2014NAM-OT03","","","","","","","","","UGP2014NAM-OT03-02694","","","","3","0","","","","","","0","0","0","0","0","0","","","","","","","0","0","0","","","","","0","","0","","0","","0","","","0","0","0","0","0","","","",""
"","","UGP2014NAM-OT03","","","","","","","","","UGP2014NAM-OT03-02695","","","","3","2","2","2","9","1","2","2","0","0","0","0","15.5","","","","","","","0","15.5","0","","","","0","0","0","0","0","0","7.75","5.166666667","","0","66.66666667","0","0","172.2222222","172.2222222","0","0","258.3333333","258.3333333"
"","","UGP2014NAM-OT03","","","","","","","","","UGP2014NAM-OT03-02696","","","","3","2","2","6","9","1","2","2","0","0","0","0","5","","","","","","","0","5","0","","","","0","0","0","0","0","0","2.5","1.666666667","","0","66.66666667","0","0","55.55555556","55.55555556","0","0","83.33333333","83.33333333"
"","","UGP2014NAM-OT03","","","","","","","","","UGP2014NAM-OT03-02697","","","","3","2","2","3","7","1","3","2","0","0","0","0","1.5","","","","","","","0","1.5","0","","","","0","0","0","0","0","0","0.75","0.5","","0","66.66666667","0","0","16.66666667","16.66666667","0","0","25","25"
"","","UGP2014NAM-OT03","","","","","","","","","UGP2014NAM-OT03-02698","","","","3","3","2","2","9","1","3","1","0","1","0","0.06","5.5","2","1","9","9","9","0","0.06","5.56","1","","0.06","0.06","1","0.333333333","0","0","0.06","0.02","5.5","1.833333333","0","1.079136691","33.33333333","0","0.666666667","61.11111111","61.77777778","0","2","183.3333333","185.3333333"
"","","UGP2014NAM-OT03","","","","","","","","","UGP2014NAM-OT03-02699","","","","3","2","2","3","9","1","3","2","0","0","0","0","4.6","","","","","","","0","4.6","0","","","","0","0","0","0","0","0","2.3","1.533333333","","0","66.66666667","0","0","51.11111111","51.11111111","0","0","76.66666667","76.66666667"
"","","UGP2014NAM-OT03","","","","","","","","","UGP2014NAM-OT03-02700","","","","3","2","1","2","7","1","2","2","2","3","0.7","0.12","2","9","1","1","5","1","4.41","0.82","2.82","5","0.35","0.04","0.164","2.5","1.666666667","1","0.666666667","0.41","0.273333333","1","0.666666667","40","29.07801418","66.66666667","7.777777778","9.111111111","22.22222222","31.33333333","11.66666667","13.66666667","33.33333333","47"
"","","UGP2014NAM-OT03","","","","","","","","","UGP2014NAM-OT03-02701","","","","3","2","2","3","7","2","3","2","5","0","1.2","0","0.5","2","3","3","3","1","0.12","1.2","1.7","5","0.24","","0.24","2.5","1.666666667","2.5","1.666666667","0.6","0.4","0.25","0.166666667","100","70.58823529","66.66666667","13.33333333","13.33333333","5.555555556","18.88888889","20","20","8.333333333","28.33333333"
"","","UGP2014NAM-OT03","","","","","","","","","UGP2014NAM-OT03-02702","","","","3","2","1","2","6","1","2","1","3","4","0.4","0.12","1.5","9","1","1","2","5","1.76","0.52","2.02","7","0.133333333","0.03","0.074285714","7","2.333333333","3","1","0.52","0.173333333","1.5","0.5","42.85714286","25.74257426","33.33333333","4.444444444","5.777777778","16.66666667","22.44444444","13.33333333","17.33333333","50","67.33333333"
"","","UGP2014NAM-OT03","","","","","","","","","UGP2014NAM-OT03-02703","","","","3","2","1","3","8","1","2","2","3","2","0.24","","4.5","6","1","1","3","7","5.46","","","5","0.08","","","2.5","1.666666667","1.5","1","","","2.25","1.5","60","","66.66666667","2.666666667","","50","","4","","75",""
"","","UGP2014NAM-OT03","","","","","","","","","UGP2014NAM-OT03-02704","","","","3","3","1","3","7","1","3","3","4","4","0.72","0.06","6","2","1","1","6","3","0","0.78","6.78","8","0.18","0.015","0.0975","2.666666667","2.666666667","1.333333333","1.333333333","0.26","0.26","2","2","50","11.50442478","100","8","8.666666667","66.66666667","75.33333333","8","8.666666667","66.66666667","75.33333333"
"","","UGP2014NAM-OT03","","","","","","","","","UGP2014NAM-OT03-02705","","","","3","2","1","2","9","1","2","2","20","10","3","0.03","3.6","2","1","1","2","3","0.12","3.03","6.63","30","0.15","0.003","0.101","15","10","10","6.666666667","1.515","1.01","1.8","1.2","66.66666667","45.70135747","66.66666667","33.33333333","33.66666667","40","73.66666667","50","50.5","60","110.5"
"","","UGP2014NAM-OT03","","","","","","","","","UGP2014NAM-OT03-02706","","","","3","2","3","6","8","1","3","2","8","13","0.64","0.24","3.2","2","1","1","6","5","0.02","0.88","4.08","21","0.08","0.018461538","0.041904762","10.5","7","4","2.666666667","0.44","0.293333333","1.6","1.066666667","38.0952381","21.56862745","66.66666667","7.111111111","9.777777778","35.55555556","45.33333333","10.66666667","14.66666667","53.33333333","68"
"","","UGP2014NAM-OT03","","","","","","","","","UGP2014NAM-OT03-02707","","","","3","2","2","4","7","1","3","2","0","0","0","0","1","","","","","","","0","1","0","","","","0","0","0","0","0","0","0.5","0.333333333","","0","66.66666667","0","0","11.11111111","11.11111111","0","0","16.66666667","16.66666667"
"","","UGP2014NAM-OT03","","","","","","","","","UGP2014NAM-OT03-02708","","","","3","0","","","","","","0","0","0","0","0","0","","","","","","","0","0","0","","","","","0","","0","","0","","0","","","0","0","0","0","0","","","",""
"","","UGP2014NAM-OT03","","","","","","","","","UGP2014NAM-OT03-02709","","","","3","2","3","6","8","2","3","2","1","0","0.1","0","4.3","8","1","1","6","5","0","0.1","4.4","1","0.1","","0.1","0.5","0.333333333","0.5","0.333333333","0.05","0.033333333","2.15","1.433333333","100","2.272727273","66.66666667","1.111111111","1.111111111","47.77777778","48.88888889","1.666666667","1.666666667","71.66666667","73.33333333"
"","","UGP2014NAM-OT03","","","","","","","","","UGP2014NAM-OT03-02710","","","","3","1","1","2","8","1","2","1","6","2","0.64","","4.2","9","1","1","9","3","0.15","","","8","0.106666667","","","8","2.666666667","6","2","","","4.2","1.4","75","","33.33333333","7.111111111","","46.66666667","","21.33333333","","140",""
"","","UGP2014NAM-OT03","","","","","","","","","UGP2014NAM-OT03-02711","","","","3","2","1","2","7","1","2","2","3","2","0.2","0.05","4","2","1","1","3","7","0","0.25","4.25","5","0.066666667","0.025","0.05","2.5","1.666666667","1.5","1","0.125","0.083333333","2","1.333333333","60","5.882352941","66.66666667","2.222222222","2.777777778","44.44444444","47.22222222","3.333333333","4.166666667","66.66666667","70.83333333"
"","","UGP2014NAM-OT03","","","","","","","","","UGP2014NAM-OT03-02712","","","","3","1","1","2","6","1","2","1","0","0","0","0","0.2","","","","","","","0","0.2","0","","","","0","0","0","0","0","0","0.2","0.066666667","","0","33.33333333","0","0","2.222222222","2.222222222","0","0","6.666666667","6.666666667"
"","","UGP2014NAM-OT03","","","","","","","","","UGP2014NAM-OT03-02713","","","","3","1","3","6","8","1","2","1","0","0","0","0","3","","","","","","","0","3","0","","","","0","0","0","0","0","0","3","1","","0","33.33333333","0","0","33.33333333","33.33333333","0","0","100","100"
"","","UGP2014NAM-OT03","","","","","","","","","UGP2014NAM-OT03-02714","","","","3","2","2","3","9","1","2","2","2","0","0.84","0","12","9","1","1","8","1","0","0.84","12.84","2","0.42","","0.42","1","0.666666667","1","0.666666667","0.42","0.28","6","4","100","6.542056075","66.66666667","9.333333333","9.333333333","133.3333333","142.6666667","14","14","200","214"
"","","UGP2014NAM-OT03","","","","","","","","","UGP2014NAM-OT03-02715","","","","3","1","2","3","9","1","3","1","0","0","0","0","6.5","","","","","","","0","6.5","0","","","","0","0","0","0","0","0","6.5","2.166666667","","0","33.33333333","0","0","72.22222222","72.22222222","0","0","216.6666667","216.6666667"
"","","UGP2014NAM-OT03","","","","","","","","","UGP2014NAM-OT03-02716","","","","3","0","","","","","","0","0","0","0","0","0","","","","","","","0","0","0","","","","","0","","0","","0","","0","","","0","0","0","0","0","","","",""
"","","UGP2014NAM-OT03","","","","","","","","","UGP2014NAM-OT03-02717","","","","3","2","3","4","6","1","2","2","8","6","0.96","0.14","3","6","1","1","5","5","4.61","1.1","4.1","14","0.12","0.023333333","0.078571429","7","4.666666667","4","2.666666667","0.55","0.366666667","1.5","1","57.14285714","26.82926829","66.66666667","10.66666667","12.22222222","33.33333333","45.55555556","16","18.33333333","50","68.33333333"
"","","UGP2014NAM-OT03","","","","","","","","","UGP2014NAM-OT03-02718","","","","3","3","1","2","6","1","2","3","5","14","0.46","0.32","3.2","9","1","1","3","5","0.12","0.78","3.98","19","0.092","0.022857143","0.041052632","6.333333333","6.333333333","1.666666667","1.666666667","0.26","0.26","1.066666667","1.066666667","26.31578947","19.59798995","100","5.111111111","8.666666667","35.55555556","44.22222222","5.111111111","8.666666667","35.55555556","44.22222222"
"","","UGP2014NAM-OT03","","","","","","","","","UGP2014NAM-OT03-02719","","","","3","2","1","2","6","1","2","2","0","0","0","0","4.2","","","","","","","0","4.2","0","","","","0","0","0","0","0","0","2.1","1.4","","0","66.66666667","0","0","46.66666667","46.66666667","0","0","70","70"
"","","UGP2014NAM-OT03","","","","","","","","","UGP2014NAM-OT03-02720","","","","3","2","1","2","6","1","2","2","2","0","1","0","7","2","1","1","4","4","0","1","8","2","0.5","","0.5","1","0.666666667","1","0.666666667","0.5","0.333333333","3.5","2.333333333","100","12.5","66.66666667","11.11111111","11.11111111","77.77777778","88.88888889","16.66666667","16.66666667","116.6666667","133.3333333"
"","","UGP2014NAM-OT03","","","","","","","","","UGP2014NAM-OT03-02721","","","","3","3","1","2","8","1","2","3","0","0","0","0","3.5","","","","","","","0","3.5","0","","","","0","0","0","0","0","0","1.166666667","1.166666667","","0","100","0","0","38.88888889","38.88888889","0","0","38.88888889","38.88888889"
"","","UGP2014NAM-OT03","","","","","","","","","UGP2014NAM-OT03-02722","","","","3","3","2","3","8","1","3","1","0","0","0","0","3.6","","","","","","","0","3.6","0","","","","0","0","0","0","0","0","3.6","1.2","","0","33.33333333","0","0","40","40","0","0","120","120"
"","","UGP2014NAM-OT03","","","","","","","","","UGP2014NAM-OT03-02723","","","","3","0","","","","","","0","0","0","0","0","0","","","","","","","0","0","0","","","","","0","","0","","0","","0","","","0","0","0","0","0","","","",""
"","","UGP2014NAM-OT03","","","","","","","","","UGP2014NAM-OT03-02724","","","","3","2","1","2","5","1","2","2","2","1","0.44","0.04","2.7","2","1","1","5","5","0.12","0.48","3.18","3","0.22","0.04","0.16","1.5","1","1","0.666666667","0.24","0.16","1.35","0.9","66.66666667","15.09433962","66.66666667","4.888888889","5.333333333","30","35.33333333","7.333333333","8","45","53"
"","","UGP2014NAM-OT03","","","","","","","","","UGP2014NAM-OT03-02725","","","","3","2","1","6","6","1","2","2","2","0","0.4","0","1","2","1","1","4","4","0.12","0.4","1.4","2","0.2","","0.2","1","0.666666667","1","0.666666667","0.2","0.133333333","0.5","0.333333333","100","28.57142857","66.66666667","4.444444444","4.444444444","11.11111111","15.55555556","6.666666667","6.666666667","16.66666667","23.33333333"
"","","UGP2014NAM-OT03","","","","","","","","","UGP2014NAM-OT03-02726","","","","3","0","","","","","","0","0","0","0","0","0","","","","","","","0","0","0","","","","","0","","0","","0","","0","","","0","0","0","0","0","","","",""
"","","UGP2014NAM-OT03","","","","","","","","","UGP2014NAM-OT03-02727","","","","3","1","1","3","7","1","2","1","1","0","0.4","0","2.5","8","2","2","1","1","0.12","0.4","2.9","1","0.4","","0.4","1","0.333333333","1","0.333333333","0.4","0.133333333","2.5","0.833333333","100","13.79310345","33.33333333","4.444444444","4.444444444","27.77777778","32.22222222","13.33333333","13.33333333","83.33333333","96.66666667"
"","","UGP2014NAM-OT03","","","","","","","","","UGP2014NAM-OT03-02728","","","","3","1","1","2","6","2","3","1","4","3","0.4","0.1","2","9","1","1","2","2","0","0.5","2.5","7","0.1","0.033333333","0.071428571","7","2.333333333","4","1.333333333","0.5","0.166666667","2","0.666666667","57.14285714","20","33.33333333","4.444444444","5.555555556","22.22222222","27.77777778","13.33333333","16.66666667","66.66666667","83.33333333"
"","","UGP2014NAM-OT03","","","","","","","","","UGP2014NAM-OT03-02729","","","","3","2","1","2","8","1","2","2","0","0","0","0","3","","","","","","","0","3","0","","","","0","0","0","0","0","0","1.5","1","","0","66.66666667","0","0","33.33333333","33.33333333","0","0","50","50"
"","","UGP2014NAM-OT03","","","","","","","","","UGP2014NAM-OT03-02730","","","","3","2","1","2","6","1","2","2","4","0","1.28","0","1","2","1","1","5","5","0","1.28","2.28","4","0.32","","0.32","2","1.333333333","2","1.333333333","0.64","0.426666667","0.5","0.333333333","100","56.14035088","66.66666667","14.22222222","14.22222222","11.11111111","25.33333333","21.33333333","21.33333333","16.66666667","38"
"","","UGP2014NAM-OT03","","","","","","","","","UGP2014NAM-OT03-02731","","","","3","2","1","2","7","1","2","2","4","7","0.5","0.16","2","9","1","1","9","9","4.41","0.66","2.66","11","0.125","0.022857143","0.06","5.5","3.666666667","2","1.333333333","0.33","0.22","1","0.666666667","36.36363636","24.81203008","66.66666667","5.555555556","7.333333333","22.22222222","29.55555556","8.333333333","11","33.33333333","44.33333333"
"","","UGP2014NAM-OT03","","","","","","","","","UGP2014NAM-OT03-02732","","","","3","2","1","3","8","1","2","2","7","12","0.76","0.16","2.5","9","1","1","2","2","7.76","0.92","3.42","19","0.108571429","0.013333333","0.048421053","9.5","6.333333333","3.5","2.333333333","0.46","0.306666667","1.25","0.833333333","36.84210526","26.9005848","66.66666667","8.444444444","10.22222222","27.77777778","38","12.66666667","15.33333333","41.66666667","57"
"","","UGP2014NAM-OT03","","","","","","","","","UGP2014NAM-OT03-02733","","","","3","3","2","2","9","1","2","3","6","10","0.28","0.2","3.2","2","1","1","3","3","0.15","0.48","3.68","16","0.046666667","0.02","0.03","5.333333333","5.333333333","2","2","0.16","0.16","1.066666667","1.066666667","37.5","13.04347826","100","3.111111111","5.333333333","35.55555556","40.88888889","3.111111111","5.333333333","35.55555556","40.88888889"
"","","UGP2014NAM-OT03","","","","","","","","","UGP2014NAM-OT03-02734","","","","3","0","","","","","","0","0","0","0","0","0","","","","","","","0","0","0","","","","","0","","0","","0","","0","","","0","0","0","0","0","","","",""
"","","UGP2014NAM-OT03","","","","","","","","","UGP2014NAM-OT03-02735","","","","3","2","2","2","7","2","3","2","1","0","0.56","0","4.2","9","1","1","1","1","0.02","0.56","4.76","1","0.56","","0.56","0.5","0.333333333","0.5","0.333333333","0.28","0.186666667","2.1","1.4","100","11.76470588","66.66666667","6.222222222","6.222222222","46.66666667","52.88888889","9.333333333","9.333333333","70","79.33333333"
"","","UGP2014NAM-OT03","","","","","","","","","UGP2014NAM-OT03-02736","","","","3","0","","","","","","0","0","0","0","0","0","","","","","","","0","0","0","","","","","0","","0","","0","","0","","","0","0","0","0","0","","","",""
"","","UGP2014NAM-OT03","","","","","","","","","UGP2014NAM-OT03-02737","","","","3","3","1","6","8","2","3","3","0","0","0","0","6.5","","","","","","","0","6.5","0","","","","0","0","0","0","0","0","2.166666667","2.166666667","","0","100","0","0","72.22222222","72.22222222","0","0","72.22222222","72.22222222"
"","","UGP2014NAM-OT03","","","","","","","","","UGP2014NAM-OT03-02738","","","","3","2","1","2","7","1","2","2","2","0","0.4","0","4","2","1","1","4","3","0.12","0.4","4.4","2","0.2","","0.2","1","0.666666667","1","0.666666667","0.2","0.133333333","2","1.333333333","100","9.090909091","66.66666667","4.444444444","4.444444444","44.44444444","48.88888889","6.666666667","6.666666667","66.66666667","73.33333333"
"","","UGP2014NAM-OT03","","","","","","","","","UGP2014NAM-OT03-02739","","","","3","3","1","2","9","1","2","3","2","2","0.16","0.04","2.8","2","1","1","8","7","0.02","0.2","3","4","0.08","0.02","0.05","1.333333333","1.333333333","0.666666667","0.666666667","0.066666667","0.066666667","0.933333333","0.933333333","50","6.666666667","100","1.777777778","2.222222222","31.11111111","33.33333333","1.777777778","2.222222222","31.11111111","33.33333333"
"","","UGP2014NAM-OT03","","","","","","","","","UGP2014NAM-OT03-02740","","","","3","2","1","4","9","1","3","2","","5","0.2","0.1","4","9","1","1","8","5","0.02","0.3","4.3","","","0.02","","","","","","0.15","0.1","2","1.333333333","","6.976744186","66.66666667","2.222222222","3.333333333","44.44444444","47.77777778","3.333333333","5","66.66666667","71.66666667"
"","","UGP2014NAM-OT03","","","","","","","","","UGP2014NAM-OT03-02741","","","","3","2","1","2","6","1","2","2","0","0","0","0","2.8","","","","","","","0","2.8","0","","","","0","0","0","0","0","0","1.4","0.933333333","","0","66.66666667","0","0","31.11111111","31.11111111","0","0","46.66666667","46.66666667"
"","","UGP2014NAM-OT03","","","","","","","","","UGP2014NAM-OT03-02742","","","","3","3","1","2","5","2","3","1","0","2","0","0.06","1","2","1","1","1","9","4.61","0.06","1.06","2","","0.03","0.03","2","0.666666667","0","0","0.06","0.02","1","0.333333333","0","5.660377358","33.33333333","0","0.666666667","11.11111111","11.77777778","0","2","33.33333333","35.33333333"
"","","UGP2014NAM-OT03","","","","","","","","","UGP2014NAM-OT03-02743","","","","3","2","1","2","8","1","2","2","0","0","0","0","3","","","","","","","0","3","0","","","","0","0","0","0","0","0","1.5","1","","0","66.66666667","0","0","33.33333333","33.33333333","0","0","50","50"
"","","UGP2014NAM-OT03","","","","","","","","","UGP2014NAM-OT03-02744","","","","3","3","1","2","9","1","2","3","4","0","1.2","0","7.8","9","1","1","1","1","0","1.2","9","4","0.3","","0.3","1.333333333","1.333333333","1.333333333","1.333333333","0.4","0.4","2.6","2.6","100","13.33333333","100","13.33333333","13.33333333","86.66666667","100","13.33333333","13.33333333","86.66666667","100"
"","","UGP2014NAM-OT03","","","","","","","","","UGP2014NAM-OT03-02745","","","","3","3","2","2","6","1","3","1","0","0","0","0","4.5","","","","","","","0","4.5","0","","","","0","0","0","0","0","0","4.5","1.5","","0","33.33333333","0","0","50","50","0","0","150","150"
"","","UGP2014NAM-OT03","","","","","","","","","UGP2014NAM-OT03-02746","","","","3","2","1","2","6","1","2","2","12","5","0.5","0.1","3.7","9","1","1","6","5","0.15","0.6","4.3","17","0.041666667","0.02","0.035294118","8.5","5.666666667","6","4","0.3","0.2","1.85","1.233333333","70.58823529","13.95348837","66.66666667","5.555555556","6.666666667","41.11111111","47.77777778","8.333333333","10","61.66666667","71.66666667"
"","","UGP2014NAM-OT03","","","","","","","","","UGP2014NAM-OT03-02747","","","","3","0","","","","","","0","0","0","0","0","0","","","","","","","0","0","0","","","","","0","","0","","0","","0","","","0","0","0","0","0","","","",""
"","","UGP2014NAM-OT03","","","","","","","","","UGP2014NAM-OT03-02748","","","","3","1","1","3","9","1","2","1","4","1","0.2","0.02","3.1","9","1","1","3","7","5.46","0.22","3.32","5","0.05","0.02","0.044","5","1.666666667","4","1.333333333","0.22","0.073333333","3.1","1.033333333","80","6.626506024","33.33333333","2.222222222","2.444444444","34.44444444","36.88888889","6.666666667","7.333333333","103.3333333","110.6666667"
"","","UGP2014NAM-OT03","","","","","","","","","UGP2014NAM-OT03-02749","","","","3","1","1","2","6","1","2","1","0","0","0","0","0.5","","","","","","","0","0.5","0","","","","0","0","0","0","0","0","0.5","0.166666667","","0","33.33333333","0","0","5.555555556","5.555555556","0","0","16.66666667","16.66666667"
"","","UGP2014NAM-OT03","","","","","","","","","UGP2014NAM-OT03-02750","","","","3","1","1","4","5","2","3","1","0","3","0","0.01","1.5","2","1","1","2","5","0","0.01","1.51","3","","0.003333333","0.003333333","3","1","0","0","0.01","0.003333333","1.5","0.5","0","0.662251656","33.33333333","0","0.111111111","16.66666667","16.77777778","0","0.333333333","50","50.33333333"
"","","UGP2014NAM-OT03","","","","","","","","","UGP2014NAM-OT03-02751","","","","3","2","1","2","7","1","2","2","0","0","0","0","1.8","","","","","","","0","1.8","0","","","","0","0","0","0","0","0","0.9","0.6","","0","66.66666667","0","0","20","20","0","0","30","30"
"","","UGP2014NAM-OT03","","","","","","","","","UGP2014NAM-OT03-02752","","","","3","3","1","2","7","1","3","3","5","7","0.2","0.1","2","9","1","1","2","9","0","0.3","2.3","12","0.04","0.014285714","0.025","4","4","1.666666667","1.666666667","0.1","0.1","0.666666667","0.666666667","41.66666667","13.04347826","100","2.222222222","3.333333333","22.22222222","25.55555556","2.222222222","3.333333333","22.22222222","25.55555556"
"","","UGP2014NAM-OT03","","","","","","","","","UGP2014NAM-OT03-02753","","","","3","1","1","3","6","2","4","1","0","0","0","0","1.5","","","","","","","0","1.5","0","","","","0","0","0","0","0","0","1.5","0.5","","0","33.33333333","0","0","16.66666667","16.66666667","0","0","50","50"
"","","UGP2014NAM-OT03","","","","","","","","","UGP2014NAM-OT03-02754","","","","3","2","1","2","6","1","2","2","3","0","0.8","0","3.5","2","1","1","8","3","1.38","0.8","4.3","3","0.266666667","","0.266666667","1.5","1","1.5","1","0.4","0.266666667","1.75","1.166666667","100","18.60465116","66.66666667","8.888888889","8.888888889","38.88888889","47.77777778","13.33333333","13.33333333","58.33333333","71.66666667"
"","","UGP2014NAM-OT03","","","","","","","","","UGP2014NAM-OT03-02755","","","","3","2","2","2","7","1","2","2","2","0","0.84","0","1","2","1","1","6","1","3.96","0.84","1.84","2","0.42","","0.42","1","0.666666667","1","0.666666667","0.42","0.28","0.5","0.333333333","100","45.65217391","66.66666667","9.333333333","9.333333333","11.11111111","20.44444444","14","14","16.66666667","30.66666667"
"","","UGP2014NAM-OT03","","","","","","","","","UGP2014NAM-OT03-02756","","","","3","2","2","7","7","2","4","2","0","0","0","0","3","","","","","","","0","3","0","","","","0","0","0","0","0","0","1.5","1","","0","66.66666667","0","0","33.33333333","33.33333333","0","0","50","50"
"","","UGP2014NAM-OT03","","","","","","","","","UGP2014NAM-OT03-02757","","","","3","0","","","","","","0","0","0","0","0","0","","","","","","","0","0","0","","","","","0","","0","","0","","0","","","0","0","0","0","0","","","",""
"","","UGP2014NAM-OT03","","","","","","","","","UGP2014NAM-OT03-02758","","","","3","0","","","","","","0","0","0","0","0","0","","","","","","","0","0","0","","","","","0","","0","","0","","0","","","0","0","0","0","0","","","",""
"","","UGP2014NAM-OT03","","","","","","","","","UGP2014NAM-OT03-02759","","","","3","2","1","4","7","2","3","2","0","0","0","0","1.7","","","","","","","0","1.7","0","","","","0","0","0","0","0","0","0.85","0.566666667","","0","66.66666667","0","0","18.88888889","18.88888889","0","0","28.33333333","28.33333333"
"","","UGP2014NAM-OT03","","","","","","","","","UGP2014NAM-OT03-02760","","","","3","2","1","3","7","2","4","2","11","12","0.7","0.2","3.5","9","1","1","2","5","0","0.9","4.4","23","0.063636364","0.016666667","0.039130435","11.5","7.666666667","5.5","3.666666667","0.45","0.3","1.75","1.166666667","47.82608696","20.45454545","66.66666667","7.777777778","10","38.88888889","48.88888889","11.66666667","15","58.33333333","73.33333333"
"","","UGP2014NAM-OT03","","","","","","","","","UGP2014NAM-OT03-02761","","","","3","2","1","7","6","1","2","2","1","0","0.28","0","2","8","1","1","5","5","0","0.28","2.28","1","0.28","","0.28","0.5","0.333333333","0.5","0.333333333","0.14","0.093333333","1","0.666666667","100","12.28070175","66.66666667","3.111111111","3.111111111","22.22222222","25.33333333","4.666666667","4.666666667","33.33333333","38"
"","","UGP2014NAM-OT03","","","","","","","","","UGP2014NAM-OT03-02762","","","","3","2","","","","","","2","0","0","0","0","4.8","","","","","","","0","4.8","0","","","","0","0","0","0","0","0","2.4","1.6","","0","66.66666667","0","0","53.33333333","53.33333333","0","0","80","80"
"","","UGP2014NAM-OT03","","","","","","","","","UGP2014NAM-OT03-02763","","","","3","2","1","4","6","1","3","2","2","2","0.44","0.05","2.2","9","1","1","3","5","3.96","0.49","2.69","4","0.22","0.025","0.1225","2","1.333333333","1","0.666666667","0.245","0.163333333","1.1","0.733333333","50","18.21561338","66.66666667","4.888888889","5.444444444","24.44444444","29.88888889","7.333333333","8.166666667","36.66666667","44.83333333"
"","","UGP2014NAM-OT03","","","","","","","","","UGP2014NAM-OT03-02764","","","","3","1","2","2","7","1","2","1","7","0","0.4","0","2","9","1","1","3","5","1.38","0.4","2.4","7","0.057142857","","0.057142857","7","2.333333333","7","2.333333333","0.4","0.133333333","2","0.666666667","100","16.66666667","33.33333333","4.444444444","4.444444444","22.22222222","26.66666667","13.33333333","13.33333333","66.66666667","80"
"","","UGP2014NAM-OT03","","","","","","","","","UGP2014NAM-OT03-02765","","","","3","3","2","2","5","1","2","3","5","5","0.56","0.1","4.3","2","1","1","7","7","0","0.66","4.96","10","0.112","0.02","0.066","3.333333333","3.333333333","1.666666667","1.666666667","0.22","0.22","1.433333333","1.433333333","50","13.30645161","100","6.222222222","7.333333333","47.77777778","55.11111111","6.222222222","7.333333333","47.77777778","55.11111111"
"","","UGP2014NAM-OT03","","","","","","","","","UGP2014NAM-OT03-02766","","","","3","3","2","3","6","3","5","3","2","2","0.3","0.05","4.5","9","1","1","9","5","7.76","0.35","4.85","4","0.15","0.025","0.0875","1.333333333","1.333333333","0.666666667","0.666666667","0.116666667","0.116666667","1.5","1.5","50","7.216494845","100","3.333333333","3.888888889","50","53.88888889","3.333333333","3.888888889","50","53.88888889"
"","","UGP2014NAM-OT03","","","","","","","","","UGP2014NAM-OT03-02767","","","","3","2","1","2","5","1","3","2","0","0","0","0","1.5","","","","","","","0","1.5","0","","","","0","0","0","0","0","0","0.75","0.5","","0","66.66666667","0","0","16.66666667","16.66666667","0","0","25","25"
"","","UGP2014NAM-OT03","","","","","","","","","UGP2014NAM-OT03-02768","","","","3","1","2","2","7","1","3","1","3","13","0.58","0.28","4.9","9","1","1","9","5","0","0.86","5.76","16","0.193333333","0.021538462","0.05375","16","5.333333333","3","1","0.86","0.286666667","4.9","1.633333333","18.75","14.93055556","33.33333333","6.444444444","9.555555556","54.44444444","64","19.33333333","28.66666667","163.3333333","192"
"","","UGP2014NAM-OT03","","","","","","","","","UGP2014NAM-OT03-02769","","","","3","2","2","2","8","2","3","2","14","17","2.5","0.2","5","2","1","1","8","5","0.02","2.7","7.7","31","0.178571429","0.011764706","0.087096774","15.5","10.33333333","7","4.666666667","1.35","0.9","2.5","1.666666667","45.16129032","35.06493506","66.66666667","27.77777778","30","55.55555556","85.55555556","41.66666667","45","83.33333333","128.3333333"
"","","UGP2014NAM-OT03","","","","","","","","","UGP2014NAM-OT03-02770","","","","3","2","2","3","8","1","2","2","0","0","0","0","1.5","","","","","","","0","1.5","0","","","","0","0","0","0","0","0","0.75","0.5","","0","66.66666667","0","0","16.66666667","16.66666667","0","0","25","25"
"","","UGP2014NAM-OT03","","","","","","","","","UGP2014NAM-OT03-02771","","","","3","3","2","2","7","1","2","1","0","0","0","0","0.2","","","","","","","0","0.2","0","","","","0","0","0","0","0","0","0.2","0.066666667","","0","33.33333333","0","0","2.222222222","2.222222222","0","0","6.666666667","6.666666667"
"","","UGP2014NAM-OT03","","","","","","","","","UGP2014NAM-OT03-02772","","","","3","3","2","2","8","1","2","1","1","1","0.1","","2.5","6","1","1","1","7","0.02","","","2","0.1","","","2","0.666666667","1","0.333333333","","","2.5","0.833333333","50","","33.33333333","1.111111111","","27.77777778","","3.333333333","","83.33333333",""
"","","UGP2014NAM-OT03","","","","","","","","","UGP2014NAM-OT03-02773","","","","3","3","1","2","8","1","2","3","9","1","3.5","0.02","4","8","2","1","4","3","0.15","3.52","7.52","10","0.388888889","0.02","0.352","3.333333333","3.333333333","3","3","1.173333333","1.173333333","1.333333333","1.333333333","90","46.80851064","100","38.88888889","39.11111111","44.44444444","83.55555556","38.88888889","39.11111111","44.44444444","83.55555556"
"","","UGP2014NAM-OT03","","","","","","","","","UGP2014NAM-OT03-02774","","","","3","2","2","2","6","1","2","2","0","0","0","0","2.5","","","","","","","0","2.5","0","","","","0","0","0","0","0","0","1.25","0.833333333","","0","66.66666667","0","0","27.77777778","27.77777778","0","0","41.66666667","41.66666667"
"","","UGP2014NAM-OT03","","","","","","","","","UGP2014NAM-OT03-02775","","","","3","2","1","2","9","1","2","2","2","1","0.16","0.04","3.5","2","1","1","7","7","0","0.2","3.7","3","0.08","0.04","0.066666667","1.5","1","1","0.666666667","0.1","0.066666667","1.75","1.166666667","66.66666667","5.405405405","66.66666667","1.777777778","2.222222222","38.88888889","41.11111111","2.666666667","3.333333333","58.33333333","61.66666667"
"","","UGP2014NAM-OT03","","","","","","","","","UGP2014NAM-OT03-02776","","","","3","3","1","2","7","1","2","1","2","0","0.4","0","1.5","2","1","1","4","1","0","0.4","1.9","2","0.2","","0.2","2","0.666666667","2","0.666666667","0.4","0.133333333","1.5","0.5","100","21.05263158","33.33333333","4.444444444","4.444444444","16.66666667","21.11111111","13.33333333","13.33333333","50","63.33333333"
"","","UGP2014NAM-OT03","","","","","","","","","UGP2014NAM-OT03-02777","","","","3","1","1","2","6","2","3","1","0","0","0","0","2.6","","","","","","","0","2.6","0","","","","0","0","0","0","0","0","2.6","0.866666667","","0","33.33333333","0","0","28.88888889","28.88888889","0","0","86.66666667","86.66666667"
"","","UGP2014NAM-OT03","","","","","","","","","UGP2014NAM-OT03-02778","","","","3","2","2","2","8","1","3","2","5","4","0.64","0.08","4.3","2","1","1","4","3","0.02","0.72","5.02","9","0.128","0.02","0.08","4.5","3","2.5","1.666666667","0.36","0.24","2.15","1.433333333","55.55555556","14.34262948","66.66666667","7.111111111","8","47.77777778","55.77777778","10.66666667","12","71.66666667","83.66666667"
"","","UGP2014NAM-OT03","","","","","","","","","UGP2014NAM-OT03-02779","","","","3","0","","","","","","0","0","0","0","0","0","","","","","","","0","0","0","","","","","0","","0","","0","","0","","","0","0","0","0","0","","","",""
"","","UGP2014NAM-OT03","","","","","","","","","UGP2014NAM-OT03-02780","","","","3","3","2","2","7","1","2","3","5","0","2.7","0","1.5","8","2","1","8","1","0.15","2.7","4.2","5","0.54","","0.54","1.666666667","1.666666667","1.666666667","1.666666667","0.9","0.9","0.5","0.5","100","64.28571429","100","30","30","16.66666667","46.66666667","30","30","16.66666667","46.66666667"
"","","UGP2014NAM-OT03","","","","","","","","","UGP2014NAM-OT03-02781","","","","3","1","2","2","5","1","2","1","15","14","1.04","0.16","1.8","2","1","1","4","3","0","1.2","3","29","0.069333333","0.011428571","0.04137931","29","9.666666667","15","5","1.2","0.4","1.8","0.6","51.72413793","40","33.33333333","11.55555556","13.33333333","20","33.33333333","34.66666667","40","60","100"
"","","UGP2014NAM-OT03","","","","","","","","","UGP2014NAM-OT03-02782","","","","3","2","2","2","6","3","5","2","12","2","2.8","0.04","1.5","2","2","1","2","3","0","2.84","4.34","14","0.233333333","0.02","0.202857143","7","4.666666667","6","4","1.42","0.946666667","0.75","0.5","85.71428571","65.43778802","66.66666667","31.11111111","31.55555556","16.66666667","48.22222222","46.66666667","47.33333333","25","72.33333333"
"","","UGP2014NAM-OT03","","","","","","","","","UGP2014NAM-OT03-02783","","","","3","1","1","2","5","1","2","1","0","0","0","0","0.1","","","","","","","0","0.1","0","","","","0","0","0","0","0","0","0.1","0.033333333","","0","33.33333333","0","0","1.111111111","1.111111111","0","0","3.333333333","3.333333333"
"","","UGP2014NAM-OT03","","","","","","","","","UGP2014NAM-OT03-02784","","","","3","2","1","3","7","2","3","2","0","0","0","0","4","","","","","","","0","4","0","","","","0","0","0","0","0","0","2","1.333333333","","0","66.66666667","0","0","44.44444444","44.44444444","0","0","66.66666667","66.66666667"
"","","UGP2014NAM-OT03","","","","","","","","","UGP2014NAM-OT03-02785","","","","3","0","","","","","","0","0","0","0","0","0","","","","","","","0","0","0","","","","","0","","0","","0","","0","","","0","0","0","0","0","","","",""
"","","UGP2014NAM-OT03","","","","","","","","","UGP2014NAM-OT03-02786","","","","3","2","1","2","7","4","6","2","7","4","2.5","0.1","2.4","6","1","1","3","3","0.12","2.6","5","11","0.357142857","0.025","0.236363636","5.5","3.666666667","3.5","2.333333333","1.3","0.866666667","1.2","0.8","63.63636364","52","66.66666667","27.77777778","28.88888889","26.66666667","55.55555556","41.66666667","43.33333333","40","83.33333333"
"","","UGP2014NAM-OT03","","","","","","","","","UGP2014NAM-OT03-02787","","","","3","2","1","4","5","1","2","2","2","0","0.24","0","1.5","6","1","1","6","5","0.15","0.24","1.74","2","0.12","","0.12","1","0.666666667","1","0.666666667","0.12","0.08","0.75","0.5","100","13.79310345","66.66666667","2.666666667","2.666666667","16.66666667","19.33333333","4","4","25","29"
"","","UGP2014NAM-OT03","","","","","","","","","UGP2014NAM-OT03-02788","","","","3","2","1","2","8","3","5","2","1","1","0.44","0.04","6.5","2","1","1","5","3","0","0.48","6.98","2","0.44","0.04","0.24","1","0.666666667","0.5","0.333333333","0.24","0.16","3.25","2.166666667","50","6.876790831","66.66666667","4.888888889","5.333333333","72.22222222","77.55555556","7.333333333","8","108.3333333","116.3333333"
"","","UGP2014NAM-OT03","","","","","","","","","UGP2014NAM-OT03-02789","","","","3","2","1","2","7","1","3","2","1","1","0.06","0.04","3.6","2","1","1","8","9","0.02","0.1","3.7","2","0.06","0.04","0.05","1","0.666666667","0.5","0.333333333","0.05","0.033333333","1.8","1.2","50","2.702702703","66.66666667","0.666666667","1.111111111","40","41.11111111","1","1.666666667","60","61.66666667"
"","","UGP2014NAM-OT03","","","","","","","","","UGP2014NAM-OT03-02790","","","","3","2","1","3","9","1","2","2","5","2","0.3","0.05","7.5","2","1","1","2","5","0","0.35","7.85","7","0.06","0.025","0.05","3.5","2.333333333","2.5","1.666666667","0.175","0.116666667","3.75","2.5","71.42857143","4.458598726","66.66666667","3.333333333","3.888888889","83.33333333","87.22222222","5","5.833333333","125","130.8333333"
"","","UGP2014NAM-OT03","","","","","","","","","UGP2014NAM-OT03-02791","","","","3","1","1","3","8","1","2","1","4","1","0.56","0.4","1.7","2","1","1","2","5","7.23","0.96","2.66","5","0.14","0.4","0.192","5","1.666666667","4","1.333333333","0.96","0.32","1.7","0.566666667","80","36.09022556","33.33333333","6.222222222","10.66666667","18.88888889","29.55555556","18.66666667","32","56.66666667","88.66666667"
"","","UGP2014NAM-OT03","","","","","","","","","UGP2014NAM-OT03-02792","","","","3","0","","","","","","0","0","0","0","0","0","","","","","","","0","0","0","","","","","0","","0","","0","","0","","","0","0","0","0","0","","","",""
"","","UGP2014NAM-OT03","","","","","","","","","UGP2014NAM-OT03-02793","","","","3","1","1","2","6","1","2","1","0","1","0","0.1","1","2","1","1","9","9","0.15","0.1","1.1","1","","0.1","0.1","1","0.333333333","0","0","0.1","0.033333333","1","0.333333333","0","9.090909091","33.33333333","0","1.111111111","11.11111111","12.22222222","0","3.333333333","33.33333333","36.66666667"
"","","UGP2014NAM-OT03","","","","","","","","","UGP2014NAM-OT03-02794","","","","3","2","2","3","8","1","2","2","","3","2.5","0.05","2.7","2","1","1","1","1","0","2.55","5.25","","","0.016666667","","","","","","1.275","0.85","1.35","0.9","","48.57142857","66.66666667","27.77777778","28.33333333","30","58.33333333","41.66666667","42.5","45","87.5"
"","","UGP2014NAM-OT03","","","","","","","","","UGP2014NAM-OT03-02795","","","","3","0","","","","","","0","0","0","0","0","0","","","","","","","0","0","0","","","","","0","","0","","0","","0","","","0","0","0","0","0","","","",""
"","","UGP2014NAM-OT03","","","","","","","","","UGP2014NAM-OT03-02796","","","","3","3","2","4","6","2","3","3","0","0","0","0","2.2","","","","","","","0","2.2","0","","","","0","0","0","0","0","0","0.733333333","0.733333333","","0","100","0","0","24.44444444","24.44444444","0","0","24.44444444","24.44444444"
"","","UGP2014NAM-OT03","","","","","","","","","UGP2014NAM-OT03-02797","","","","3","3","2","2","9","1","2","3","0","0","0","0","6","","","","","","","0","6","0","","","","0","0","0","0","0","0","2","2","","0","100","0","0","66.66666667","66.66666667","0","0","66.66666667","66.66666667"
"","","UGP2014NAM-OT03","","","","","","","","","UGP2014NAM-OT03-02798","","","","3","3","2","3","7","1","2","1","7","10","1.2","0.1","1.5","6","1","1","6","3","0.02","1.3","2.8","17","0.171428571","0.01","0.076470588","17","5.666666667","7","2.333333333","1.3","0.433333333","1.5","0.5","41.17647059","46.42857143","33.33333333","13.33333333","14.44444444","16.66666667","31.11111111","40","43.33333333","50","93.33333333"
"","","UGP2014NAM-OT03","","","","","","","","","UGP2014NAM-OT03-02799","","","","3","2","1","2","5","2","4","2","0","0","0","0","4","","","","","","","0","4","0","","","","0","0","0","0","0","0","2","1.333333333","","0","66.66666667","0","0","44.44444444","44.44444444","0","0","66.66666667","66.66666667"
"","","UGP2014NAM-OT03","","","","","","","","","UGP2014NAM-OT03-02800","","","","3","2","1","2","6","3","6","2","1","0","0.24","0","13.2","2","1","1","2","3","0.12","0.24","13.44","1","0.24","","0.24","0.5","0.333333333","0.5","0.333333333","0.12","0.08","6.6","4.4","100","1.785714286","66.66666667","2.666666667","2.666666667","146.6666667","149.3333333","4","4","220","224"
"","","UGP2014NAM-OT03","","","","","","","","","UGP2014NAM-OT03-02801","","","","3","0","","","","","","0","0","0","0","0","0","","","","","","","0","0","0","","","","","0","","0","","0","","0","","","0","0","0","0","0","","","",""
"","","UGP2014NAM-OT03","","","","","","","","","UGP2014NAM-OT03-02802","","","","3","2","2","3","5","3","5","2","2","0","0.2","0","2.5","9","1","1","4","7","0","0.2","2.7","2","0.1","","0.1","1","0.666666667","1","0.666666667","0.1","0.066666667","1.25","0.833333333","100","7.407407407","66.66666667","2.222222222","2.222222222","27.77777778","30","3.333333333","3.333333333","41.66666667","45"
"","","UGP2014NAM-OT03","","","","","","","","","UGP2014NAM-OT03-02803","","","","3","3","1","2","6","3","6","1","4","0","3","0","3","2","1","1","5","1","0","3","6","4","0.75","","0.75","4","1.333333333","4","1.333333333","3","1","3","1","100","50","33.33333333","33.33333333","33.33333333","33.33333333","66.66666667","100","100","100","200"
"","","UGP2014NAM-OT03","","","","","","","","","UGP2014NAM-OT03-02804","","","","3","2","1","2","6","1","2","2","1","0","1.28","0","5","2","1","1","8","1","0","1.28","6.28","1","1.28","","1.28","0.5","0.333333333","0.5","0.333333333","0.64","0.426666667","2.5","1.666666667","100","20.38216561","66.66666667","14.22222222","14.22222222","55.55555556","69.77777778","21.33333333","21.33333333","83.33333333","104.6666667"
"","","UGP2014NAM-OT03","","","","","","","","","UGP2014NAM-OT03-02805","","","","3","1","1","2","6","2","4","1","0","0","0","0","4","","","","","","","0","4","0","","","","0","0","0","0","0","0","4","1.333333333","","0","33.33333333","0","0","44.44444444","44.44444444","0","0","133.3333333","133.3333333"
"","","UGP2014NAM-OT03","","","","","","","","","UGP2014NAM-OT03-02806","","","","3","0","","","","","","0","0","0","0","0","0","","","","","","","0","0","0","","","","","0","","0","","0","","0","","","0","0","0","0","0","","","",""
"","","UGP2014NAM-OT03","","","","","","","","","UGP2014NAM-OT03-02807","","","","3","2","2","6","6","1","2","2","3","1","2.5","0.04","5.7","2","1","1","3","1","0","2.54","8.24","4","0.833333333","0.04","0.635","2","1.333333333","1.5","1","1.27","0.846666667","2.85","1.9","75","30.82524272","66.66666667","27.77777778","28.22222222","63.33333333","91.55555556","41.66666667","42.33333333","95","137.3333333"
"","","UGP2014NAM-OT03","","","","","","","","","UGP2014NAM-OT03-02808","","","","3","2","1","6","7","1","3","2","5","0","0.8","0","7","9","1","1","1","3","4.41","0.8","7.8","5","0.16","","0.16","2.5","1.666666667","2.5","1.666666667","0.4","0.266666667","3.5","2.333333333","100","10.25641026","66.66666667","8.888888889","8.888888889","77.77777778","86.66666667","13.33333333","13.33333333","116.6666667","130"
"","","UGP2014NAM-OT03","","","","","","","","","UGP2014NAM-OT03-02809","","","","3","0","","","","","","0","0","0","0","0","0","","","","","","","0","0","0","","","","","0","","0","","0","","0","","","0","0","0","0","0","","","",""
"","","UGP2014NAM-OT03","","","","","","","","","UGP2014NAM-OT03-02810","","","","3","2","2","7","5","1","2","2","1","0","0.18","0","2.5","9","1","1","7","3","0.12","0.18","2.68","1","0.18","","0.18","0.5","0.333333333","0.5","0.333333333","0.09","0.06","1.25","0.833333333","100","6.71641791","66.66666667","2","2","27.77777778","29.77777778","3","3","41.66666667","44.66666667"
"","","UGP2014NAM-OT03","","","","","","","","","UGP2014NAM-OT03-02811","","","","3","2","1","4","6","1","2","2","15","16","2.8","0.04","4","9","4","1","4","3","0","2.84","6.84","31","0.186666667","0.0025","0.091612903","15.5","10.33333333","7.5","5","1.42","0.946666667","2","1.333333333","48.38709677","41.52046784","66.66666667","31.11111111","31.55555556","44.44444444","76","46.66666667","47.33333333","66.66666667","114"
"","","UGP2014NAM-OT03","","","","","","","","","UGP2014NAM-OT03-02812","","","","3","2","1","2","7","2","3","2","6","0","0.38","0","4.5","9","1","1","6","5","0.02","0.38","4.88","6","0.063333333","","0.063333333","3","2","3","2","0.19","0.126666667","2.25","1.5","100","7.786885246","66.66666667","4.222222222","4.222222222","50","54.22222222","6.333333333","6.333333333","75","81.33333333"
"","","UGP2014NAM-OT03","","","","","","","","","UGP2014NAM-OT03-02813","","","","3","2","2","2","8","1","2","2","8","4","0.7","0.05","3.5","2","1","1","5","3","1.65","0.75","4.25","12","0.0875","0.0125","0.0625","6","4","4","2.666666667","0.375","0.25","1.75","1.166666667","66.66666667","17.64705882","66.66666667","7.777777778","8.333333333","38.88888889","47.22222222","11.66666667","12.5","58.33333333","70.83333333"
"","","UGP2014NAM-OT03","","","","","","","","","UGP2014NAM-OT03-02814","","","","3","1","1","2","8","1","2","1","3","0","0.2","0","4.8","9","1","1","2","7","1.5","0.2","5","3","0.066666667","","0.066666667","3","1","3","1","0.2","0.066666667","4.8","1.6","100","4","33.33333333","2.222222222","2.222222222","53.33333333","55.55555556","6.666666667","6.666666667","160","166.6666667"
"","","UGP2014NAM-OT03","","","","","","","","","UGP2014NAM-OT03-02815","","","","3","0","","","","","","0","0","0","0","0","0","","","","","","","0","0","0","","","","","0","","0","","0","","0","","","0","0","0","0","0","","","",""
"","","UGP2014NAM-OT03","","","","","","","","","UGP2014NAM-OT03-02816","","","","3","2","2","2","8","1","2","2","0","0","0","0","14","","","","","","","0","14","0","","","","0","0","0","0","0","0","7","4.666666667","","0","66.66666667","0","0","155.5555556","155.5555556","0","0","233.3333333","233.3333333"
"","","UGP2014NAM-OT03","","","","","","","","","UGP2014NAM-OT03-02817","","","","3","1","","","","","","0","0","0","0","0","0","","","","","","","0","0","0","","","","","0","","0","","0","","0","","","0","0","0","0","0","","","",""
"","","UGP2014NAM-OT03","","","","","","","","","UGP2014NAM-OT03-02818","","","","3","1","1","2","7","1","3","1","2","1","0.16","0.04","3.9","9","1","1","4","5","0.02","0.2","4.1","3","0.08","0.04","0.066666667","3","1","2","0.666666667","0.2","0.066666667","3.9","1.3","66.66666667","4.87804878","33.33333333","1.777777778","2.222222222","43.33333333","45.55555556","5.333333333","6.666666667","130","136.6666667"
"","","UGP2014NAM-OT03","","","","","","","","","UGP2014NAM-OT03-02819","","","","3","2","2","2","7","1","2","1","0","0","0","0","2.5","","","","","","","0","2.5","0","","","","0","0","0","0","0","0","2.5","0.833333333","","0","33.33333333","0","0","27.77777778","27.77777778","0","0","83.33333333","83.33333333"
"","","UGP2014NAM-OT03","","","","","","","","","UGP2014NAM-OT03-02820","","","","3","3","1","2","6","2","4","3","0","0","0","0","2","","","","","","","0","2","0","","","","0","0","0","0","0","0","0.666666667","0.666666667","","0","100","0","0","22.22222222","22.22222222","0","0","22.22222222","22.22222222"
"","","UGP2014NAM-OT03","","","","","","","","","UGP2014NAM-OT03-02821","","","","3","2","1","3","7","1","3","1","3","3","0.5","0.1","2.1","9","1","1","4","5","0.02","0.6","2.7","6","0.166666667","0.033333333","0.1","6","2","3","1","0.6","0.2","2.1","0.7","50","22.22222222","33.33333333","5.555555556","6.666666667","23.33333333","30","16.66666667","20","70","90"
"","","UGP2014NAM-OT03","","","","","","","","","UGP2014NAM-OT03-02822","","","","3","3","1","2","8","1","2","3","3","0","0.2","0","4","9","1","1","3","5","0","0.2","4.2","3","0.066666667","","0.066666667","1","1","1","1","0.066666667","0.066666667","1.333333333","1.333333333","100","4.761904762","100","2.222222222","2.222222222","44.44444444","46.66666667","2.222222222","2.222222222","44.44444444","46.66666667"
"","","UGP2014NAM-OT03","","","","","","","","","UGP2014NAM-OT03-02823","","","","3","2","1","2","7","1","2","2","3","3","1","0.04","3.5","9","1","1","1","1","3.96","1.04","4.54","6","0.333333333","0.013333333","0.173333333","3","2","1.5","1","0.52","0.346666667","1.75","1.166666667","50","22.90748899","66.66666667","11.11111111","11.55555556","38.88888889","50.44444444","16.66666667","17.33333333","58.33333333","75.66666667"
"","","UGP2014NAM-OT03","","","","","","","","","UGP2014NAM-OT03-02824","","","","3","3","1","2","7","1","3","3","1","1","0.16","0.01","11.5","9","1","1","8","9","0","0.17","11.67","2","0.16","0.01","0.085","0.666666667","0.666666667","0.333333333","0.333333333","0.056666667","0.056666667","3.833333333","3.833333333","50","1.45672665","100","1.777777778","1.888888889","127.7777778","129.6666667","1.777777778","1.888888889","127.7777778","129.6666667"
"","","UGP2014NAM-OT03","","","","","","","","","UGP2014NAM-OT03-02825","","","","3","2","1","2","7","1","2","2","12","1","2.7","0.01","5","2","1","1","8","5","0.02","2.71","7.71","13","0.225","0.01","0.208461538","6.5","4.333333333","6","4","1.355","0.903333333","2.5","1.666666667","92.30769231","35.14915694","66.66666667","30","30.11111111","55.55555556","85.66666667","45","45.16666667","83.33333333","128.5"
"","","UGP2014NAM-OT03","","","","","","","","","UGP2014NAM-OT03-02826","","","","3","2","1","3","9","2","3","2","3","3","0.28","0.04","9","2","1","1","7","7","0","0.32","9.32","6","0.093333333","0.013333333","0.053333333","3","2","1.5","1","0.16","0.106666667","4.5","3","50","3.433476395","66.66666667","3.111111111","3.555555556","100","103.5555556","4.666666667","5.333333333","150","155.3333333"
"","","UGP2014NAM-OT03","","","","","","","","","UGP2014NAM-OT03-02827","","","","3","2","2","2","6","1","3","2","2","0","0.16","0","3.9","9","1","1","5","7","0","0.16","4.06","2","0.08","","0.08","1","0.666666667","1","0.666666667","0.08","0.053333333","1.95","1.3","100","3.9408867","66.66666667","1.777777778","1.777777778","43.33333333","45.11111111","2.666666667","2.666666667","65","67.66666667"
"","","UGP2014NAM-OT03","","","","","","","","","UGP2014NAM-OT03-02828","","","","3","0","","","","","","0","0","0","0","0","0","","","","","","","0","0","0","","","","","0","","0","","0","","0","","","0","0","0","0","0","","","",""
"","","UGP2014NAM-OT03","","","","","","","","","UGP2014NAM-OT03-02829","","","","3","2","2","2","5","1","4","2","0","0","0","0","1.5","","","","","","","0","1.5","0","","","","0","0","0","0","0","0","0.75","0.5","","0","66.66666667","0","0","16.66666667","16.66666667","0","0","25","25"
"","","UGP2014NAM-OT03","","","","","","","","","UGP2014NAM-OT03-02830","","","","3","3","2","2","6","2","2","3","8","6","0.68","0.08","1","2","1","1","4","5","0.15","0.76","1.76","14","0.085","0.013333333","0.054285714","4.666666667","4.666666667","2.666666667","2.666666667","0.253333333","0.253333333","0.333333333","0.333333333","57.14285714","43.18181818","100","7.555555556","8.444444444","11.11111111","19.55555556","7.555555556","8.444444444","11.11111111","19.55555556"
"","","UGP2014NAM-OT03","","","","","","","","","UGP2014NAM-OT03-02831","","","","3","0","","","","","","0","0","0","0","0","0","","","","","","","0","0","0","","","","","0","","0","","0","","0","","","0","0","0","0","0","","","",""
"","","UGP2014NAM-OT03","","","","","","","","","UGP2014NAM-OT03-02832","","","","3","1","2","2","5","1","3","1","0","0","0","0","0.5","","","","","","","0","0.5","0","","","","0","0","0","0","0","0","0.5","0.166666667","","0","33.33333333","0","0","5.555555556","5.555555556","0","0","16.66666667","16.66666667"
"","","UGP2014NAM-OT03","","","","","","","","","UGP2014NAM-OT03-02833","","","","3","2","1","4","8","1","3","2","0","0","0","0","3","","","","","","","0","3","0","","","","0","0","0","0","0","0","1.5","1","","0","66.66666667","0","0","33.33333333","33.33333333","0","0","50","50"
"","","UGP2014NAM-OT03","","","","","","","","","UGP2014NAM-OT03-02834","","","","3","2","1","2","7","1","2","2","0","0","0","0","1.5","","","","","","","0","1.5","0","","","","0","0","0","0","0","0","0.75","0.5","","0","66.66666667","0","0","16.66666667","16.66666667","0","0","25","25"
"","","UGP2014NAM-OT03","","","","","","","","","UGP2014NAM-OT03-02835","","","","3","3","1","2","8","1","3","1","2","0","0.3","0","1.6","2","1","1","3","3","0.03","0.3","1.9","2","0.15","","0.15","2","0.666666667","2","0.666666667","0.3","0.1","1.6","0.533333333","100","15.78947368","33.33333333","3.333333333","3.333333333","17.77777778","21.11111111","10","10","53.33333333","63.33333333"
"","","UGP2014NAM-OT03","","","","","","","","","UGP2014NAM-OT03-02836","","","","3","2","2","3","7","1","2","2","3","0","1.5","0","1","9","1","1","5","1","0.03","1.5","2.5","3","0.5","","0.5","1.5","1","1.5","1","0.75","0.5","0.5","0.333333333","100","60","66.66666667","16.66666667","16.66666667","11.11111111","27.77777778","25","25","16.66666667","41.66666667"
"","","UGP2014NAM-OT03","","","","","","","","","UGP2014NAM-OT03-02837","","","","3","2","2","2","8","1","2","2","5","0","0.72","0","4.1","6","1","1","5","1","0.03","0.72","4.82","5","0.144","","0.144","2.5","1.666666667","2.5","1.666666667","0.36","0.24","2.05","1.366666667","100","14.93775934","66.66666667","8","8","45.55555556","53.55555556","12","12","68.33333333","80.33333333"
"","","UGP2014NAM-OT03","","","","","","","","","UGP2014NAM-OT03-02838","","","","3","0","","","","","","0","0","0","0","0","0","","","","","","","0","0","0","","","","","0","","0","","0","","0","","","0","0","0","0","0","","","",""
"","","UGP2014NAM-OT03","","","","","","","","","UGP2014NAM-OT03-02839","","","","3","3","1","3","6","1","2","1","1","0","0.12","0","1.7","6","1","1","3","5","0.02","0.12","1.82","1","0.12","","0.12","1","0.333333333","1","0.333333333","0.12","0.04","1.7","0.566666667","100","6.593406593","33.33333333","1.333333333","1.333333333","18.88888889","20.22222222","4","4","56.66666667","60.66666667"
"","","UGP2014NAM-OT03","","","","","","","","","UGP2014NAM-OT03-02840","","","","3","3","1","2","7","1","3","3","5","2","1.1","0.09","3","9","1","1","5","3","0","1.19","4.19","7","0.22","0.045","0.17","2.333333333","2.333333333","1.666666667","1.666666667","0.396666667","0.396666667","1","1","71.42857143","28.40095465","100","12.22222222","13.22222222","33.33333333","46.55555556","12.22222222","13.22222222","33.33333333","46.55555556"
"","","UGP2014NAM-OT03","","","","","","","","","UGP2014NAM-OT03-02841","","","","3","2","1","2","5","1","2","2","0","0","0","0","1","","","","","","","0","1","0","","","","0","0","0","0","0","0","0.5","0.333333333","","0","66.66666667","0","0","11.11111111","11.11111111","0","0","16.66666667","16.66666667"
"","","UGP2014NAM-OT03","","","","","","","","","UGP2014NAM-OT03-02842","","","","3","0","","","","","","0","0","0","0","0","0","","","","","","","0","0","0","","","","","0","","0","","0","","0","","","0","0","0","0","0","","","",""
"","","UGP2014NAM-OT03","","","","","","","","","UGP2014NAM-OT03-02843","","","","3","2","2","2","5","","7","2","0","0","0","0","1.5","","","","","","","0","1.5","0","","","","0","0","0","0","0","0","0.75","0.5","","0","66.66666667","0","0","16.66666667","16.66666667","0","0","25","25"
"","","UGP2014NAM-OT03","","","","","","","","","UGP2014NAM-OT03-02844","","","","3","0","","","","","","0","0","0","0","0","0","","","","","","","0","0","0","","","","","0","","0","","0","","0","","","0","0","0","0","0","","","",""
"","","UGP2014NAM-OT03","","","","","","","","","UGP2014NAM-OT03-02845","","","","3","2","1","2","4","4","7","2","2","2","0.14","0.1","2.8","9","1","1","9","9","0.02","0.24","3.04","4","0.07","0.05","0.06","2","1.333333333","1","0.666666667","0.12","0.08","1.4","0.933333333","50","7.894736842","66.66666667","1.555555556","2.666666667","31.11111111","33.77777778","2.333333333","4","46.66666667","50.66666667"
"","","UGP2014NAM-OT03","","","","","","","","","UGP2014NAM-OT03-02846","","","","3","3","1","2","5","4","7","3","6","1","0.8","0.04","2.5","9","1","1","9","3","0","0.84","3.34","7","0.133333333","0.04","0.12","2.333333333","2.333333333","2","2","0.28","0.28","0.833333333","0.833333333","85.71428571","25.1497006","100","8.888888889","9.333333333","27.77777778","37.11111111","8.888888889","9.333333333","27.77777778","37.11111111"
"","","UGP2014NAM-OT03","","","","","","","","","UGP2014NAM-OT03-02847","","","","3","0","","","","","","0","0","0","0","0","0","","","","","","","0","0","0","","","","","0","","0","","0","","0","","","0","0","0","0","0","","","",""
"","","UGP2014NAM-OT03","","","","","","","","","UGP2014NAM-OT03-02848","","","","3","0","","","","","","0","0","0","0","0","0","","","","","","","0","0","0","","","","","0","","0","","0","","0","","","0","0","0","0","0","","","",""
"","","UGP2014NAM-OT03","","","","","","","","","UGP2014NAM-OT03-02849","","","","3","2","2","3","7","1","2","2","1","0","0.16","0","3","2","2","1","6","5","0","0.16","3.16","1","0.16","","0.16","0.5","0.333333333","0.5","0.333333333","0.08","0.053333333","1.5","1","100","5.063291139","66.66666667","1.777777778","1.777777778","33.33333333","35.11111111","2.666666667","2.666666667","50","52.66666667"
"","","UGP2014NAM-OT03","","","","","","","","","UGP2014NAM-OT03-02850","","","","3","0","","","","","","0","0","0","0","0","0","","","","","","","0","0","0","","","","","0","","0","","0","","0","","","0","0","0","0","0","","","",""
"","","UGP2014NAM-OT03","","","","","","","","","UGP2014NAM-OT03-02851","","","","3","2","2","2","6","1","4","0","0","0","0","0","0","","","","","","","0","0","0","","","","","0","","0","","0","","0","","","0","0","0","0","0","","","",""
"","","UGP2014NAM-OT03","","","","","","","","","UGP2014NAM-OT03-02852","","","","3","0","","","","","","0","0","0","0","0","0","","","","","","","0","0","0","","","","","0","","0","","0","","0","","","0","0","0","0","0","","","",""
"","","UGP2014NAM-OT03","","","","","","","","","UGP2014NAM-OT03-02853","","","","3","0","","","","","","0","0","0","0","0","0","","","","","","","0","0","0","","","","","0","","0","","0","","0","","","0","0","0","0","0","","","",""
"","","UGP2014NAM-OT03","","","","","","","","","UGP2014NAM-OT03-02854","","","","3","0","","","","","","0","0","0","0","0","0","","","","","","","0","0","0","","","","","0","","0","","0","","0","","","0","0","0","0","0","","","",""
"","","UGP2014NAM-OT03","","","","","","","","","UGP2014NAM-OT03-02855","","","","3","3","1","2","6","3","5","2","3","1","0.7","0.04","8","8","2","2","2","3","0.15","0.74","8.74","4","0.233333333","0.04","0.185","2","1.333333333","1.5","1","0.37","0.246666667","4","2.666666667","75","8.466819222","66.66666667","7.777777778","8.222222222","88.88888889","97.11111111","11.66666667","12.33333333","133.3333333","145.6666667"
"","","UGP2014NAM-OT03","","","","","","","","","UGP2014NAM-OT03-02856","","","","3","3","1","2","7","1","3","3","10","4","1","0.1","2","2","1","1","4","3","0","1.1","3.1","14","0.1","0.025","0.078571429","4.666666667","4.666666667","3.333333333","3.333333333","0.366666667","0.366666667","0.666666667","0.666666667","71.42857143","35.48387097","100","11.11111111","12.22222222","22.22222222","34.44444444","11.11111111","12.22222222","22.22222222","34.44444444"
"","","UGP2014NAM-OT03","","","","","","","","","UGP2014NAM-OT03-02857","","","","3","1","1","2","7","1","2","1","0","0","0","0","3","","","","","","","0","3","0","","","","0","0","0","0","0","0","3","1","","0","33.33333333","0","0","33.33333333","33.33333333","0","0","100","100"
"","","UGP2014NAM-OT03","","","","","","","","","UGP2014NAM-OT03-02858","","","","3","0","","","","","","0","0","0","0","0","0","","","","","","","0","0","0","","","","","0","","0","","0","","0","","","0","0","0","0","0","","","",""
"","","UGP2014NAM-OT03","","","","","","","","","UGP2014NAM-OT03-02859","","","","3","2","2","2","9","1","2","2","9","6","0.68","0.06","3","9","1","3","8","5","0","0.74","3.74","15","0.075555556","0.01","0.049333333","7.5","5","4.5","3","0.37","0.246666667","1.5","1","60","19.78609626","66.66666667","7.555555556","8.222222222","33.33333333","41.55555556","11.33333333","12.33333333","50","62.33333333"
"","","UGP2014NAM-OT03","","","","","","","","","UGP2014NAM-OT03-02860","","","","3","0","","","","","","0","0","0","0","0","0","","","","","","","0","0","0","","","","","0","","0","","0","","0","","","0","0","0","0","0","","","",""
"","","UGP2014NAM-OT03","","","","","","","","","UGP2014NAM-OT03-02861","","","","3","0","","","","","","0","0","0","0","0","0","","","","","","","0","0","0","","","","","0","","0","","0","","0","","","0","0","0","0","0","","","",""
"","","UGP2014NAM-OT03","","","","","","","","","UGP2014NAM-OT03-02862","","","","3","0","","","","","","0","0","0","0","0","0","","","","","","","0","0","0","","","","","0","","0","","0","","0","","","0","0","0","0","0","","","",""
"","","UGP2014NAM-OT03","","","","","","","","","UGP2014NAM-OT03-02863","","","","3","3","1","2","8","1","2","3","10","6","0.52","0.08","2","8","2","1","3","7","0.15","0.6","2.6","16","0.052","0.013333333","0.0375","5.333333333","5.333333333","3.333333333","3.333333333","0.2","0.2","0.666666667","0.666666667","62.5","23.07692308","100","5.777777778","6.666666667","22.22222222","28.88888889","5.777777778","6.666666667","22.22222222","28.88888889"
"","","UGP2014NAM-OT03","","","","","","","","","UGP2014NAM-OT03-02864","","","","3","1","1","2","7","1","2","1","1","1","0.1","0.04","0.5","2","1","1","9","7","0","0.14","0.64","2","0.1","0.04","0.07","2","0.666666667","1","0.333333333","0.14","0.046666667","0.5","0.166666667","50","21.875","33.33333333","1.111111111","1.555555556","5.555555556","7.111111111","3.333333333","4.666666667","16.66666667","21.33333333"
"","","UGP2014NAM-OT03","","","","","","","","","UGP2014NAM-OT03-02865","","","","3","0","","","","","","0","0","0","0","0","0","","","","","","","0","0","0","","","","","0","","0","","0","","0","","","0","0","0","0","0","","","",""
"","","UGP2014NAM-OT03","","","","","","","","","UGP2014NAM-OT03-02866","","","","3","1","1","2","7","1","3","1","0","0","0","0","1.3","","","","","","","0","1.3","0","","","","0","0","0","0","0","0","1.3","0.433333333","","0","33.33333333","0","0","14.44444444","14.44444444","0","0","43.33333333","43.33333333"
"","","UGP2014NAM-OT03","","","","","","","","","UGP2014NAM-OT03-02867","","","","3","3","1","2","6","1","2","1","0","0","0","0","0.5","","","","","","","0","0.5","0","","","","0","0","0","0","0","0","0.5","0.166666667","","0","33.33333333","0","0","5.555555556","5.555555556","0","0","16.66666667","16.66666667"
"","","UGP2014NAM-OT03","","","","","","","","","UGP2014NAM-OT03-02868","","","","3","2","1","2","8","1","2","1","0","2","0","0.06","3.5","2","1","1","9","9","0.02","0.06","3.56","2","","0.03","0.03","2","0.666666667","0","0","0.06","0.02","3.5","1.166666667","0","1.685393258","33.33333333","0","0.666666667","38.88888889","39.55555556","0","2","116.6666667","118.6666667"
"","","UGP2014NAM-OT03","","","","","","","","","UGP2014NAM-OT03-02869","","","","3","1","2","2","5","2","3","1","0","0","0","0","1","","","","","","","0","1","0","","","","0","0","0","0","0","0","1","0.333333333","","0","33.33333333","0","0","11.11111111","11.11111111","0","0","33.33333333","33.33333333"
"","","UGP2014NAM-OT03","","","","","","","","","UGP2014NAM-OT03-02870","","","","3","0","","","","","","0","0","0","0","0","0","","","","","","","0","0","0","","","","","0","","0","","0","","0","","","0","0","0","0","0","","","",""
"","","UGP2014NAM-OT03","","","","","","","","","UGP2014NAM-OT03-02871","","","","3","0","","","","","","0","0","0","0","0","0","","","","","","","0","0","0","","","","","0","","0","","0","","0","","","0","0","0","0","0","","","",""
"","","UGP2014NAM-OT03","","","","","","","","","UGP2014NAM-OT03-02872","","","","3","1","2","2","7","1","2","1","0","1","0","0.04","1","9","1","1","9","9","0.02","0.04","1.04","1","","0.04","0.04","1","0.333333333","0","0","0.04","0.013333333","1","0.333333333","0","3.846153846","33.33333333","0","0.444444444","11.11111111","11.55555556","0","1.333333333","33.33333333","34.66666667"
"","","UGP2014NAM-OT03","","","","","","","","","UGP2014NAM-OT03-02873","","","","3","0","","","","","","0","0","0","0","0","0","","","","","","","0","0","0","","","","","0","","0","","0","","0","","","0","0","0","0","0","","","",""
"","","UGP2014NAM-OT03","","","","","","","","","UGP2014NAM-OT03-02874","","","","3","3","2","2","6","1","3","3","5","4","0.4","0.01","4","8","1","1","4","8","0.02","0.41","4.41","9","0.08","0.0025","0.045555556","3","3","1.666666667","1.666666667","0.136666667","0.136666667","1.333333333","1.333333333","55.55555556","9.297052154","100","4.444444444","4.555555556","44.44444444","49","4.444444444","4.555555556","44.44444444","49"
"","","UGP2014NAM-OT03","","","","","","","","","UGP2014NAM-OT03-02875","","","","3","2","2","2","7","1","2","2","4","7","0.38","0.06","1.5","9","1","1","2","5","7.23","0.44","1.94","11","0.095","0.008571429","0.04","5.5","3.666666667","2","1.333333333","0.22","0.146666667","0.75","0.5","36.36363636","22.68041237","66.66666667","4.222222222","4.888888889","16.66666667","21.55555556","6.333333333","7.333333333","25","32.33333333"
"","","UGP2014NAM-OT03","","","","","","","","","UGP2014NAM-OT03-02876","","","","3","0","","","","","","0","0","0","0","0","0","","","","","","","0","0","0","","","","","0","","0","","0","","0","","","0","0","0","0","0","","","",""
"","","UGP2014NAM-OT03","","","","","","","","","UGP2014NAM-OT03-02877","","","","3","0","","","","","","0","0","0","0","0","0","","","","","","","0","0","0","","","","","0","","0","","0","","0","","","0","0","0","0","0","","","",""
"","","UGP2014NAM-OT03","","","","","","","","","UGP2014NAM-OT03-02878","","","","3","3","2","4","7","1","2","1","4","0","0.56","0","4.5","2","1","1","9","3","1.76","0.56","5.06","4","0.14","","0.14","4","1.333333333","4","1.333333333","0.56","0.186666667","4.5","1.5","100","11.06719368","33.33333333","6.222222222","6.222222222","50","56.22222222","18.66666667","18.66666667","150","168.6666667"
"","","UGP2014NAM-OT03","","","","","","","","","UGP2014NAM-OT03-02879","","","","3","0","","","","","","0","0","0","0","0","0","","","","","","","0","0","0","","","","","0","","0","","0","","0","","","0","0","0","0","0","","","",""
"","","UGP2014NAM-OT03","","","","","","","","","UGP2014NAM-OT03-02880","","","","3","0","","","","","","0","0","0","0","0","0","","","","","","","0","0","0","","","","","0","","0","","0","","0","","","0","0","0","0","0","","","",""
"","","UGP2014NAM-OT03","","","","","","","","","UGP2014NAM-OT03-02881","","","","3","1","1","2","6","1","2","1","3","5","0.24","0.06","0.5","9","1","1","4","5","0","0.3","0.8","8","0.08","0.012","0.0375","8","2.666666667","3","1","0.3","0.1","0.5","0.166666667","37.5","37.5","33.33333333","2.666666667","3.333333333","5.555555556","8.888888889","8","10","16.66666667","26.66666667"
"","","UGP2014NAM-OT03","","","","","","","","","UGP2014NAM-OT03-02882","","","","3","2","1","2","4","","","2","0","0","0","0","0.08","","","","","","","0","0.08","0","","","","0","0","0","0","0","0","0.04","0.026666667","","0","66.66666667","0","0","0.888888889","0.888888889","0","0","1.333333333","1.333333333"
"","","UGP2014NAM-OT03","","","","","","","","","UGP2014NAM-OT03-02883","","","","3","0","","","","","","0","0","0","0","0","0","","","","","","","0","0","0","","","","","0","","0","","0","","0","","","0","0","0","0","0","","","",""
"","","UGP2014NAM-OT03","","","","","","","","","UGP2014NAM-OT03-02884","","","","3","2","1","2","7","1","2","2","4","0","0.38","0","1","9","2","1","2","5","4.41","0.38","1.38","4","0.095","","0.095","2","1.333333333","2","1.333333333","0.19","0.126666667","0.5","0.333333333","100","27.53623188","66.66666667","4.222222222","4.222222222","11.11111111","15.33333333","6.333333333","6.333333333","16.66666667","23"
"","","UGP2014NAM-OT03","","","","","","","","","UGP2014NAM-OT03-02885","","","","3","2","1","2","6","1","2","2","0","0","0","0","2","","","","","","","0","2","0","","","","0","0","0","0","0","0","1","0.666666667","","0","66.66666667","0","0","22.22222222","22.22222222","0","0","33.33333333","33.33333333"
"","","UGP2014NAM-OT03","","","","","","","","","UGP2014NAM-OT03-02886","","","","3","2","1","2","9","1","2","2","3","2","0.32","0.12","6","2","3","3","3","5","4.41","0.44","6.44","5","0.106666667","0.06","0.088","2.5","1.666666667","1.5","1","0.22","0.146666667","3","2","60","6.832298137","66.66666667","3.555555556","4.888888889","66.66666667","71.55555556","5.333333333","7.333333333","100","107.3333333"
"","","UGP2014NAM-OT03","","","","","","","","","UGP2014NAM-OT03-02887","","","","3","0","","","","","","0","0","0","0","0","0","","","","","","","0","0","0","","","","","0","","0","","0","","0","","","0","0","0","0","0","","","",""
"","","UGP2014NAM-OT03","","","","","","","","","UGP2014NAM-OT03-02888","","","","3","1","1","2","8","1","2","1","7","6","0.8","0.18","7.5","9","1","1","5","3","0","0.98","8.48","13","0.114285714","0.03","0.075384615","13","4.333333333","7","2.333333333","0.98","0.326666667","7.5","2.5","53.84615385","11.55660377","33.33333333","8.888888889","10.88888889","83.33333333","94.22222222","26.66666667","32.66666667","250","282.6666667"
"","","UGP2014NAM-OT03","","","","","","","","","UGP2014NAM-OT03-02889","","","","3","2","2","3","7","1","3","2","0","0","0","0","2.5","","","","","","","0","2.5","0","","","","0","0","0","0","0","0","1.25","0.833333333","","0","66.66666667","0","0","27.77777778","27.77777778","0","0","41.66666667","41.66666667"
"","","UGP2014NAM-OT03","","","","","","","","","UGP2014NAM-OT03-02890","","","","3","2","2","2","7","1","2","2","6","3","1.28","0.08","5.5","6","1","2","1","3","3.03","1.36","6.86","9","0.213333333","0.026666667","0.151111111","4.5","3","3","2","0.68","0.453333333","2.75","1.833333333","66.66666667","19.82507289","66.66666667","14.22222222","15.11111111","61.11111111","76.22222222","21.33333333","22.66666667","91.66666667","114.3333333"
"","","UGP2014NAM-OT03","","","","","","","","","UGP2014NAM-OT03-02891","","","","3","3","2","2","6","1","2","3","0","0","0","0","6","","","","","","","0","6","0","","","","0","0","0","0","0","0","2","2","","0","100","0","0","66.66666667","66.66666667","0","0","66.66666667","66.66666667"
"","","UGP2014NAM-OT03","","","","","","","","","UGP2014NAM-OT03-02892","","","","3","2","1","2","7","2","3","2","4","1","0.5","0.04","1.7","6","1","1","4","3","0.02","0.54","2.24","5","0.125","0.04","0.108","2.5","1.666666667","2","1.333333333","0.27","0.18","0.85","0.566666667","80","24.10714286","66.66666667","5.555555556","6","18.88888889","24.88888889","8.333333333","9","28.33333333","37.33333333"
"","","UGP2014NAM-OT03","","","","","","","","","UGP2014NAM-OT03-02893","","","","3","3","2","3","6","1","2","3","0","0","0","0","3.5","","","","","","","0","3.5","0","","","","0","0","0","0","0","0","1.166666667","1.166666667","","0","100","0","0","38.88888889","38.88888889","0","0","38.88888889","38.88888889"
"","","UGP2014NAM-OT03","","","","","","","","","UGP2014NAM-OT03-02894","","","","3","3","2","4","7","2","4","3","7","7","0.96","0.12","0.8","9","2","1","5","3","11.03","1.08","1.88","14","0.137142857","0.017142857","0.077142857","4.666666667","4.666666667","2.333333333","2.333333333","0.36","0.36","0.266666667","0.266666667","50","57.44680851","100","10.66666667","12","8.888888889","20.88888889","10.66666667","12","8.888888889","20.88888889"
"","","UGP2014NAM-OT03","","","","","","","","","UGP2014NAM-OT03-02895","","","","3","0","","","","","","0","0","0","0","0","0","","","","","","","0","0","0","","","","","0","","0","","0","","0","","","0","0","0","0","0","","","",""
"","","UGP2014NAM-OT03","","","","","","","","","UGP2014NAM-OT03-02896","","","","3","1","2","2","6","1","1","1","0","1","0","0.04","2.6","9","1","1","9","9","0","0.04","2.64","1","","0.04","0.04","1","0.333333333","0","0","0.04","0.013333333","2.6","0.866666667","0","1.515151515","33.33333333","0","0.444444444","28.88888889","29.33333333","0","1.333333333","86.66666667","88"
"","","UGP2014NAM-OT03","","","","","","","","","UGP2014NAM-OT03-02897","","","","3","3","2","3","7","1","2","1","0","0","0","0","1.5","","","","","","","0","1.5","0","","","","0","0","0","0","0","0","1.5","0.5","","0","33.33333333","0","0","16.66666667","16.66666667","0","0","50","50"
"","","UGP2014NAM-OT03","","","","","","","","","UGP2014NAM-OT03-02898","","","","3","3","2","6","7","1","3","1","10","3","1.08","0.04","5.5","8","1","1","7","5","6.12","1.12","6.62","13","0.108","0.013333333","0.086153846","13","4.333333333","10","3.333333333","1.12","0.373333333","5.5","1.833333333","76.92307692","16.918429","33.33333333","12","12.44444444","61.11111111","73.55555556","36","37.33333333","183.3333333","220.6666667"
"","","UGP2014NAM-OT03","","","","","","","","","UGP2014NAM-OT03-02899","","","","3","3","1","3","7","1","2","3","1","1","0.06","0.01","4.5","2","1","1","2","7","0.12","0.07","4.57","2","0.06","0.01","0.035","0.666666667","0.666666667","0.333333333","0.333333333","0.023333333","0.023333333","1.5","1.5","50","1.531728665","100","0.666666667","0.777777778","50","50.77777778","0.666666667","0.777777778","50","50.77777778"
"","","UGP2014NAM-OT03","","","","","","","","","UGP2014NAM-OT03-02900","","","","3","2","1","2","6","3","5","2","1","0","0.16","0","4.3","9","2","1","3","7","0.15","0.16","4.46","1","0.16","","0.16","0.5","0.333333333","0.5","0.333333333","0.08","0.053333333","2.15","1.433333333","100","3.587443946","66.66666667","1.777777778","1.777777778","47.77777778","49.55555556","2.666666667","2.666666667","71.66666667","74.33333333"
"","","UGP2014NAM-OT03","","","","","","","","","UGP2014NAM-OT03-02901","","","","3","1","1","2","8","4","4","1","1","1","0.18","0.03","2.7","2","1","1","9","7","0.12","0.21","2.91","2","0.18","0.03","0.105","2","0.666666667","1","0.333333333","0.21","0.07","2.7","0.9","50","7.216494845","33.33333333","2","2.333333333","30","32.33333333","6","7","90","97"
"","","UGP2014NAM-OT03","","","","","","","","","UGP2014NAM-OT03-02902","","","","3","3","1","2","7","1","2","3","3","0","2.5","0","1.7","2","2","2","1","1","0","2.5","4.2","3","0.833333333","","0.833333333","1","1","1","1","0.833333333","0.833333333","0.566666667","0.566666667","100","59.52380952","100","27.77777778","27.77777778","18.88888889","46.66666667","27.77777778","27.77777778","18.88888889","46.66666667"
"","","UGP2014NAM-OT03","","","","","","","","","UGP2014NAM-OT03-02903","","","","3","3","1","2","7","1","2","3","14","4","2.2","0.05","2","9","1","1","2","3","0.12","2.25","4.25","18","0.157142857","0.0125","0.125","6","6","4.666666667","4.666666667","0.75","0.75","0.666666667","0.666666667","77.77777778","52.94117647","100","24.44444444","25","22.22222222","47.22222222","24.44444444","25","22.22222222","47.22222222"
"","","UGP2014NAM-OT03","","","","","","","","","UGP2014NAM-OT03-02904","","","","3","3","1","2","5","1","3","1","7","2","0.56","0.05","2.5","2","1","1","7","7","0","0.61","3.11","9","0.08","0.025","0.067777778","9","3","7","2.333333333","0.61","0.203333333","2.5","0.833333333","77.77777778","19.61414791","33.33333333","6.222222222","6.777777778","27.77777778","34.55555556","18.66666667","20.33333333","83.33333333","103.6666667"
"","","UGP2014NAM-OT03","","","","","","","","","UGP2014NAM-OT03-02905","","","","3","2","1","2","5","1","3","2","2","0","0.2","0","5.5","2","1","1","2","7","0.15","0.2","5.7","2","0.1","","0.1","1","0.666666667","1","0.666666667","0.1","0.066666667","2.75","1.833333333","100","3.50877193","66.66666667","2.222222222","2.222222222","61.11111111","63.33333333","3.333333333","3.333333333","91.66666667","95"
"","","UGP2014NAM-OT03","","","","","","","","","UGP2014NAM-OT03-02906","","","","3","3","1","2","8","1","2","3","7","3","1.4","0.04","5","2","2","1","1","3","0","1.44","6.44","10","0.2","0.013333333","0.144","3.333333333","3.333333333","2.333333333","2.333333333","0.48","0.48","1.666666667","1.666666667","70","22.36024845","100","15.55555556","16","55.55555556","71.55555556","15.55555556","16","55.55555556","71.55555556"
"","","UGP2014NAM-OT03","","","","","","","","","UGP2014NAM-OT03-02907","","","","3","3","1","2","7","1","2","3","7","0","0.38","0","2.7","2","3","2","3","7","0.12","0.38","3.08","7","0.054285714","","0.054285714","2.333333333","2.333333333","2.333333333","2.333333333","0.126666667","0.126666667","0.9","0.9","100","12.33766234","100","4.222222222","4.222222222","30","34.22222222","4.222222222","4.222222222","30","34.22222222"
"","","UGP2014NAM-OT03","","","","","","","","","UGP2014NAM-OT03-02908","","","","3","2","1","2","9","1","2","2","15","6","3","0.12","7.1","9","1","1","5","3","0","3.12","10.22","21","0.2","0.02","0.148571429","10.5","7","7.5","5","1.56","1.04","3.55","2.366666667","71.42857143","30.52837573","66.66666667","33.33333333","34.66666667","78.88888889","113.5555556","50","52","118.3333333","170.3333333"
"","","UGP2014NAM-OT03","","","","","","","","","UGP2014NAM-OT03-02909","","","","3","0","","","","","","0","0","0","0","0","0","","","","","","","0","0","0","","","","","0","","0","","0","","0","","","0","0","0","0","0","","","",""
"","","UGP2014NAM-OT03","","","","","","","","","UGP2014NAM-OT03-02910","","","","3","0","","","","","","0","0","0","0","0","0","","","","","","","0","0","0","","","","","0","","0","","0","","0","","","0","0","0","0","0","","","",""
"","","UGP2014NAM-OT03","","","","","","","","","UGP2014NAM-OT03-02911","","","","3","2","1","3","8","1","3","2","2","3","0.2","0.06","3","9","1","1","3","7","0.02","0.26","3.26","5","0.1","0.02","0.052","2.5","1.666666667","1","0.666666667","0.13","0.086666667","1.5","1","40","7.975460123","66.66666667","2.222222222","2.888888889","33.33333333","36.22222222","3.333333333","4.333333333","50","54.33333333"
"","","UGP2014NAM-OT03","","","","","","","","","UGP2014NAM-OT03-02912","","","","3","1","2","4","5","1","3","1","0","0","0","0","0.4","","","","","","","0","0.4","0","","","","0","0","0","0","0","0","0.4","0.133333333","","0","33.33333333","0","0","4.444444444","4.444444444","0","0","13.33333333","13.33333333"
"","","UGP2014NAM-OT03","","","","","","","","","UGP2014NAM-OT03-02913","","","","3","2","1","2","6","1","3","2","3","4","0.3","0.1","2","2","1","1","2","5","0.15","0.4","2.4","7","0.1","0.025","0.057142857","3.5","2.333333333","1.5","1","0.2","0.133333333","1","0.666666667","42.85714286","16.66666667","66.66666667","3.333333333","4.444444444","22.22222222","26.66666667","5","6.666666667","33.33333333","40"
"","","UGP2014NAM-OT03","","","","","","","","","UGP2014NAM-OT03-02914","","","","3","2","1","4","6","1","2","2","0","0","0","0","1","","","","","","","0","1","0","","","","0","0","0","0","0","0","0.5","0.333333333","","0","66.66666667","0","0","11.11111111","11.11111111","0","0","16.66666667","16.66666667"
"","","UGP2014NAM-OT03","","","","","","","","","UGP2014NAM-OT03-02915","","","","3","2","1","4","7","1","3","2","5","4","0.67","0.1","8","2","1","1","7","7","0","0.77","8.77","9","0.134","0.025","0.085555556","4.5","3","2.5","1.666666667","0.385","0.256666667","4","2.666666667","55.55555556","8.779931585","66.66666667","7.444444444","8.555555556","88.88888889","97.44444444","11.16666667","12.83333333","133.3333333","146.1666667"
"","","UGP2014NAM-OT03","","","","","","","","","UGP2014NAM-OT03-02916","","","","3","3","1","2","6","2","4","2","0","0","0","0","1","","","","","","","0","1","0","","","","0","0","0","0","0","0","0.5","0.333333333","","0","66.66666667","0","0","11.11111111","11.11111111","0","0","16.66666667","16.66666667"
"","","UGP2014NAM-OT03","","","","","","","","","UGP2014NAM-OT03-02917","","","","3","3","1","2","8","2","4","2","6","6","0.46","0.12","3","9","1","1","3","5","0.12","0.58","3.58","12","0.076666667","0.02","0.048333333","6","4","3","2","0.29","0.193333333","1.5","1","50","16.20111732","66.66666667","5.111111111","6.444444444","33.33333333","39.77777778","7.666666667","9.666666667","50","59.66666667"
"","","UGP2014NAM-OT03","","","","","","","","","UGP2014NAM-OT03-02918","","","","3","3","2","2","5","1","3","2","0","0","0","0","8","","","","","","","0","8","0","","","","0","0","0","0","0","0","4","2.666666667","","0","66.66666667","0","0","88.88888889","88.88888889","0","0","133.3333333","133.3333333"
"","","UGP2014NAM-OT03","","","","","","","","","UGP2014NAM-OT03-02919","","","","3","3","2","4","6","1","2","3","8","13","0.7","0.2","5.7","6","2","1","5","5","4.41","0.9","6.6","21","0.0875","0.015384615","0.042857143","7","7","2.666666667","2.666666667","0.3","0.3","1.9","1.9","38.0952381","13.63636364","100","7.777777778","10","63.33333333","73.33333333","7.777777778","10","63.33333333","73.33333333"
"","","UGP2014NAM-OT03","","","","","","","","","UGP2014NAM-OT03-02920","","","","3","1","1","3","7","1","3","1","1","2","0.08","0.04","6.1","2","1","1","3","5","0","0.12","6.22","3","0.08","0.02","0.04","3","1","1","0.333333333","0.12","0.04","6.1","2.033333333","33.33333333","1.92926045","33.33333333","0.888888889","1.333333333","67.77777778","69.11111111","2.666666667","4","203.3333333","207.3333333"
"","","UGP2014NAM-OT03","","","","","","","","","UGP2014NAM-OT03-02921","","","","3","2","2","2","5","4","7","2","5","2","0.6","0.04","5","2","1","1","2","7","0","0.64","5.64","7","0.12","0.02","0.091428571","3.5","2.333333333","2.5","1.666666667","0.32","0.213333333","2.5","1.666666667","71.42857143","11.34751773","66.66666667","6.666666667","7.111111111","55.55555556","62.66666667","10","10.66666667","83.33333333","94"
"","","UGP2014NAM-OT03","","","","","","","","","UGP2014NAM-OT03-02922","","","","3","1","1","3","9","1","2","1","7","3","2","0.08","9.2","2","2","2","5","3","0.02","2.08","11.28","10","0.285714286","0.026666667","0.208","10","3.333333333","7","2.333333333","2.08","0.693333333","9.2","3.066666667","70","18.43971631","33.33333333","22.22222222","23.11111111","102.2222222","125.3333333","66.66666667","69.33333333","306.6666667","376"
"","","UGP2014NAM-OT03","","","","","","","","","UGP2014NAM-OT03-02923","","","","3","1","1","3","7","1","3","1","0","0","0","0","2.5","","","","","","","0","2.5","0","","","","0","0","0","0","0","0","2.5","0.833333333","","0","33.33333333","0","0","27.77777778","27.77777778","0","0","83.33333333","83.33333333"
"","","UGP2014NAM-OT03","","","","","","","","","UGP2014NAM-OT03-02924","","","","3","3","1","2","8","2","4","3","5","2","0.6","0.08","1","6","1","1","4","5","0.12","0.68","1.68","7","0.12","0.04","0.097142857","2.333333333","2.333333333","1.666666667","1.666666667","0.226666667","0.226666667","0.333333333","0.333333333","71.42857143","40.47619048","100","6.666666667","7.555555556","11.11111111","18.66666667","6.666666667","7.555555556","11.11111111","18.66666667"
"","","UGP2014NAM-OT03","","","","","","","","","UGP2014NAM-OT03-02925","","","","3","1","1","3","6","1","3","1","2","1","0.1","0.04","1.1","6","2","1","6","7","0","0.14","1.24","3","0.05","0.04","0.046666667","3","1","2","0.666666667","0.14","0.046666667","1.1","0.366666667","66.66666667","11.29032258","33.33333333","1.111111111","1.555555556","12.22222222","13.77777778","3.333333333","4.666666667","36.66666667","41.33333333"
"","","UGP2014NAM-OT03","","","","","","","","","UGP2014NAM-OT03-02926","","","","3","1","2","2","8","1","2","1","5","2","0.64","0.01","3","2","1","1","5","3","0.02","0.65","3.65","7","0.128","0.005","0.092857143","7","2.333333333","5","1.666666667","0.65","0.216666667","3","1","71.42857143","17.80821918","33.33333333","7.111111111","7.222222222","33.33333333","40.55555556","21.33333333","21.66666667","100","121.6666667"
"","","UGP2014NAM-OT03","","","","","","","","","UGP2014NAM-OT03-02927","","","","3","1","2","2","6","1","2","1","0","0","0","0","1.2","","","","","","","0","1.2","0","","","","0","0","0","0","0","0","1.2","0.4","","0","33.33333333","0","0","13.33333333","13.33333333","0","0","40","40"
"","","UGP2014NAM-OT03","","","","","","","","","UGP2014NAM-OT03-02928","","","","3","0","","","","","","0","0","0","0","0","0","","","","","","","0","0","0","","","","","0","","0","","0","","0","","","0","0","0","0","0","","","",""
"","","UGP2014NAM-OT03","","","","","","","","","UGP2014NAM-OT03-02929","","","","3","1","1","2","8","1","2","1","4","3","0.22","0.04","3","9","1","1","9","7","0.12","0.26","3.26","7","0.055","0.013333333","0.037142857","7","2.333333333","4","1.333333333","0.26","0.086666667","3","1","57.14285714","7.975460123","33.33333333","2.444444444","2.888888889","33.33333333","36.22222222","7.333333333","8.666666667","100","108.6666667"
"","","UGP2014NAM-OT03","","","","","","","","","UGP2014NAM-OT03-02930","","","","3","1","1","2","7","1","3","1","6","1","0.68","0.01","1.5","2","1","1","3","3","0","0.69","2.19","7","0.113333333","0.01","0.098571429","7","2.333333333","6","2","0.69","0.23","1.5","0.5","85.71428571","31.50684932","33.33333333","7.555555556","7.666666667","16.66666667","24.33333333","22.66666667","23","50","73"
"","","UGP2014NAM-OT03","","","","","","","","","UGP2014NAM-OT03-02931","","","","3","1","2","2","7","1","2","1","2","1","0.26","0.04","5.5","2","1","1","2","3","0.12","0.3","5.8","3","0.13","0.04","0.1","3","1","2","0.666666667","0.3","0.1","5.5","1.833333333","66.66666667","5.172413793","33.33333333","2.888888889","3.333333333","61.11111111","64.44444444","8.666666667","10","183.3333333","193.3333333"
"","","UGP2014NAM-OT03","","","","","","","","","UGP2014NAM-OT03-02932","","","","3","0","","","","","","0","0","0","0","0","0","","","","","","","0","0","0","","","","","0","","0","","0","","0","","","0","0","0","0","0","","","",""
"","","UGP2014NAM-OT03","","","","","","","","","UGP2014NAM-OT03-02933","","","","3","1","1","4","9","1","2","1","1","0","0.08","0","1","9","1","1","2","7","0.02","0.08","1.08","1","0.08","","0.08","1","0.333333333","1","0.333333333","0.08","0.026666667","1","0.333333333","100","7.407407407","33.33333333","0.888888889","0.888888889","11.11111111","12","2.666666667","2.666666667","33.33333333","36"
"","","UGP2014NAM-OT03","","","","","","","","","UGP2014NAM-OT03-02934","","","","3","3","1","6","6","2","4","1","0","0","0","0","2","","","","","","","0","2","0","","","","0","0","0","0","0","0","2","0.666666667","","0","33.33333333","0","0","22.22222222","22.22222222","0","0","66.66666667","66.66666667"
"","","UGP2014NAM-OT03","","","","","","","","","UGP2014NAM-OT03-02935","","","","3","3","1","2","6","2","4","1","0","0","0","0","1.5","","","","","","","0","1.5","0","","","","0","0","0","0","0","0","1.5","0.5","","0","33.33333333","0","0","16.66666667","16.66666667","0","0","50","50"
"","","UGP2014NAM-OT03","","","","","","","","","UGP2014NAM-OT03-02936","","","","3","1","2","2","7","1","2","1","8","2","0.32","0.05","2","2","1","1","2","7","3.03","0.37","2.37","10","0.04","0.025","0.037","10","3.333333333","8","2.666666667","0.37","0.123333333","2","0.666666667","80","15.61181435","33.33333333","3.555555556","4.111111111","22.22222222","26.33333333","10.66666667","12.33333333","66.66666667","79"
"","","UGP2014NAM-OT03","","","","","","","","","UGP2014NAM-OT03-02937","","","","3","2","2","2","6","1","2","2","0","0","0","0","1.8","","","","","","","0","1.8","0","","","","0","0","0","0","0","0","0.9","0.6","","0","66.66666667","0","0","20","20","0","0","30","30"
"","","UGP2014NAM-OT03","","","","","","","","","UGP2014NAM-OT03-02938","","","","3","0","","","","","","0","0","0","0","0","0","","","","","","","0","0","0","","","","","0","","0","","0","","0","","","0","0","0","0","0","","","",""
"","","UGP2014NAM-OT03","","","","","","","","","UGP2014NAM-OT03-02939","","","","3","2","2","2","6","1","3","2","6","0","1.08","0","4.5","2","2","1","5","3","0","1.08","5.58","6","0.18","","0.18","3","2","3","2","0.54","0.36","2.25","1.5","100","19.35483871","66.66666667","12","12","50","62","18","18","75","93"
"","","UGP2014NAM-OT03","","","","","","","","","UGP2014NAM-OT03-02940","","","","3","3","1","2","7","4","6","1","3","3","0.4","0.03","8","9","1","1","9","5","0","0.43","8.43","6","0.133333333","0.01","0.071666667","6","2","3","1","0.43","0.143333333","8","2.666666667","50","5.100830368","33.33333333","4.444444444","4.777777778","88.88888889","93.66666667","13.33333333","14.33333333","266.6666667","281"
"","","UGP2014NAM-OT03","","","","","","","","","UGP2014NAM-OT03-02941","","","","3","0","","","","","","0","0","0","0","0","0","","","","","","","0","0","0","","","","","0","","0","","0","","0","","","0","0","0","0","0","","","",""
"","","UGP2014NAM-OT03","","","","","","","","","UGP2014NAM-OT03-02942","","","","3","1","1","2","5","1","2","1","0","0","0","0","0.7","","","","","","","0","0.7","0","","","","0","0","0","0","0","0","0.7","0.233333333","","0","33.33333333","0","0","7.777777778","7.777777778","0","0","23.33333333","23.33333333"
"","","UGP2014NAM-OT03","","","","","","","","","UGP2014NAM-OT03-02943","","","","3","1","1","4","6","1","2","1","0","0","0","0","3.5","","","","","","","0","3.5","0","","","","0","0","0","0","0","0","3.5","1.166666667","","0","33.33333333","0","0","38.88888889","38.88888889","0","0","116.6666667","116.6666667"
"","","UGP2014NAM-OT03","","","","","","","","","UGP2014NAM-OT03-02944","","","","3","2","1","4","6","2","3","2","0","0","0","0","1.7","","","","","","","0","1.7","0","","","","0","0","0","0","0","0","0.85","0.566666667","","0","66.66666667","0","0","18.88888889","18.88888889","0","0","28.33333333","28.33333333"
"","","UGP2014NAM-OT03","","","","","","","","","UGP2014NAM-OT03-02945","","","","3","3","1","2","6","1","2","1","1","0","0.12","0","0.7","2","1","1","7","7","0","0.12","0.82","1","0.12","","0.12","1","0.333333333","1","0.333333333","0.12","0.04","0.7","0.233333333","100","14.63414634","33.33333333","1.333333333","1.333333333","7.777777778","9.111111111","4","4","23.33333333","27.33333333"
"","","UGP2014NAM-OT03","","","","","","","","","UGP2014NAM-OT03-02946","","","","3","3","1","2","7","1","3","1","9","4","0.9","0.08","4","9","1","1","9","3","0","0.98","4.98","13","0.1","0.02","0.075384615","13","4.333333333","9","3","0.98","0.326666667","4","1.333333333","69.23076923","19.67871486","33.33333333","10","10.88888889","44.44444444","55.33333333","30","32.66666667","133.3333333","166"
"","","UGP2014NAM-OT03","","","","","","","","","UGP2014NAM-OT03-02947","","","","3","3","2","2","5","1","2","1","4","0","0.52","0","0.5","9","2","1","2","5","0","0.52","1.02","4","0.13","","0.13","4","1.333333333","4","1.333333333","0.52","0.173333333","0.5","0.166666667","100","50.98039216","33.33333333","5.777777778","5.777777778","5.555555556","11.33333333","17.33333333","17.33333333","16.66666667","34"
"","","UGP2014NAM-OT03","","","","","","","","","UGP2014NAM-OT03-02948","","","","3","2","1","2","7","1","3","2","6","10","0.4","0.12","4.7","6","1","1","1","5","7.76","0.52","5.22","16","0.066666667","0.012","0.0325","8","5.333333333","3","2","0.26","0.173333333","2.35","1.566666667","37.5","9.961685824","66.66666667","4.444444444","5.777777778","52.22222222","58","6.666666667","8.666666667","78.33333333","87"
"","","UGP2014NAM-OT03","","","","","","","","","UGP2014NAM-OT03-02949","","","","3","2","1","2","6","3","5","2","8","2","2","0.04","1.7","9","1","1","6","1","0.12","2.04","3.74","10","0.25","0.02","0.204","5","3.333333333","4","2.666666667","1.02","0.68","0.85","0.566666667","80","54.54545455","66.66666667","22.22222222","22.66666667","18.88888889","41.55555556","33.33333333","34","28.33333333","62.33333333"
"","","UGP2014NAM-OT03","","","","","","","","","UGP2014NAM-OT03-02950","","","","3","1","1","2","7","1","2","1","4","0","1","0","1.5","2","1","1","2","3","3.96","1","2.5","4","0.25","","0.25","4","1.333333333","4","1.333333333","1","0.333333333","1.5","0.5","100","40","33.33333333","11.11111111","11.11111111","16.66666667","27.77777778","33.33333333","33.33333333","50","83.33333333"
"","","UGP2014NAM-OT03","","","","","","","","","UGP2014NAM-OT03-02951","","","","3","2","1","3","8","1","2","2","6","4","0.6","0.08","3.5","8","1","1","5","5","0.15","0.68","4.18","10","0.1","0.02","0.068","5","3.333333333","3","2","0.34","0.226666667","1.75","1.166666667","60","16.26794258","66.66666667","6.666666667","7.555555556","38.88888889","46.44444444","10","11.33333333","58.33333333","69.66666667"
"","","UGP2014NAM-OT03","","","","","","","","","UGP2014NAM-OT03-02952","","","","3","1","2","2","4","1","2","1","0","0","0","0","0.01","","","","","","","0","0.01","0","","","","0","0","0","0","0","0","0.01","0.003333333","","0","33.33333333","0","0","0.111111111","0.111111111","0","0","0.333333333","0.333333333"
"","","UGP2014NAM-OT03","","","","","","","","","UGP2014NAM-OT03-02953","","","","3","0","","","","","","0","0","0","0","0","0","","","","","","","0","0","0","","","","","0","","0","","0","","0","","","0","0","0","0","0","","","",""
"","","UGP2014NAM-OT03","","","","","","","","","UGP2014NAM-OT03-02954","","","","3","1","2","2","6","1","2","1","2","1","0.78","0.03","1.5","8","2","5","1","1","3.96","0.81","2.31","3","0.39","0.03","0.27","3","1","2","0.666666667","0.81","0.27","1.5","0.5","66.66666667","35.06493506","33.33333333","8.666666667","9","16.66666667","25.66666667","26","27","50","77"
"","","UGP2014NAM-OT03","","","","","","","","","UGP2014NAM-OT03-02955","","","","3","1","1","2","6","1","2","1","2","0","0.38","0","2.5","9","1","1","6","3","0","0.38","2.88","2","0.19","","0.19","2","0.666666667","2","0.666666667","0.38","0.126666667","2.5","0.833333333","100","13.19444444","33.33333333","4.222222222","4.222222222","27.77777778","32","12.66666667","12.66666667","83.33333333","96"
"","","UGP2014NAM-OT03","","","","","","","","","UGP2014NAM-OT03-02956","","","","3","2","1","6","8","2","3","2","3","0","1.04","0","4","6","2","1","1","1","0","1.04","5.04","3","0.346666667","","0.346666667","1.5","1","1.5","1","0.52","0.346666667","2","1.333333333","100","20.63492063","66.66666667","11.55555556","11.55555556","44.44444444","56","17.33333333","17.33333333","66.66666667","84"
"","","UGP2014NAM-OT03","","","","","","","","","UGP2014NAM-OT03-02957","","","","3","2","3","4","7","1","2","2","3","0","0.78","0","4.5","8","1","1","4","3","3.96","0.78","5.28","3","0.26","","0.26","1.5","1","1.5","1","0.39","0.26","2.25","1.5","100","14.77272727","66.66666667","8.666666667","8.666666667","50","58.66666667","13","13","75","88"
"","","UGP2014NAM-OT03","","","","","","","","","UGP2014NAM-OT03-02958","","","","3","1","3","3","7","1","3","1","6","0","0.5","0","3","6","1","1","3","7","0.12","0.5","3.5","6","0.083333333","","0.083333333","6","2","6","2","0.5","0.166666667","3","1","100","14.28571429","33.33333333","5.555555556","5.555555556","33.33333333","38.88888889","16.66666667","16.66666667","100","116.6666667"
"","","UGP2014NAM-OT03","","","","","","","","","UGP2014NAM-OT03-02959","","","","3","1","2","2","6","1","2","1","0","0","0","0","0.3","","","","","","","0","0.3","0","","","","0","0","0","0","0","0","0.3","0.1","","0","33.33333333","0","0","3.333333333","3.333333333","0","0","10","10"
"","","UGP2014NAM-OT03","","","","","","","","","UGP2014NAM-OT03-02960","","","","3","3","2","2","9","1","2","3","1","0","0.05","0","1.2","9","1","1","1","7","0","0.05","1.25","1","0.05","","0.05","0.333333333","0.333333333","0.333333333","0.333333333","0.016666667","0.016666667","0.4","0.4","100","4","100","0.555555556","0.555555556","13.33333333","13.88888889","0.555555556","0.555555556","13.33333333","13.88888889"
"","","UGP2014NAM-OT03","","","","","","","","","UGP2014NAM-OT03-02961","","","","3","0","","","","","","0","0","0","0","0","0","","","","","","","0","0","0","","","","","0","","0","","0","","0","","","0","0","0","0","0","","","",""
"","","UGP2014NAM-OT03","","","","","","","","","UGP2014NAM-OT03-02962","","","","3","2","1","2","7","3","5","2","8","1","0.98","0.04","2","5","2","1","9","3","0.03","1.02","3.02","9","0.1225","0.04","0.113333333","4.5","3","4","2.666666667","0.51","0.34","1","0.666666667","88.88888889","33.77483444","66.66666667","10.88888889","11.33333333","22.22222222","33.55555556","16.33333333","17","33.33333333","50.33333333"
"","","UGP2014NAM-OT03","","","","","","","","","UGP2014NAM-OT03-02963","","","","3","1","1","2","6","2","3","1","1","0","1.1","0","1.5","5","1","1","2","1","0.03","1.1","2.6","1","1.1","","1.1","1","0.333333333","1","0.333333333","1.1","0.366666667","1.5","0.5","100","42.30769231","33.33333333","12.22222222","12.22222222","16.66666667","28.88888889","36.66666667","36.66666667","50","86.66666667"
"","","UGP2014NAM-OT03","","","","","","","","","UGP2014NAM-OT03-02964","","","","3","2","1","2","5","1","2","2","4","0","0.38","0","0.6","5","1","2","2","5","0.03","0.38","0.98","4","0.095","","0.095","2","1.333333333","2","1.333333333","0.19","0.126666667","0.3","0.2","100","38.7755102","66.66666667","4.222222222","4.222222222","6.666666667","10.88888889","6.333333333","6.333333333","10","16.33333333"
"","","UGP2014NAM-OT03","","","","","","","","","UGP2014NAM-OT03-02965","","","","3","3","1","2","5","2","3","1","0","0","0","0","0.7","","","","","","","0","0.7","0","","","","0","0","0","0","0","0","0.7","0.233333333","","0","33.33333333","0","0","7.777777778","7.777777778","0","0","23.33333333","23.33333333"
"","","UGP2014NAM-OT03","","","","","","","","","UGP2014NAM-OT03-02966","","","","3","2","1","2","9","1","2","2","4","0","0.3","0","5.7","6","1","1","3","7","0.02","0.3","6","4","0.075","","0.075","2","1.333333333","2","1.333333333","0.15","0.1","2.85","1.9","100","5","66.66666667","3.333333333","3.333333333","63.33333333","66.66666667","5","5","95","100"
"","","UGP2014NAM-OT03","","","","","","","","","UGP2014NAM-OT03-02967","","","","3","1","2","4","8","1","3","1","7","7","0.7","0.1","1.2","8","1","2","2","5","1.5","0.8","2","14","0.1","0.014285714","0.057142857","14","4.666666667","7","2.333333333","0.8","0.266666667","1.2","0.4","50","40","33.33333333","7.777777778","8.888888889","13.33333333","22.22222222","23.33333333","26.66666667","40","66.66666667"
"","","UGP2014NAM-OT03","","","","","","","","","UGP2014NAM-OT03-02968","","","","3","3","5","6","9","1","3","1","6","3","0.3","0.08","2.7","9","1","1","2","7","4.41","0.38","3.08","9","0.05","0.026666667","0.042222222","9","3","6","2","0.38","0.126666667","2.7","0.9","66.66666667","12.33766234","33.33333333","3.333333333","4.222222222","30","34.22222222","10","12.66666667","90","102.6666667"
"","","UGP2014NAM-OT03","","","","","","","","","UGP2014NAM-OT03-02969","","","","3","3","1","2","7","1","2","3","1","0","0.2","0","1.7","2","1","3","5","3","0","0.2","1.9","1","0.2","","0.2","0.333333333","0.333333333","0.333333333","0.333333333","0.066666667","0.066666667","0.566666667","0.566666667","100","10.52631579","100","2.222222222","2.222222222","18.88888889","21.11111111","2.222222222","2.222222222","18.88888889","21.11111111"
"","","UGP2014NAM-OT03","","","","","","","","","UGP2014NAM-OT03-02970","","","","3","2","2","3","8","1","2","2","7","3","0.88","0.04","2","9","2","4","1","3","0.12","0.92","2.92","10","0.125714286","0.013333333","0.092","5","3.333333333","3.5","2.333333333","0.46","0.306666667","1","0.666666667","70","31.50684932","66.66666667","9.777777778","10.22222222","22.22222222","32.44444444","14.66666667","15.33333333","33.33333333","48.66666667"
"","","UGP2014NAM-OT03","","","","","","","","","UGP2014NAM-OT03-02971","","","","3","1","2","2","8","1","2","1","4","2","0.38","0.03","1.3","2","1","1","7","3","0","0.41","1.71","6","0.095","0.015","0.068333333","6","2","4","1.333333333","0.41","0.136666667","1.3","0.433333333","66.66666667","23.97660819","33.33333333","4.222222222","4.555555556","14.44444444","19","12.66666667","13.66666667","43.33333333","57"
"","","UGP2014NAM-OT03","","","","","","","","","UGP2014NAM-OT03-02972","","","","3","1","2","2","7","1","2","1","0","0","0","0","3.2","","","","","","","0","3.2","0","","","","0","0","0","0","0","0","3.2","1.066666667","","0","33.33333333","0","0","35.55555556","35.55555556","0","0","106.6666667","106.6666667"
"","","UGP2014NAM-OT03","","","","","","","","","UGP2014NAM-OT03-02973","","","","3","0","","","","","","0","0","0","0","0","0","","","","","","","0","0","0","","","","","0","","0","","0","","0","","","0","0","0","0","0","","","",""
"","","UGP2014NAM-OT03","","","","","","","","","UGP2014NAM-OT03-02974","","","","3","1","1","2","8","1","2","1","7","0","1.28","0","12","2","1","1","5","1","0.12","1.28","13.28","7","0.182857143","","0.182857143","7","2.333333333","7","2.333333333","1.28","0.426666667","12","4","100","9.638554217","33.33333333","14.22222222","14.22222222","133.3333333","147.5555556","42.66666667","42.66666667","400","442.6666667"
"","","UGP2014NAM-OT03","","","","","","","","","UGP2014NAM-OT03-02975","","","","3","2","1","4","8","1","2","2","0","0","0","0","8","","","","","","","0","8","0","","","","0","0","0","0","0","0","4","2.666666667","","0","66.66666667","0","0","88.88888889","88.88888889","0","0","133.3333333","133.3333333"
"","","UGP2014NAM-OT03","","","","","","","","","UGP2014NAM-OT03-02976","","","","3","1","1","2","8","1","3","1","2","0","1.3","0","2","6","2","2","1","1","0","1.3","3.3","2","0.65","","0.65","2","0.666666667","2","0.666666667","1.3","0.433333333","2","0.666666667","100","39.39393939","33.33333333","14.44444444","14.44444444","22.22222222","36.66666667","43.33333333","43.33333333","66.66666667","110"
"","","UGP2014NAM-OT03","","","","","","","","","UGP2014NAM-OT03-02977","","","","3","1","1","4","6","2","3","1","0","0","0","0","3.7","","","","","","","0","3.7","0","","","","0","0","0","0","0","0","3.7","1.233333333","","0","33.33333333","0","0","41.11111111","41.11111111","0","0","123.3333333","123.3333333"
"","","UGP2014NAM-OT03","","","","","","","","","UGP2014NAM-OT03-02978","","","","3","2","1","4","5","1","3","2","4","0","0.4","0","2","8","1","1","8","5","0","0.4","2.4","4","0.1","","0.1","2","1.333333333","2","1.333333333","0.2","0.133333333","1","0.666666667","100","16.66666667","66.66666667","4.444444444","4.444444444","22.22222222","26.66666667","6.666666667","6.666666667","33.33333333","40"
"","","UGP2014NAM-OT03","","","","","","","","","UGP2014NAM-OT03-02979","","","","3","2","2","2","5","1","2","2","0","0","0","0","1.2","","","","","","","0","1.2","0","","","","0","0","0","0","0","0","0.6","0.4","","0","66.66666667","0","0","13.33333333","13.33333333","0","0","20","20"
"","","UGP2014NAM-OT03","","","","","","","","","UGP2014NAM-OT03-02980","","","","3","0","","","","","","0","0","0","0","0","0","","","","","","","0","0","0","","","","","0","","0","","0","","0","","","0","0","0","0","0","","","",""
"","","UGP2014NAM-OT03","","","","","","","","","UGP2014NAM-OT03-02981","","","","3","0","","","","","","0","0","0","0","0","0","","","","","","","0","0","0","","","","","0","","0","","0","","0","","","0","0","0","0","0","","","",""
"","","UGP2014NAM-OT03","","","","","","","","","UGP2014NAM-OT03-02982","","","","3","2","2","3","7","2","4","2","0","0","0","0","8.2","","","","","","","0","8.2","0","","","","0","0","0","0","0","0","4.1","2.733333333","","0","66.66666667","0","0","91.11111111","91.11111111","0","0","136.6666667","136.6666667"
"","","UGP2014NAM-OT03","","","","","","","","","UGP2014NAM-OT03-02983","","","","3","1","1","3","7","3","5","1","6","0","1.7","0","2","2","1","1","5","1","0","1.7","3.7","6","0.283333333","","0.283333333","6","2","6","2","1.7","0.566666667","2","0.666666667","100","45.94594595","33.33333333","18.88888889","18.88888889","22.22222222","41.11111111","56.66666667","56.66666667","66.66666667","123.3333333"
"","","UGP2014NAM-OT03","","","","","","","","","UGP2014NAM-OT03-02984","","","","3","2","1","2","8","1","2","2","3","0","0.4","0","2.5","2","1","1","3","3","0","0.4","2.9","3","0.133333333","","0.133333333","1.5","1","1.5","1","0.2","0.133333333","1.25","0.833333333","100","13.79310345","66.66666667","4.444444444","4.444444444","27.77777778","32.22222222","6.666666667","6.666666667","41.66666667","48.33333333"
"","","UGP2014NAM-OT03","","","","","","","","","UGP2014NAM-OT03-02985","","","","3","0","","","","","","0","0","0","0","0","0","","","","","","","0","0","0","","","","","0","","0","","0","","0","","","0","0","0","0","0","","","",""
"","","UGP2014NAM-OT03","","","","","","","","","UGP2014NAM-OT03-02986","","","","3","0","","","","","","0","0","0","0","0","0","","","","","","","0","0","0","","","","","0","","0","","0","","0","","","0","0","0","0","0","","","",""
"","","UGP2014NAM-OT03","","","","","","","","","UGP2014NAM-OT03-02987","","","","3","0","","","","","","0","0","0","0","0","0","","","","","","","0","0","0","","","","","0","","0","","0","","0","","","0","0","0","0","0","","","",""
"","","UGP2014NAM-OT03","","","","","","","","","UGP2014NAM-OT03-02988","","","","3","2","1","2","8","2","4","2","4","3","1","0.1","10.1","9","2","1","2","3","0.12","1.1","11.2","7","0.25","0.033333333","0.157142857","3.5","2.333333333","2","1.333333333","0.55","0.366666667","5.05","3.366666667","57.14285714","9.821428571","66.66666667","11.11111111","12.22222222","112.2222222","124.4444444","16.66666667","18.33333333","168.3333333","186.6666667"
"","","UGP2014NAM-OT03","","","","","","","","","UGP2014NAM-OT03-02989","","","","3","2","1","2","5","1","3","2","2","0","0.28","0","0.5","2","1","1","2","5","0","0.28","0.78","2","0.14","","0.14","1","0.666666667","1","0.666666667","0.14","0.093333333","0.25","0.166666667","100","35.8974359","66.66666667","3.111111111","3.111111111","5.555555556","8.666666667","4.666666667","4.666666667","8.333333333","13"
"","","UGP2014NAM-OT03","","","","","","","","","UGP2014NAM-OT03-02990","","","","3","1","1","2","6","1","3","1","1","4","1","0.1","1","2","2","2","9","1","0","1.1","2.1","5","1","0.025","0.22","5","1.666666667","1","0.333333333","1.1","0.366666667","1","0.333333333","20","52.38095238","33.33333333","11.11111111","12.22222222","11.11111111","23.33333333","33.33333333","36.66666667","33.33333333","70"
"","","UGP2014NAM-OT03","","","","","","","","","UGP2014NAM-OT03-02991","","","","3","2","1","2","7","1","2","2","5","2","1","0.04","1.5","2","1","1","1","1","0","1.04","2.54","7","0.2","0.02","0.148571429","3.5","2.333333333","2.5","1.666666667","0.52","0.346666667","0.75","0.5","71.42857143","40.94488189","66.66666667","11.11111111","11.55555556","16.66666667","28.22222222","16.66666667","17.33333333","25","42.33333333"
"","","UGP2014NAM-OT03","","","","","","","","","UGP2014NAM-OT03-02992","","","","3","1","1","5","6","1","2","1","2","2","0.24","0.03","1.2","9","1","1","2","7","0.12","0.27","1.47","4","0.12","0.015","0.0675","4","1.333333333","2","0.666666667","0.27","0.09","1.2","0.4","50","18.36734694","33.33333333","2.666666667","3","13.33333333","16.33333333","8","9","40","49"
"","","UGP2014NAM-OT03","","","","","","","","","UGP2014NAM-OT03-02993","","","","3","1","2","2","6","1","2","1","0","0","0","0","1","","","","","","","0","1","0","","","","0","0","0","0","0","0","1","0.333333333","","0","33.33333333","0","0","11.11111111","11.11111111","0","0","33.33333333","33.33333333"
"","","UGP2014NAM-OT03","","","","","","","","","UGP2014NAM-OT03-02994","","","","3","2","1","2","9","1","2","2","4","4","0.28","0.1","7.5","9","1","1","8","7","0","0.38","7.88","8","0.07","0.025","0.0475","4","2.666666667","2","1.333333333","0.19","0.126666667","3.75","2.5","50","4.822335025","66.66666667","3.111111111","4.222222222","83.33333333","87.55555556","4.666666667","6.333333333","125","131.3333333"
"","","UGP2014NAM-OT03","","","","","","","","","UGP2014NAM-OT03-02995","","","","3","3","1","2","6","1","2","1","2","0","0.18","0","0.5","2","1","1","2","7","3.96","0.18","0.68","2","0.09","","0.09","2","0.666666667","2","0.666666667","0.18","0.06","0.5","0.166666667","100","26.47058824","33.33333333","2","2","5.555555556","7.555555556","6","6","16.66666667","22.66666667"
"","","UGP2014NAM-OT03","","","","","","","","","UGP2014NAM-OT03-02996","","","","3","3","1","2","7","1","2","1","2","0","0.6","0","1","2","1","1","3","3","3.96","0.6","1.6","2","0.3","","0.3","2","0.666666667","2","0.666666667","0.6","0.2","1","0.333333333","100","37.5","33.33333333","6.666666667","6.666666667","11.11111111","17.77777778","20","20","33.33333333","53.33333333"
"","","UGP2014NAM-OT03","","","","","","","","","UGP2014NAM-OT03-02997","","","","3","3","1","4","7","1","2","1","0","2","0","0.08","2","6","1","1","3","9","1.5","0.08","2.08","2","","0.04","0.04","2","0.666666667","0","0","0.08","0.026666667","2","0.666666667","0","3.846153846","33.33333333","0","0.888888889","22.22222222","23.11111111","0","2.666666667","66.66666667","69.33333333"
"","","UGP2014NAM-OT03","","","","","","","","","UGP2014NAM-OT03-02998","","","","3","1","1","3","6","2","3","1","0","0","0","0","1.5","","","","","","","0","1.5","0","","","","0","0","0","0","0","0","1.5","0.5","","0","33.33333333","0","0","16.66666667","16.66666667","0","0","50","50"
"","","UGP2014NAM-OT03","","","","","","","","","UGP2014NAM-OT03-02999","","","","3","1","1","2","7","1","3","1","0","0","0","0","1.7","","","","","","","0","1.7","0","","","","0","0","0","0","0","0","1.7","0.566666667","","0","33.33333333","0","0","18.88888889","18.88888889","0","0","56.66666667","56.66666667"
"","","UGP2014NAM-OT03","","","","","","","","","UGP2014NAM-OT03-03000","","","","3","0","","","","","","0","0","0","0","0","0","","","","","","","0","0","0","","","","","0","","0","","0","","0","","","0","0","0","0","0","","","",""
"","","UGP2014NAM-OT03","","","","","","","","","UGP2014NAM-OT03-03001","","","","3","0","","","","","","0","0","0","0","0","0","","","","","","","0","0","0","","","","","0","","0","","0","","0","","","0","0","0","0","0","","","",""
"","","UGP2014NAM-OT03","","","","","","","","","UGP2014NAM-OT03-03002","","","","3","2","2","2","6","1","3","2","0","0","0","0","5.5","","","","","","","0","5.5","0","","","","0","0","0","0","0","0","2.75","1.833333333","","0","66.66666667","0","0","61.11111111","61.11111111","0","0","91.66666667","91.66666667"
"","","UGP2014NAM-OT03","","","","","","","","","UGP2014NAM-OT03-03003","","","","3","2","3","4","7","2","4","2","0","0","0","0","1.6","","","","","","","0","1.6","0","","","","0","0","0","0","0","0","0.8","0.533333333","","0","66.66666667","0","0","17.77777778","17.77777778","0","0","26.66666667","26.66666667"
"","","UGP2014NAM-OT03","","","","","","","","","UGP2014NAM-OT03-03004","","","","3","1","3","3","7","2","3","1","0","0","0","0","3","","","","","","","0","3","0","","","","0","0","0","0","0","0","3","1","","0","33.33333333","0","0","33.33333333","33.33333333","0","0","100","100"
"","","UGP2014NAM-OT03","","","","","","","","","UGP2014NAM-OT03-03005","","","","3","2","2","4","7","1","3","2","8","1","0.68","0.04","3.1","8","1","1","5","5","0","0.72","3.82","9","0.085","0.04","0.08","4.5","3","4","2.666666667","0.36","0.24","1.55","1.033333333","88.88888889","18.84816754","66.66666667","7.555555556","8","34.44444444","42.44444444","11.33333333","12","51.66666667","63.66666667"
"","","UGP2014NAM-OT03","","","","","","","","","UGP2014NAM-OT03-03006","","","","3","2","1","2","8","1","2","2","0","0","0","0","8.5","","","","","","","0","8.5","0","","","","0","0","0","0","0","0","4.25","2.833333333","","0","66.66666667","0","0","94.44444444","94.44444444","0","0","141.6666667","141.6666667"
"","","UGP2014NAM-OT03","","","","","","","","","UGP2014NAM-OT03-03007","","","","3","2","1","2","9","1","2","2","7","7","0.5","0.16","12","2","1","1","3","5","0","0.66","12.66","14","0.071428571","0.022857143","0.047142857","7","4.666666667","3.5","2.333333333","0.33","0.22","6","4","50","5.213270142","66.66666667","5.555555556","7.333333333","133.3333333","140.6666667","8.333333333","11","200","211"
"","","UGP2014NAM-OT03","","","","","","","","","UGP2014NAM-OT03-03008","","","","3","0","","","","","","0","0","0","0","0","0","","","","","","","0","0","0","","","","","0","","0","","0","","0","","","0","0","0","0","0","","","",""
"","","UGP2014NAM-OT03","","","","","","","","","UGP2014NAM-OT03-03009","","","","3","2","2","3","6","1","2","2","2","0","0.4","0","0.4","8","1","1","1","3","3.96","0.4","0.8","2","0.2","","0.2","1","0.666666667","1","0.666666667","0.2","0.133333333","0.2","0.133333333","100","50","66.66666667","4.444444444","4.444444444","4.444444444","8.888888889","6.666666667","6.666666667","6.666666667","13.33333333"
"","","UGP2014NAM-OT03","","","","","","","","","UGP2014NAM-OT03-03010","","","","3","2","2","4","6","1","2","1","2","0","0.32","0","1","2","1","2","1","3","1.65","0.32","1.32","2","0.16","","0.16","2","0.666666667","2","0.666666667","0.32","0.106666667","1","0.333333333","100","24.24242424","33.33333333","3.555555556","3.555555556","11.11111111","14.66666667","10.66666667","10.66666667","33.33333333","44"
"","","UGP2014NAM-OT03","","","","","","","","","UGP2014NAM-OT03-03011","","","","3","2","2","2","4","1","2","2","0","0","0","0","0.5","","","","","","","0","0.5","0","","","","0","0","0","0","0","0","0.25","0.166666667","","0","66.66666667","0","0","5.555555556","5.555555556","0","0","8.333333333","8.333333333"
"","","UGP2014NAM-OT03","","","","","","","","","UGP2014NAM-OT03-03012","","","","3","1","2","2","7","2","3","1","3","0","0.2","0","1.4","9","1","1","9","7","0.15","0.2","1.6","3","0.066666667","","0.066666667","3","1","3","1","0.2","0.066666667","1.4","0.466666667","100","12.5","33.33333333","2.222222222","2.222222222","15.55555556","17.77777778","6.666666667","6.666666667","46.66666667","53.33333333"
"","","UGP2014NAM-OT03","","","","","","","","","UGP2014NAM-OT03-03013","","","","3","0","","","","","","0","0","0","0","0","0","","","","","","","0","0","0","","","","","0","","0","","0","","0","","","0","0","0","0","0","","","",""
"","","UGP2014NAM-OT03","","","","","","","","","UGP2014NAM-OT03-03014","","","","3","1","2","2","8","1","2","1","1","0","0.12","0","2","9","1","1","8","5","0","0.12","2.12","1","0.12","","0.12","1","0.333333333","1","0.333333333","0.12","0.04","2","0.666666667","100","5.660377358","33.33333333","1.333333333","1.333333333","22.22222222","23.55555556","4","4","66.66666667","70.66666667"
"","","UGP2014NAM-OT03","","","","","","","","","UGP2014NAM-OT03-03015","","","","3","3","2","2","7","2","4","3","0","0","0","0","1","","","","","","","0","1","0","","","","0","0","0","0","0","0","0.333333333","0.333333333","","0","100","0","0","11.11111111","11.11111111","0","0","11.11111111","11.11111111"
"","","UGP2014NAM-OT03","","","","","","","","","UGP2014NAM-OT03-03016","","","","3","0","","","","","","0","0","0","0","0","0","","","","","","","0","0","0","","","","","0","","0","","0","","0","","","0","0","0","0","0","","","",""
"","","UGP2014NAM-OT03","","","","","","","","","UGP2014NAM-OT03-03017","","","","3","1","1","2","7","1","2","1","16","26","0.68","0.38","1.3","2","1","1","8","7","0","1.06","2.36","42","0.0425","0.014615385","0.025238095","42","14","16","5.333333333","1.06","0.353333333","1.3","0.433333333","38.0952381","44.91525424","33.33333333","7.555555556","11.77777778","14.44444444","26.22222222","22.66666667","35.33333333","43.33333333","78.66666667"
"","","UGP2014NAM-OT03","","","","","","","","","UGP2014NAM-OT03-03018","","","","3","0","","","","","","0","0","0","0","0","0","","","","","","","0","0","0","","","","","0","","0","","0","","0","","","0","0","0","0","0","","","",""
"","","UGP2014NAM-OT03","","","","","","","","","UGP2014NAM-OT03-03019","","","","3","1","1","2","7","1","2","1","2","0","0.18","0","1","8","1","1","5","7","3.03","0.18","1.18","2","0.09","","0.09","2","0.666666667","2","0.666666667","0.18","0.06","1","0.333333333","100","15.25423729","33.33333333","2","2","11.11111111","13.11111111","6","6","33.33333333","39.33333333"
"","","UGP2014NAM-OT03","","","","","","","","","UGP2014NAM-OT03-03020","","","","3","0","","","","","","0","0","0","0","0","0","","","","","","","0","0","0","","","","","0","","0","","0","","0","","","0","0","0","0","0","","","",""
"","","UGP2014NAM-OT03","","","","","","","","","UGP2014NAM-OT03-03021","","","","3","1","1","3","6","1","2","1","4","0","0.2","0","1.5","8","1","1","4","7","1.38","0.2","1.7","4","0.05","","0.05","4","1.333333333","4","1.333333333","0.2","0.066666667","1.5","0.5","100","11.76470588","33.33333333","2.222222222","2.222222222","16.66666667","18.88888889","6.666666667","6.666666667","50","56.66666667"
"","","UGP2014NAM-OT03","","","","","","","","","UGP2014NAM-OT03-03022","","","","3","0","","","","","","0","0","0","0","0","0","","","","","","","0","0","0","","","","","0","","0","","0","","0","","","0","0","0","0","0","","","",""
"","","UGP2014NAM-OT03","","","","","","","","","UGP2014NAM-OT03-03023","","","","3","2","1","2","4","1","2","1","0","0","0","0","0.38","","","","","","","0","0.38","0","","","","0","0","0","0","0","0","0.38","0.126666667","","0","33.33333333","0","0","4.222222222","4.222222222","0","0","12.66666667","12.66666667"
"","","UGP2014NAM-OT03","","","","","","","","","UGP2014NAM-OT03-03024","","","","3","1","1","2","7","2","4","1","2","0","0.9","0","4","2","1","1","6","1","0","0.9","4.9","2","0.45","","0.45","2","0.666666667","2","0.666666667","0.9","0.3","4","1.333333333","100","18.36734694","33.33333333","10","10","44.44444444","54.44444444","30","30","133.3333333","163.3333333"
"","","UGP2014NAM-OT03","","","","","","","","","UGP2014NAM-OT03-03025","","","","3","0","","","","","","0","0","0","0","0","0","","","","","","","0","0","0","","","","","0","","0","","0","","0","","","0","0","0","0","0","","","",""
"","","UGP2014NAM-OT03","","","","","","","","","UGP2014NAM-OT03-03026","","","","3","2","1","2","5","3","5","2","3","1","0.3","0.04","0.5","2","1","1","5","3","0","0.34","0.84","4","0.1","0.04","0.085","2","1.333333333","1.5","1","0.17","0.113333333","0.25","0.166666667","75","40.47619048","66.66666667","3.333333333","3.777777778","5.555555556","9.333333333","5","5.666666667","8.333333333","14"
"","","UGP2014NAM-OT03","","","","","","","","","UGP2014NAM-OT03-03027","","","","3","2","1","2","8","2","4","2","2","0","0.2","0","6.7","8","2","1","3","7","0.12","0.2","6.9","2","0.1","","0.1","1","0.666666667","1","0.666666667","0.1","0.066666667","3.35","2.233333333","100","2.898550725","66.66666667","2.222222222","2.222222222","74.44444444","76.66666667","3.333333333","3.333333333","111.6666667","115"
"","","UGP2014NAM-OT03","","","","","","","","","UGP2014NAM-OT03-03028","","","","3","2","1","2","9","1","2","2","5","0","1.04","0","5.3","9","1","1","5","3","1.5","1.04","6.34","5","0.208","","0.208","2.5","1.666666667","2.5","1.666666667","0.52","0.346666667","2.65","1.766666667","100","16.40378549","66.66666667","11.55555556","11.55555556","58.88888889","70.44444444","17.33333333","17.33333333","88.33333333","105.6666667"
"","","UGP2014NAM-OT03","","","","","","","","","UGP2014NAM-OT03-03029","","","","3","3","1","2","7","1","3","2","14","2","2.5","0.04","5","8","1","1","2","3","0","2.54","7.54","16","0.178571429","0.02","0.15875","8","5.333333333","7","4.666666667","1.27","0.846666667","2.5","1.666666667","87.5","33.68700265","66.66666667","27.77777778","28.22222222","55.55555556","83.77777778","41.66666667","42.33333333","83.33333333","125.6666667"
"","","UGP2014NAM-OT03","","","","","","","","","UGP2014NAM-OT03-03030","","","","3","0","","","","","","0","0","0","0","0","0","","","","","","","0","0","0","","","","","0","","0","","0","","0","","","0","0","0","0","0","","","",""
"","","UGP2014NAM-OT03","","","","","","","","","UGP2014NAM-OT03-03031","","","","3","0","","","","","","0","0","0","0","0","0","","","","","","","0","0","0","","","","","0","","0","","0","","0","","","0","0","0","0","0","","","",""
"","","UGP2014NAM-OT03","","","","","","","","","UGP2014NAM-OT03-03032","","","","3","3","1","3","9","1","2","2","2","0","1.38","0","9.5","8","1","1","1","1","0.02","1.38","10.88","2","0.69","","0.69","1","0.666666667","1","0.666666667","0.69","0.46","4.75","3.166666667","100","12.68382353","66.66666667","15.33333333","15.33333333","105.5555556","120.8888889","23","23","158.3333333","181.3333333"
"","","UGP2014NAM-OT03","","","","","","","","","UGP2014NAM-OT03-03033","","","","3","2","1","2","2","1","2","1","6","3","0.76","0.06","2","2","2","1","7","5","1.38","0.82","2.82","9","0.126666667","0.02","0.091111111","9","3","6","2","0.82","0.273333333","2","0.666666667","66.66666667","29.07801418","33.33333333","8.444444444","9.111111111","22.22222222","31.33333333","25.33333333","27.33333333","66.66666667","94"
"","","UGP2014NAM-OT03","","","","","","","","","UGP2014NAM-OT03-03034","","","","3","2","1","2","2","1","2","2","3","2","0.24","0.05","3","2","1","1","3","7","0","0.29","3.29","5","0.08","0.025","0.058","2.5","1.666666667","1.5","1","0.145","0.096666667","1.5","1","60","8.814589666","66.66666667","2.666666667","3.222222222","33.33333333","36.55555556","4","4.833333333","50","54.83333333"
"","","UGP2014NAM-OT03","","","","","","","","","UGP2014NAM-OT03-03035","","","","3","2","1","3","6","2","3","2","0","0","0","0","6","","","","","","","0","6","0","","","","0","0","0","0","0","0","3","2","","0","66.66666667","0","0","66.66666667","66.66666667","0","0","100","100"
"","","UGP2014NAM-OT03","","","","","","","","","UGP2014NAM-OT03-03036","","","","3","2","3","6","9","1","2","2","0","0","0","0","6.2","","","","","","","0","6.2","0","","","","0","0","0","0","0","0","3.1","2.066666667","","0","66.66666667","0","0","68.88888889","68.88888889","0","0","103.3333333","103.3333333"
"","","UGP2014NAM-OT03","","","","","","","","","UGP2014NAM-OT03-03037","","","","3","1","2","3","6","2","3","1","0","0","0","0","6.5","","","","","","","0","6.5","0","","","","0","0","0","0","0","0","6.5","2.166666667","","0","33.33333333","0","0","72.22222222","72.22222222","0","0","216.6666667","216.6666667"
"","","UGP2014NAM-OT03","","","","","","","","","UGP2014NAM-OT03-03038","","","","3","2","1","2","6","1","2","2","2","0","0.16","0","0.23","9","1","1","2","9","0","0.16","0.39","2","0.08","","0.08","1","0.666666667","1","0.666666667","0.08","0.053333333","0.115","0.076666667","100","41.02564103","66.66666667","1.777777778","1.777777778","2.555555556","4.333333333","2.666666667","2.666666667","3.833333333","6.5"
"","","UGP2014NAM-OT03","","","","","","","","","UGP2014NAM-OT03-03039","","","","3","0","","","","","","0","0","0","0","0","0","","","","","","","0","0","0","","","","","0","","0","","0","","0","","","0","0","0","0","0","","","",""
"","","UGP2014NAM-OT03","","","","","","","","","UGP2014NAM-OT03-03040","","","","3","1","1","2","6","1","2","1","0","0","0","0","0.28","","","","","","","0","0.28","0","","","","0","0","0","0","0","0","0.28","0.093333333","","0","33.33333333","0","0","3.111111111","3.111111111","0","0","9.333333333","9.333333333"
"","","UGP2014NAM-OT03","","","","","","","","","UGP2014NAM-OT03-03041","","","","3","1","1","2","5","1","3","1","0","0","0","0","0.16","","","","","","","0","0.16","0","","","","0","0","0","0","0","0","0.16","0.053333333","","0","33.33333333","0","0","1.777777778","1.777777778","0","0","5.333333333","5.333333333"
"","","UGP2014NAM-OT03","","","","","","","","","UGP2014NAM-OT03-03042","","","","3","2","1","2","6","1","2","2","2","0","0.4","0","1.1","8","2","1","2","3","0","0.4","1.5","2","0.2","","0.2","1","0.666666667","1","0.666666667","0.2","0.133333333","0.55","0.366666667","100","26.66666667","66.66666667","4.444444444","4.444444444","12.22222222","16.66666667","6.666666667","6.666666667","18.33333333","25"
"","","UGP2014NAM-OT03","","","","","","","","","UGP2014NAM-OT03-03043","","","","3","1","1","2","6","4","7","1","0","0","0","0","4.7","","","","","","","0","4.7","0","","","","0","0","0","0","0","0","4.7","1.566666667","","0","33.33333333","0","0","52.22222222","52.22222222","0","0","156.6666667","156.6666667"
"","","UGP2014NAM-OT03","","","","","","","","","UGP2014NAM-OT03-03044","","","","3","1","1","3","6","1","2","1","0","0","0","0","1","","","","","","","0","1","0","","","","0","0","0","0","0","0","1","0.333333333","","0","33.33333333","0","0","11.11111111","11.11111111","0","0","33.33333333","33.33333333"
"","","UGP2014NAM-OT03","","","","","","","","","UGP2014NAM-OT03-03045","","","","3","1","1","3","8","1","2","1","0","0","0","0","2.5","","","","","","","0","2.5","0","","","","0","0","0","0","0","0","2.5","0.833333333","","0","33.33333333","0","0","27.77777778","27.77777778","0","0","83.33333333","83.33333333"
"","","UGP2014NAM-OT03","","","","","","","","","UGP2014NAM-OT03-03046","","","","3","1","1","2","7","1","2","1","2","2","2","0.2","2.7","8","1","1","3","7","1.5","2.2","4.9","4","1","0.1","0.55","4","1.333333333","2","0.666666667","2.2","0.733333333","2.7","0.9","50","44.89795918","33.33333333","22.22222222","24.44444444","30","54.44444444","66.66666667","73.33333333","90","163.3333333"
"","","UGP2014NAM-OT03","","","","","","","","","UGP2014NAM-OT03-03047","","","","3","2","1","2","7","2","3","2","1","1","0.12","","7","9","1","1","3","7","0","","","2","0.12","","","1","0.666666667","0.5","0.333333333","","","3.5","2.333333333","50","","66.66666667","1.333333333","","77.77777778","","2","","116.6666667",""
"","","UGP2014NAM-OT03","","","","","","","","","UGP2014NAM-OT03-03048","","","","3","2","1","2","8","1","3","2","3","3","4","","6","2","2","1","2","3","0.02","","","6","1.333333333","","","3","2","1.5","1","","","3","2","50","","66.66666667","44.44444444","","66.66666667","","66.66666667","","100",""
"","","UGP2014NAM-OT03","","","","","","","","","UGP2014NAM-OT03-03049","","","","3","0","","","","","","0","0","0","0","0","0","","","","","","","0","0","0","","","","","0","","0","","0","","0","","","0","0","0","0","0","","","",""
"","","UGP2014NAM-OT03","","","","","","","","","UGP2014NAM-OT03-03050","","","","3","0","","","","","","0","0","0","0","0","0","","","","","","","0","0","0","","","","","0","","0","","0","","0","","","0","0","0","0","0","","","",""
"","","UGP2014NAM-OT03","","","","","","","","","UGP2014NAM-OT03-03051","","","","3","2","1","3","9","1","3","2","10","0","0.96","0","7.7","8","1","1","5","3","0.15","0.96","8.66","10","0.096","","0.096","5","3.333333333","5","3.333333333","0.48","0.32","3.85","2.566666667","100","11.08545035","66.66666667","10.66666667","10.66666667","85.55555556","96.22222222","16","16","128.3333333","144.3333333"
"","","UGP2014NAM-OT03","","","","","","","","","UGP2014NAM-OT03-03052","","","","3","1","1","2","7","1","3","1","0","0","0","0","4","","","","","","","0","4","0","","","","0","0","0","0","0","0","4","1.333333333","","0","33.33333333","0","0","44.44444444","44.44444444","0","0","133.3333333","133.3333333"
"","","UGP2014NAM-OT03","","","","","","","","","UGP2014NAM-OT03-03053","","","","3","3","1","7","6","1","2","1","0","0","0","0","1.7","","","","","","","0","1.7","0","","","","0","0","0","0","0","0","1.7","0.566666667","","0","33.33333333","0","0","18.88888889","18.88888889","0","0","56.66666667","56.66666667"
"","","UGP2014NAM-OT03","","","","","","","","","UGP2014NAM-OT03-03054","","","","3","0","","","","","","0","0","0","0","0","0","","","","","","","0","0","0","","","","","0","","0","","0","","0","","","0","0","0","0","0","","","",""
"","","UGP2014NAM-OT03","","","","","","","","","UGP2014NAM-OT03-03055","","","","3","2","2","2","6","1","2","1","1","1","2","","2","6","1","1","1","3","4.61","","","2","2","","","2","0.666666667","1","0.333333333","","","2","0.666666667","50","","33.33333333","22.22222222","","22.22222222","","66.66666667","","66.66666667",""
"","","UGP2014NAM-OT03","","","","","","","","","UGP2014NAM-OT03-03056","","","","3","2","2","3","6","2","3","2","0","0","0","0","0.7","","","","","","","0","0.7","0","","","","0","0","0","0","0","0","0.35","0.233333333","","0","66.66666667","0","0","7.777777778","7.777777778","0","0","11.66666667","11.66666667"
"","","UGP2014NAM-OT03","","","","","","","","","UGP2014NAM-OT03-03057","","","","3","0","","","","","","0","0","0","0","0","0","","","","","","","0","0","0","","","","","0","","0","","0","","0","","","0","0","0","0","0","","","",""
"","","UGP2014NAM-OT03","","","","","","","","","UGP2014NAM-OT03-03058","","","","3","1","2","2","5","1","2","1","1","1","0.28","","0.01","2","1","1","2","5","0.15","","","2","0.28","","","2","0.666666667","1","0.333333333","","","0.01","0.003333333","50","","33.33333333","3.111111111","","0.111111111","","9.333333333","","0.333333333",""
"","","UGP2014NAM-OT03","","","","","","","","","UGP2014NAM-OT03-03059","","","","3","1","2","2","7","1","2","1","2","2","0.5","","7","2","1","1","6","3","0","","","4","0.25","","","4","1.333333333","2","0.666666667","","","7","2.333333333","50","","33.33333333","5.555555556","","77.77777778","","16.66666667","","233.3333333",""
"","","UGP2014NAM-OT03","","","","","","","","","UGP2014NAM-OT03-03060","","","","3","1","","2","6","3","6","1","3","3","1.1","","1","8","2","1","1","1","0","","","6","0.366666667","","","6","2","3","1","","","1","0.333333333","50","","33.33333333","12.22222222","","11.11111111","","36.66666667","","33.33333333",""
"","","UGP2014NAM-OT03","","","","","","","","","UGP2014NAM-OT03-03061","","","","3","0","","","","","","0","0","0","0","0","0","","","","","","","0","0","0","","","","","0","","0","","0","","0","","","0","0","0","0","0","","","",""
"","","UGP2014NAM-OT03","","","","","","","","","UGP2014NAM-OT03-03062","","","","3","3","1","2","6","1","3","1","0","0","0","0","5","","","","","","","0","5","0","","","","0","0","0","0","0","0","5","1.666666667","","0","33.33333333","0","0","55.55555556","55.55555556","0","0","166.6666667","166.6666667"
"","","UGP2014NAM-OT03","","","","","","","","","UGP2014NAM-OT03-03063","","","","3","3","1","2","8","4","6","1","2","2","0.78","","10.1","9","1","1","5","1","0.02","","","4","0.39","","","4","1.333333333","2","0.666666667","","","10.1","3.366666667","50","","33.33333333","8.666666667","","112.2222222","","26","","336.6666667",""
"","","UGP2014NAM-OT03","","","","","","","","","UGP2014NAM-OT03-03064","","","","3","2","1","2","7","4","5","1","0","0","0","0","1.5","","","","","","","0","1.5","0","","","","0","0","0","0","0","0","1.5","0.5","","0","33.33333333","0","0","16.66666667","16.66666667","0","0","50","50"
"","","UGP2014NAM-OT03","","","","","","","","","UGP2014NAM-OT03-03065","","","","3","2","1","2","7","1","2","2","1","1","0.16","","1.3","9","1","1","2","3","0","","","2","0.16","","","1","0.666666667","0.5","0.333333333","","","0.65","0.433333333","50","","66.66666667","1.777777778","","14.44444444","","2.666666667","","21.66666667",""
"","","UGP2014NAM-OT03","","","","","","","","","UGP2014NAM-OT03-03066","","","","3","2","1","2","7","1","3","2","0","0","0","0","4","","","","","","","0","4","0","","","","0","0","0","0","0","0","2","1.333333333","","0","66.66666667","0","0","44.44444444","44.44444444","0","0","66.66666667","66.66666667"
"","","UGP2014NAM-OT03","","","","","","","","","UGP2014NAM-OT03-03067","","","","3","1","1","2","6","3","4","1","0","0","0","0","1.5","","","","","","","0","1.5","0","","","","0","0","0","0","0","0","1.5","0.5","","0","33.33333333","0","0","16.66666667","16.66666667","0","0","50","50"
"","","UGP2014NAM-OT03","","","","","","","","","UGP2014NAM-OT03-03068","","","","3","2","2","3","8","1","3","2","0","0","0","0","1.3","","","","","","","0","1.3","0","","","","0","0","0","0","0","0","0.65","0.433333333","","0","66.66666667","0","0","14.44444444","14.44444444","0","0","21.66666667","21.66666667"
"","","UGP2014NAM-OT03","","","","","","","","","UGP2014NAM-OT03-03069","","","","3","1","1","2","7","4","6","1","1","0","0.06","0","6.2","2","1","1","3","7","4.41","0.06","6.26","1","0.06","","0.06","1","0.333333333","1","0.333333333","0.06","0.02","6.2","2.066666667","100","0.958466454","33.33333333","0.666666667","0.666666667","68.88888889","69.55555556","2","2","206.6666667","208.6666667"
"","","UGP2014NAM-OT03","","","","","","","","","UGP2014NAM-OT03-03070","","","","3","1","1","3","8","1","3","1","6","2","1.7","0.03","2.5","2","1","1","5","3","0.12","1.73","4.23","8","0.283333333","0.015","0.21625","8","2.666666667","6","2","1.73","0.576666667","2.5","0.833333333","75","40.89834515","33.33333333","18.88888889","19.22222222","27.77777778","47","56.66666667","57.66666667","83.33333333","141"
"","","UGP2014NAM-OT03","","","","","","","","","UGP2014NAM-OT03-03071","","","","3","1","1","3","6","2","4","1","6","2","1.7","0.03","3","2","1","1","5","3","0","1.73","4.73","8","0.283333333","0.015","0.21625","8","2.666666667","6","2","1.73","0.576666667","3","1","75","36.57505285","33.33333333","18.88888889","19.22222222","33.33333333","52.55555556","56.66666667","57.66666667","100","157.6666667"
"","","UGP2014NAM-OT03","","","","","","","","","UGP2014NAM-OT03-03072","","","","3","1","1","2","6","1","3","1","17","6","2","0.08","2.5","2","1","1","5","3","0.15","2.08","4.58","23","0.117647059","0.013333333","0.090434783","23","7.666666667","17","5.666666667","2.08","0.693333333","2.5","0.833333333","73.91304348","45.41484716","33.33333333","22.22222222","23.11111111","27.77777778","50.88888889","66.66666667","69.33333333","83.33333333","152.6666667"
"","","UGP2014NAM-OT03","","","","","","","","","UGP2014NAM-OT03-03073","","","","3","2","2","4","7","1","3","2","20","14","3","0.16","3.6","9","1","1","2","5","1.65","3.16","6.76","34","0.15","0.011428571","0.092941176","17","11.33333333","10","6.666666667","1.58","1.053333333","1.8","1.2","58.82352941","46.74556213","66.66666667","33.33333333","35.11111111","40","75.11111111","50","52.66666667","60","112.6666667"
"","","UGP2014NAM-OT03","","","","","","","","","UGP2014NAM-OT03-03074","","","","3","2","2","2","6","2","4","2","3","3","1.02","0.08","2.2","2","1","1","1","3","0.12","1.1","3.3","6","0.34","0.026666667","0.183333333","3","2","1.5","1","0.55","0.366666667","1.1","0.733333333","50","33.33333333","66.66666667","11.33333333","12.22222222","24.44444444","36.66666667","17","18.33333333","36.66666667","55"
"","","UGP2014NAM-OT03","","","","","","","","","UGP2014NAM-OT03-03075","","","","3","1","2","2","8","1","2","1","3","0","3.5","0","4.7","6","1","1","4","1","0.12","3.5","8.2","3","1.166666667","","1.166666667","3","1","3","1","3.5","1.166666667","4.7","1.566666667","100","42.68292683","33.33333333","38.88888889","38.88888889","52.22222222","91.11111111","116.6666667","116.6666667","156.6666667","273.3333333"
"","","UGP2014NAM-OT03","","","","","","","","","UGP2014NAM-OT03-03076","","","","3","0","","","","","","0","0","0","0","0","0","","","","","","","0","0","0","","","","","0","","0","","0","","0","","","0","0","0","0","0","","","",""
"","","UGP2014NAM-OT03","","","","","","","","","UGP2014NAM-OT03-03077","","","","3","2","1","2","6","2","4","2","1","0","0.2","0","2","6","1","1","6","5","0","0.2","2.2","1","0.2","","0.2","0.5","0.333333333","0.5","0.333333333","0.1","0.066666667","1","0.666666667","100","9.090909091","66.66666667","2.222222222","2.222222222","22.22222222","24.44444444","3.333333333","3.333333333","33.33333333","36.66666667"
"","","UGP2014NAM-OT03","","","","","","","","","UGP2014NAM-OT03-03078","","","","3","3","1","3","5","1","3","1","1","0","0.4","0","0.18","9","1","1","3","3","11.03","0.4","0.58","1","0.4","","0.4","1","0.333333333","1","0.333333333","0.4","0.133333333","0.18","0.06","100","68.96551724","33.33333333","4.444444444","4.444444444","2","6.444444444","13.33333333","13.33333333","6","19.33333333"
"","","UGP2014NAM-OT03","","","","","","","","","UGP2014NAM-OT03-03079","","","","3","2","1","2","8","4","6","2","3","0","0.28","0","2","2","1","1","3","5","0","0.28","2.28","3","0.093333333","","0.093333333","1.5","1","1.5","1","0.14","0.093333333","1","0.666666667","100","12.28070175","66.66666667","3.111111111","3.111111111","22.22222222","25.33333333","4.666666667","4.666666667","33.33333333","38"
"","","UGP2014NAM-OT03","","","","","","","","","UGP2014NAM-OT03-03080","","","","3","1","1","2","7","1","2","1","8","2","1.5","0.04","2.1","","1","1","7","3","3.96","1.54","3.64","10","0.1875","0.02","0.154","10","3.333333333","8","2.666666667","1.54","0.513333333","2.1","0.7","80","42.30769231","33.33333333","16.66666667","17.11111111","23.33333333","40.44444444","50","51.33333333","70","121.3333333"
"","","UGP2014NAM-OT03","","","","","","","","","UGP2014NAM-OT03-03081","","","","3","3","2","2","6","2","3","1","0","0","0","0","0.9","","","","","","","0","0.9","0","","","","0","0","0","0","0","0","0.9","0.3","","0","33.33333333","0","0","10","10","0","0","30","30"
"","","UGP2014NAM-OT03","","","","","","","","","UGP2014NAM-OT03-03082","","","","3","2","2","2","8","2","4","2","7","0","0.9","0","2.3","2","1","1","1","3","0.12","0.9","3.2","7","0.128571429","","0.128571429","3.5","2.333333333","3.5","2.333333333","0.45","0.3","1.15","0.766666667","100","28.125","66.66666667","10","10","25.55555556","35.55555556","15","15","38.33333333","53.33333333"
"","","UGP2014NAM-OT03","","","","","","","","","UGP2014NAM-OT03-03084","","","","3","2","2","2","8","1","2","2","0","0","0","0","3","","","","","","","0","3","0","","","","0","0","0","0","0","0","1.5","1","","0","66.66666667","0","0","33.33333333","33.33333333","0","0","50","50"
"","","UGP2014NAM-OT03","","","","","","","","","UGP2014NAM-OT03-03085","","","","3","0","","","","","","0","0","0","0","0","0","","","","","","","0","0","0","","","","","0","","0","","0","","0","","","0","0","0","0","0","","","",""
"","","UGP2014NAM-OT03","","","","","","","","","UGP2014NAM-OT03-03086","","","","3","3","1","2","7","3","5","3","5","1","1","","3.5","2","1","1","5","3","0.02","","","6","0.2","","","2","2","1.666666667","1.666666667","","","1.166666667","1.166666667","83.33333333","","100","11.11111111","","38.88888889","","11.11111111","","38.88888889",""
"","","UGP2014NAM-OT03","","","","","","","","","UGP2014NAM-OT03-03087","","","","3","1","1","2","7","1","2","1","0","0","0","0","4.8","","","","","","","0","4.8","0","","","","0","0","0","0","0","0","4.8","1.6","","0","33.33333333","0","0","53.33333333","53.33333333","0","0","160","160"
"","","UGP2014NAM-OT03","","","","","","","","","UGP2014NAM-OT03-03088","","","","3","2","1","3","8","1","2","2","0","0","0","0","9","","","","","","","0","9","0","","","","0","0","0","0","0","0","4.5","3","","0","66.66666667","0","0","100","100","0","0","150","150"
"","","UGP2014NAM-OT03","","","","","","","","","UGP2014NAM-OT03-03089","","","","3","1","1","2","5","1","3","1","3","0","0.24","0","4.4","2","2","2","8","3","0.12","0.24","4.64","3","0.08","","0.08","3","1","3","1","0.24","0.08","4.4","1.466666667","100","5.172413793","33.33333333","2.666666667","2.666666667","48.88888889","51.55555556","8","8","146.6666667","154.6666667"
"","","UGP2014NAM-OT03","","","","","","","","","UGP2014NAM-OT03-03090","","","","3","1","1","2","5","1","2","1","0","0","0","0","1","","","","","","","0","1","0","","","","0","0","0","0","0","0","1","0.333333333","","0","33.33333333","0","0","11.11111111","11.11111111","0","0","33.33333333","33.33333333"
"","","UGP2014NAM-OT03","","","","","","","","","UGP2014NAM-OT03-03091","","","","3","1","1","2","4","1","2","1","0","0","0","0","0.1","","","","","","","0","0.1","0","","","","0","0","0","0","0","0","0.1","0.033333333","","0","33.33333333","0","0","1.111111111","1.111111111","0","0","3.333333333","3.333333333"
"","","UGP2014NAM-OT03","","","","","","","","","UGP2014NAM-OT03-03092","","","","3","2","1","3","8","1","2","2","10","0","0.78","0","4.2","2","1","1","2","5","0","0.78","4.98","10","0.078","","0.078","5","3.333333333","5","3.333333333","0.39","0.26","2.1","1.4","100","15.6626506","66.66666667","8.666666667","8.666666667","46.66666667","55.33333333","13","13","70","83"
"","","UGP2014NAM-OT03","","","","","","","","","UGP2014NAM-OT03-03093","","","","3","2","2","4","9","2","3","2","0","0","0","0","4.1","","","","","","","0","4.1","0","","","","0","0","0","0","0","0","2.05","1.366666667","","0","66.66666667","0","0","45.55555556","45.55555556","0","0","68.33333333","68.33333333"
"","","UGP2014NAM-OT03","","","","","","","","","UGP2014NAM-OT03-03094","","","","3","1","1","2","9","1","2","1","1","1","0.1","0.02","8.7","2","1","1","7","7","0.02","0.12","8.82","2","0.1","0.02","0.06","2","0.666666667","1","0.333333333","0.12","0.04","8.7","2.9","50","1.360544218","33.33333333","1.111111111","1.333333333","96.66666667","98","3.333333333","4","290","294"
"","","UGP2014NAM-OT03","","","","","","","","","UGP2014NAM-OT03-03095","","","","3","1","1","2","7","1","2","1","7","7","0.5","0.08","1.2","8","1","1","1","3","7.76","0.58","1.78","14","0.071428571","0.011428571","0.041428571","14","4.666666667","7","2.333333333","0.58","0.193333333","1.2","0.4","50","32.58426966","33.33333333","5.555555556","6.444444444","13.33333333","19.77777778","16.66666667","19.33333333","40","59.33333333"
"","","UGP2014NAM-OT03","","","","","","","","","UGP2014NAM-OT03-03096","","","","3","0","","","","","","0","0","0","0","0","0","","","","","","","0","0","0","","","","","0","","0","","0","","0","","","0","0","0","0","0","","","",""
"","","UGP2014NAM-OT03","","","","","","","","","UGP2014NAM-OT03-03097","","","","3","1","3","4","7","2","3","1","0","0","0","0","3","","","","","","","0","3","0","","","","0","0","0","0","0","0","3","1","","0","33.33333333","0","0","33.33333333","33.33333333","0","0","100","100"
"","","UGP2014NAM-OT03","","","","","","","","","UGP2014NAM-OT03-03098","","","","3","3","3","6","9","1","2","3","14","0","2","0","6","8","1","1","4","3","0.02","2","8","14","0.142857143","","0.142857143","4.666666667","4.666666667","4.666666667","4.666666667","0.666666667","0.666666667","2","2","100","25","100","22.22222222","22.22222222","66.66666667","88.88888889","22.22222222","22.22222222","66.66666667","88.88888889"
"","","UGP2014NAM-OT03","","","","","","","","","UGP2014NAM-OT03-03099","","","","3","3","2","3","9","1","2","3","2","0","0.5","0","2.5","6","1","1","5","3","0","0.5","3","2","0.25","","0.25","0.666666667","0.666666667","0.666666667","0.666666667","0.166666667","0.166666667","0.833333333","0.833333333","100","16.66666667","100","5.555555556","5.555555556","27.77777778","33.33333333","5.555555556","5.555555556","27.77777778","33.33333333"
"","","UGP2014NAM-OT03","","","","","","","","","UGP2014NAM-OT03-03100","","","","3","2","1","2","5","1","2","2","3","0","0.2","0","2","2","1","1","2","7","0.12","0.2","2.2","3","0.066666667","","0.066666667","1.5","1","1.5","1","0.1","0.066666667","1","0.666666667","100","9.090909091","66.66666667","2.222222222","2.222222222","22.22222222","24.44444444","3.333333333","3.333333333","33.33333333","36.66666667"
"","","UGP2014NAM-OT03","","","","","","","","","UGP2014NAM-OT03-03101","","","","3","1","1","2","7","1","3","1","6","0","0.84","0","1.5","9","1","1","5","3","0","0.84","2.34","6","0.14","","0.14","6","2","6","2","0.84","0.28","1.5","0.5","100","35.8974359","33.33333333","9.333333333","9.333333333","16.66666667","26","28","28","50","78"
"","","UGP2014NAM-OT03","","","","","","","","","UGP2014NAM-OT03-03102","","","","3","3","1","3","6","1","2","1","0","0","0","0","0.18","","","","","","","0","0.18","0","","","","0","0","0","0","0","0","0.18","0.06","","0","33.33333333","0","0","2","2","0","0","6","6"
"","","UGP2014NAM-OT03","","","","","","","","","UGP2014NAM-OT03-03103","","","","3","3","2","2","8","1","2","1","6","0","4","0","6.6","2","1","1","5","1","0.02","4","10.6","6","0.666666667","","0.666666667","6","2","6","2","4","1.333333333","6.6","2.2","100","37.73584906","33.33333333","44.44444444","44.44444444","73.33333333","117.7777778","133.3333333","133.3333333","220","353.3333333"
"","","UGP2014NAM-OT03","","","","","","","","","UGP2014NAM-OT03-03104","","","","3","0","","","","","","0","0","0","0","0","0","","","","","","","0","0","0","","","","","0","","0","","0","","0","","","0","0","0","0","0","","","",""
"","","UGP2014NAM-OT03","","","","","","","","","UGP2014NAM-OT03-03105","","","","3","1","3","4","6","1","3","1","0","0","0","0","9","","","","","","","0","9","0","","","","0","0","0","0","0","0","9","3","","0","33.33333333","0","0","100","100","0","0","300","300"
"","","UGP2014NAM-OT03","","","","","","","","","UGP2014NAM-OT03-03106","","","","3","2","1","2","7","1","3","1","0","0","0","0","1.6","","","","","","","0","1.6","0","","","","0","0","0","0","0","0","1.6","0.533333333","","0","33.33333333","0","0","17.77777778","17.77777778","0","0","53.33333333","53.33333333"
"","","UGP2014NAM-OT03","","","","","","","","","UGP2014NAM-OT03-03107","","","","3","2","2","3","7","1","2","2","2","0","0.012","0","5","9","1","1","9","9","0.15","0.012","5.012","2","0.006","","0.006","1","0.666666667","1","0.666666667","0.006","0.004","2.5","1.666666667","100","0.239425379","66.66666667","0.133333333","0.133333333","55.55555556","55.68888889","0.2","0.2","83.33333333","83.53333333"
"","","UGP2014NAM-OT03","","","","","","","","","UGP2014NAM-OT03-03108","","","","3","1","1","2","6","1","3","1","0","0","0","0","3.4","","","","","","","0","3.4","0","","","","0","0","0","0","0","0","3.4","1.133333333","","0","33.33333333","0","0","37.77777778","37.77777778","0","0","113.3333333","113.3333333"
"","","UGP2014NAM-OT03","","","","","","","","","UGP2014NAM-OT03-03109","","","","3","3","1","2","5","1","2","1","4","0","0.3","0","1.5","6","1","1","9","5","1.38","0.3","1.8","4","0.075","","0.075","4","1.333333333","4","1.333333333","0.3","0.1","1.5","0.5","100","16.66666667","33.33333333","3.333333333","3.333333333","16.66666667","20","10","10","50","60"
"","","UGP2014NAM-OT03","","","","","","","","","UGP2014NAM-OT03-03110","","","","3","2","1","2","6","2","4","2","2","0","0.4","0","5","8","1","1","7","3","0","0.4","5.4","2","0.2","","0.2","1","0.666666667","1","0.666666667","0.2","0.133333333","2.5","1.666666667","100","7.407407407","66.66666667","4.444444444","4.444444444","55.55555556","60","6.666666667","6.666666667","83.33333333","90"
"","","UGP2014NAM-OT03","","","","","","","","","UGP2014NAM-OT03-03111","","","","3","1","1","2","5","1","2","1","0","0","0","0","2.6","","","","","","","0","2.6","0","","","","0","0","0","0","0","0","2.6","0.866666667","","0","33.33333333","0","0","28.88888889","28.88888889","0","0","86.66666667","86.66666667"
"","","UGP2014NAM-OT03","","","","","","","","","UGP2014NAM-OT03-03112","","","","3","1","1","2","5","3","5","1","2","0","1.04","0","0.5","2","2","2","5","1","0","1.04","1.54","2","0.52","","0.52","2","0.666666667","2","0.666666667","1.04","0.346666667","0.5","0.166666667","100","67.53246753","33.33333333","11.55555556","11.55555556","5.555555556","17.11111111","34.66666667","34.66666667","16.66666667","51.33333333"
"","","UGP2014NAM-OT03","","","","","","","","","UGP2014NAM-OT03-03113","","","","3","1","1","3","7","1","3","1","1","0","0.6","0","1.3","2","1","1","9","1","3.96","0.6","1.9","1","0.6","","0.6","1","0.333333333","1","0.333333333","0.6","0.2","1.3","0.433333333","100","31.57894737","33.33333333","6.666666667","6.666666667","14.44444444","21.11111111","20","20","43.33333333","63.33333333"
"","","UGP2014NAM-OT03","","","","","","","","","UGP2014NAM-OT03-03114","","","","3","3","1","3","8","1","2","3","12","3","1","0.05","4.3","2","2","2","3","5","0.12","1.05","5.35","15","0.083333333","0.016666667","0.07","5","5","4","4","0.35","0.35","1.433333333","1.433333333","80","19.62616822","100","11.11111111","11.66666667","47.77777778","59.44444444","11.11111111","11.66666667","47.77777778","59.44444444"
"","","UGP2014NAM-OT03","","","","","","","","","UGP2014NAM-OT03-03115","","","","3","2","1","2","6","2","4","2","0","3","0","0.06","20","9","1","1","9","9","0","0.06","20.06","3","","0.02","0.02","1.5","1","0","0","0.03","0.02","10","6.666666667","0","0.299102692","66.66666667","0","0.666666667","222.2222222","222.8888889","0","1","333.3333333","334.3333333"
"","","UGP2014NAM-OT03","","","","","","","","","UGP2014NAM-OT03-03116","","","","3","2","1","4","7","3","6","2","8","6","2.5","0.08","3","2","3","1","5","3","1.38","2.58","5.58","14","0.3125","0.013333333","0.184285714","7","4.666666667","4","2.666666667","1.29","0.86","1.5","1","57.14285714","46.23655914","66.66666667","27.77777778","28.66666667","33.33333333","62","41.66666667","43","50","93"
"","","UGP2014NAM-OT03","","","","","","","","","UGP2014NAM-OT03-03117","","","","3","1","1","2","7","1","3","1","2","1","0.8","0.02","1","2","1","1","6","3","0.12","0.82","1.82","3","0.4","0.02","0.273333333","3","1","2","0.666666667","0.82","0.273333333","1","0.333333333","66.66666667","45.05494505","33.33333333","8.888888889","9.111111111","11.11111111","20.22222222","26.66666667","27.33333333","33.33333333","60.66666667"
"","","UGP2014NAM-OT03","","","","","","","","","UGP2014NAM-OT03-03118","","","","3","1","1","2","7","1","2","1","15","7","1.8","0.3","3.5","6","1","1","3","5","7.76","2.1","5.6","22","0.12","0.042857143","0.095454545","22","7.333333333","15","5","2.1","0.7","3.5","1.166666667","68.18181818","37.5","33.33333333","20","23.33333333","38.88888889","62.22222222","60","70","116.6666667","186.6666667"
"","","UGP2014NAM-OT03","","","","","","","","","UGP2014NAM-OT03-03119","","","","3","2","1","2","7","1","2","2","6","2","0.5","0.04","3","8","1","1","4","5","0","0.54","3.54","8","0.083333333","0.02","0.0675","4","2.666666667","3","2","0.27","0.18","1.5","1","75","15.25423729","66.66666667","5.555555556","6","33.33333333","39.33333333","8.333333333","9","50","59"
"","","UGP2014NAM-OT03","","","","","","","","","UGP2014NAM-OT03-03120","","","","3","1","1","2","7","1","2","1","0","4","0","0.4","1.5","6","1","1","7","5","0.15","0.4","1.9","4","","0.1","0.1","4","1.333333333","0","0","0.4","0.133333333","1.5","0.5","0","21.05263158","33.33333333","0","4.444444444","16.66666667","21.11111111","0","13.33333333","50","63.33333333"
"","","UGP2014NAM-OT03","","","","","","","","","UGP2014NAM-OT03-03121","","","","3","2","1","2","6","1","2","2","0","0","0","0","3.5","","","","","","","0","3.5","0","","","","0","0","0","0","0","0","1.75","1.166666667","","0","66.66666667","0","0","38.88888889","38.88888889","0","0","58.33333333","58.33333333"
"","","UGP2014NAM-OT03","","","","","","","","","UGP2014NAM-OT03-03122","","","","3","1","1","2","8","1","2","1","11","13","1.2","0.18","2.5","6","2","2","8","5","3.03","1.38","3.88","24","0.109090909","0.013846154","0.0575","24","8","11","3.666666667","1.38","0.46","2.5","0.833333333","45.83333333","35.56701031","33.33333333","13.33333333","15.33333333","27.77777778","43.11111111","40","46","83.33333333","129.3333333"
"","","UGP2014NAM-OT03","","","","","","","","","UGP2014NAM-OT03-03123","","","","3","0","","","","","","0","0","0","0","0","0","","","","","","","0","0","0","","","","","0","","0","","0","","0","","","0","0","0","0","0","","","",""
"","","UGP2014NAM-OT03","","","","","","","","","UGP2014NAM-OT03-03124","","","","3","3","2","2","6","1","2","1","1","0","0.26","0","0.2","5","1","2","5","3","0.12","0.26","0.46","1","0.26","","0.26","1","0.333333333","1","0.333333333","0.26","0.086666667","0.2","0.066666667","100","56.52173913","33.33333333","2.888888889","2.888888889","2.222222222","5.111111111","8.666666667","8.666666667","6.666666667","15.33333333"
"","","UGP2014NAM-OT03","","","","","","","","","UGP2014NAM-OT03-03125","","","","3","3","2","2","4","2","3","1","0","0","0","0","0.1","","","","","","","0","0.1","0","","","","0","0","0","0","0","0","0.1","0.033333333","","0","33.33333333","0","0","1.111111111","1.111111111","0","0","3.333333333","3.333333333"
"","","UGP2014NAM-OT03","","","","","","","","","UGP2014NAM-OT03-03126","","","","3","2","1","2","9","1","2","2","2","2","0.5","0.03","6.5","2","1","1","5","3","0.15","0.53","7.03","4","0.25","0.015","0.1325","2","1.333333333","1","0.666666667","0.265","0.176666667","3.25","2.166666667","50","7.539118065","66.66666667","5.555555556","5.888888889","72.22222222","78.11111111","8.333333333","8.833333333","108.3333333","117.1666667"
"","","UGP2014NAM-OT03","","","","","","","","","UGP2014NAM-OT03-03127","","","","3","0","","","","","","0","0","0","0","0","0","","","","","","","0","0","0","","","","","0","","0","","0","","0","","","0","0","0","0","0","","","",""
"","","UGP2014NAM-OT03","","","","","","","","","UGP2014NAM-OT03-03129","","","","3","2","2","2","6","3","5","2","9","2","0.78","0.04","2","6","1","2","6","3","0.02","0.82","2.82","11","0.086666667","0.02","0.074545455","5.5","3.666666667","4.5","3","0.41","0.273333333","1","0.666666667","81.81818182","29.07801418","66.66666667","8.666666667","9.111111111","22.22222222","31.33333333","13","13.66666667","33.33333333","47"
"","","UGP2014NAM-OT03","","","","","","","","","UGP2014NAM-OT03-03130","","","","3","1","2","2","8","1","2","1","2","3","0.6","0.1","2.5","9","1","1","5","3","3.96","0.7","3.2","5","0.3","0.033333333","0.14","5","1.666666667","2","0.666666667","0.7","0.233333333","2.5","0.833333333","40","21.875","33.33333333","6.666666667","7.777777778","27.77777778","35.55555556","20","23.33333333","83.33333333","106.6666667"
"","","UGP2014NAM-OT03","","","","","","","","","UGP2014NAM-OT03-03131","","","","3","0","","","","","","0","0","0","0","0","0","","","","","","","0","0","0","","","","","0","","0","","0","","0","","","0","0","0","0","0","","","",""
"","","UGP2014NAM-OT03","","","","","","","","","UGP2014NAM-OT03-03132","","","","3","2","2","2","9","1","2","2","0","4","0","0.2","6","2","1","1","4","7","0","0.2","6.2","4","","0.05","0.05","2","1.333333333","0","0","0.1","0.066666667","3","2","0","3.225806452","66.66666667","0","2.222222222","66.66666667","68.88888889","0","3.333333333","100","103.3333333"
"","","UGP2014NAM-OT03","","","","","","","","","UGP2014NAM-OT03-03133","","","","3","2","1","4","5","1","2","1","1","1","0.12","0.04","4.4","2","1","1","3","5","0","0.16","4.56","2","0.12","0.04","0.08","2","0.666666667","1","0.333333333","0.16","0.053333333","4.4","1.466666667","50","3.50877193","33.33333333","1.333333333","1.777777778","48.88888889","50.66666667","4","5.333333333","146.6666667","152"
"","","UGP2014NAM-OT03","","","","","","","","","UGP2014NAM-OT03-03134","","","","3","3","1","2","9","1","2","3","6","1","1","0.01","3.5","9","2","1","5","3","3.03","1.01","4.51","7","0.166666667","0.01","0.144285714","2.333333333","2.333333333","2","2","0.336666667","0.336666667","1.166666667","1.166666667","85.71428571","22.39467849","100","11.11111111","11.22222222","38.88888889","50.11111111","11.11111111","11.22222222","38.88888889","50.11111111"
"","","UGP2014NAM-OT03","","","","","","","","","UGP2014NAM-OT03-03135","","","","3","2","1","2","9","1","2","2","5","1","0.74","0.04","4","8","1","1","5","3","0.02","0.78","4.78","6","0.148","0.04","0.13","3","2","2.5","1.666666667","0.39","0.26","2","1.333333333","83.33333333","16.31799163","66.66666667","8.222222222","8.666666667","44.44444444","53.11111111","12.33333333","13","66.66666667","79.66666667"
"","","UGP2014NAM-OT03","","","","","","","","","UGP2014NAM-OT03-03136","","","","3","2","1","3","8","1","3","2","40","21","4.5","0.4","5.6","8","1","1","3","5","7.76","4.9","10.5","61","0.1125","0.019047619","0.080327869","30.5","20.33333333","20","13.33333333","2.45","1.633333333","2.8","1.866666667","65.57377049","46.66666667","66.66666667","50","54.44444444","62.22222222","116.6666667","75","81.66666667","93.33333333","175"
"","","UGP2014NAM-OT03","","","","","","","","","UGP2014NAM-OT03-03137","","","","3","2","1","3","7","1","2","1","11","14","0.6","0.2","5","8","1","1","2","5","0","0.8","5.8","25","0.054545455","0.014285714","0.032","25","8.333333333","11","3.666666667","0.8","0.266666667","5","1.666666667","44","13.79310345","33.33333333","6.666666667","8.888888889","55.55555556","64.44444444","20","26.66666667","166.6666667","193.3333333"
"","","UGP2014NAM-OT03","","","","","","","","","UGP2014NAM-OT03-03138","","","","3","0","","","","","","0","0","0","0","0","0","","","","","","","0","0","0","","","","","0","","0","","0","","0","","","0","0","0","0","0","","","",""
"","","UGP2014NAM-OT03","","","","","","","","","UGP2014NAM-OT03-03139","","","","3","1","2","4","5","1","2","1","1","0","0.28","0","0.2","2","1","1","4","3","0.02","0.28","0.48","1","0.28","","0.28","1","0.333333333","1","0.333333333","0.28","0.093333333","0.2","0.066666667","100","58.33333333","33.33333333","3.111111111","3.111111111","2.222222222","5.333333333","9.333333333","9.333333333","6.666666667","16"
"","","UGP2014NAM-OT03","","","","","","","","","UGP2014NAM-OT03-03140","","","","3","2","6","8","7","1","2","2","2","3","0.24","0.04","2.8","8","1","1","2","5","11.03","0.28","3.08","5","0.12","0.013333333","0.056","2.5","1.666666667","1","0.666666667","0.14","0.093333333","1.4","0.933333333","40","9.090909091","66.66666667","2.666666667","3.111111111","31.11111111","34.22222222","4","4.666666667","46.66666667","51.33333333"
"","","UGP2014NAM-OT03","","","","","","","","","UGP2014NAM-OT03-03141","","","","3","1","2","4","7","2","3","1","12","0","2.5","0","2.5","8","1","1","5","5","0","2.5","5","12","0.208333333","","0.208333333","12","4","12","4","2.5","0.833333333","2.5","0.833333333","100","50","33.33333333","27.77777778","27.77777778","27.77777778","55.55555556","83.33333333","83.33333333","83.33333333","166.6666667"
"","","UGP2014NAM-OT03","","","","","","","","","UGP2014NAM-OT03-03142","","","","3","2","1","3","8","1","2","2","0","0","0","0","4.5","","","","","","","0","4.5","0","","","","0","0","0","0","0","0","2.25","1.5","","0","66.66666667","0","0","50","50","0","0","75","75"
"","","UGP2014NAM-OT03","","","","","","","","","UGP2014NAM-OT03-03143","","","","3","1","2","2","8","1","2","1","0","0","0","0","2.5","","","","","","","0","2.5","0","","","","0","0","0","0","0","0","2.5","0.833333333","","0","33.33333333","0","0","27.77777778","27.77777778","0","0","83.33333333","83.33333333"
"","","UGP2014NAM-OT03","","","","","","","","","UGP2014NAM-OT03-03144","","","","3","2","1","2","5","1","2","2","0","0","0","0","0.1","","","","","","","0","0.1","0","","","","0","0","0","0","0","0","0.05","0.033333333","","0","66.66666667","0","0","1.111111111","1.111111111","0","0","1.666666667","1.666666667"
"","","UGP2014NAM-OT03","","","","","","","","","UGP2014NAM-OT03-03145","","","","3","2","1","2","9","1","2","2","1","0","0.08","0","4.8","2","1","1","3","9","0.15","0.08","4.88","1","0.08","","0.08","0.5","0.333333333","0.5","0.333333333","0.04","0.026666667","2.4","1.6","100","1.639344262","66.66666667","0.888888889","0.888888889","53.33333333","54.22222222","1.333333333","1.333333333","80","81.33333333"
"","","UGP2014NAM-OT03","","","","","","","","","UGP2014NAM-OT03-03146","","","","3","3","1","2","7","1","2","3","10","7","1.24","0.1","11","8","1","1","8","5","0","1.34","12.34","17","0.124","0.014285714","0.078823529","5.666666667","5.666666667","3.333333333","3.333333333","0.446666667","0.446666667","3.666666667","3.666666667","58.82352941","10.85899514","100","13.77777778","14.88888889","122.2222222","137.1111111","13.77777778","14.88888889","122.2222222","137.1111111"
"","","UGP2014NAM-OT03","","","","","","","","","UGP2014NAM-OT03-03147","","","","3","0","","","","","","0","0","0","0","0","0","","","","","","0","0","0","0","","","","","0","","0","","0","","0","","","0","0","0","0","0","","","",""
"","","UGP2014NAM-OT03","","","","","","","","","UGP2014NAM-OT03-03148","","","","3","2","1","2","9","1","2","2","0","0","0","0","9","","","","","","","0","9","0","","","","0","0","0","0","0","0","4.5","3","","0","66.66666667","0","0","100","100","0","0","150","150"
"","","UGP2014NAM-OT03","","","","","","","","","UGP2014NAM-OT03-03149","","","","3","1","1","4","7","1","2","1","0","0","0","0","6","","","","","","","0","6","0","","","","0","0","0","0","0","0","6","2","","0","33.33333333","0","0","66.66666667","66.66666667","0","0","200","200"
"","","UGP2014NAM-OT03","","","","","","","","","UGP2014NAM-OT03-03150","","","","3","0","","","","","","0","0","0","0","0","0","","","","","","","0","0","0","","","","","0","","0","","0","","0","","","0","0","0","0","0","","","",""
"","","UGP2014NAM-OT03","","","","","","","","","UGP2014NAM-OT03-03151","","","","3","2","1","2","8","1","2","2","0","0","0","0","4.5","","","","","","","0","4.5","0","","","","0","0","0","0","0","0","2.25","1.5","","0","66.66666667","0","0","50","50","0","0","75","75"
"","","UGP2014NAM-OT03","","","","","","","","","UGP2014NAM-OT03-03152","","","","3","1","1","2","5","2","4","1","2","2","0.2","0.01","1","6","1","1","1","5","0","0.21","1.21","4","0.1","0.005","0.0525","4","1.333333333","2","0.666666667","0.21","0.07","1","0.333333333","50","17.3553719","33.33333333","2.222222222","2.333333333","11.11111111","13.44444444","6.666666667","7","33.33333333","40.33333333"
"","","UGP2014NAM-OT03","","","","","","","","","UGP2014NAM-OT03-03153","","","","3","1","1","2","4","1","3","0","0","0","0","0","0","","","","","","","0","0","0","","","","","0","","0","","0","","0","","","0","0","0","0","0","","","",""
"","","UGP2014NAM-OT03","","","","","","","","","UGP2014NAM-OT03-03154","","","","3","3","1","2","6","1","3","3","6","0","0.38","0","5","2","1","1","5","7","1.65","0.38","5.38","6","0.063333333","","0.063333333","2","2","2","2","0.126666667","0.126666667","1.666666667","1.666666667","100","7.063197026","100","4.222222222","4.222222222","55.55555556","59.77777778","4.222222222","4.222222222","55.55555556","59.77777778"
"","","UGP2014NAM-OT03","","","","","","","","","UGP2014NAM-OT03-03155","","","","3","1","1","2","9","1","2","1","4","2","1.58","0.04","10","9","1","1","1","1","0","1.62","11.62","6","0.395","0.02","0.27","6","2","4","1.333333333","1.62","0.54","10","3.333333333","66.66666667","13.94148021","33.33333333","17.55555556","18","111.1111111","129.1111111","52.66666667","54","333.3333333","387.3333333"
"","","UGP2014NAM-OT03","","","","","","","","","UGP2014NAM-OT03-03156","","","","3","1","1","3","8","2","4","1","0","0","0","0","0.9","","","","","","","0","0.9","0","","","","0","0","0","0","0","0","0.9","0.3","","0","33.33333333","0","0","10","10","0","0","30","30"
"","","UGP2014NAM-OT03","","","","","","","","","UGP2014NAM-OT03-03157","","","","3","2","1","2","9","1","3","2","6","1","0.9","0.03","1","2","1","1","5","3","0.12","0.93","1.93","7","0.15","0.03","0.132857143","3.5","2.333333333","3","2","0.465","0.31","0.5","0.333333333","85.71428571","48.1865285","66.66666667","10","10.33333333","11.11111111","21.44444444","15","15.5","16.66666667","32.16666667"
"","","UGP2014NAM-OT03","","","","","","","","","UGP2014NAM-OT03-03158","","","","3","3","1","2","7","1","2","1","1","0","0.44","0","0.16","2","1","1","1","1","0","0.44","0.6","1","0.44","","0.44","1","0.333333333","1","0.333333333","0.44","0.146666667","0.16","0.053333333","100","73.33333333","33.33333333","4.888888889","4.888888889","1.777777778","6.666666667","14.66666667","14.66666667","5.333333333","20"
"","","UGP2014NAM-OT03","","","","","","","","","UGP2014NAM-OT03-03159","","","","3","2","3","3","8","1","2","2","4","3","0.26","0.1","5.5","6","1","1","9","7","0","0.36","5.86","7","0.065","0.033333333","0.051428571","3.5","2.333333333","2","1.333333333","0.18","0.12","2.75","1.833333333","57.14285714","6.14334471","66.66666667","2.888888889","4","61.11111111","65.11111111","4.333333333","6","91.66666667","97.66666667"
"","","UGP2014NAM-OT03","","","","","","","","","UGP2014NAM-OT03-03160","","","","3","2","1","2","7","2","4","2","8","5","0.68","0.12","4","6","1","1","8","5","4.41","0.8","4.8","13","0.085","0.024","0.061538462","6.5","4.333333333","4","2.666666667","0.4","0.266666667","2","1.333333333","61.53846154","16.66666667","66.66666667","7.555555556","8.888888889","44.44444444","53.33333333","11.33333333","13.33333333","66.66666667","80"
"","","UGP2014NAM-OT03","","","","","","","","","UGP2014NAM-OT03-03161","","","","3","3","3","4","6","2","3","1","1","0","0.24","0","4.2","2","2","1","1","3","1.65","0.24","4.44","1","0.24","","0.24","1","0.333333333","1","0.333333333","0.24","0.08","4.2","1.4","100","5.405405405","33.33333333","2.666666667","2.666666667","46.66666667","49.33333333","8","8","140","148"
"","","UGP2014NAM-OT03","","","","","","","","","UGP2014NAM-OT03-03162","","","","3","1","1","2","7","1","4","1","7","5","0.62","0.12","5.5","8","1","1","2","5","0.15","0.74","6.24","12","0.088571429","0.024","0.061666667","12","4","7","2.333333333","0.74","0.246666667","5.5","1.833333333","58.33333333","11.85897436","33.33333333","6.888888889","8.222222222","61.11111111","69.33333333","20.66666667","24.66666667","183.3333333","208"
"","","UGP2014NAM-OT03","","","","","","","","","UGP2014NAM-OT03-03163","","","","3","3","1","2","8","1","2","1","2","0","0.68","0","3.5","9","2","1","5","1","0.12","0.68","4.18","2","0.34","","0.34","2","0.666666667","2","0.666666667","0.68","0.226666667","3.5","1.166666667","100","16.26794258","33.33333333","7.555555556","7.555555556","38.88888889","46.44444444","22.66666667","22.66666667","116.6666667","139.3333333"
"","","UGP2014NAM-OT03","","","","","","","","","UGP2014NAM-OT03-03164","","","","3","3","1","2","7","1","2","3","0","0","0","0","10.1","","","","","","","0","10.1","0","","","","0","0","0","0","0","0","3.366666667","3.366666667","","0","100","0","0","112.2222222","112.2222222","0","0","112.2222222","112.2222222"
"","","UGP2014NAM-OT03","","","","","","","","","UGP2014NAM-OT03-03165","","","","3","1","1","2","7","1","3","1","4","3","0.7","0.1","3.7","9","1","1","2","5","0","0.8","4.5","7","0.175","0.033333333","0.114285714","7","2.333333333","4","1.333333333","0.8","0.266666667","3.7","1.233333333","57.14285714","17.77777778","33.33333333","7.777777778","8.888888889","41.11111111","50","23.33333333","26.66666667","123.3333333","150"
"","","UGP2014NAM-OT03","","","","","","","","","UGP2014NAM-OT03-03166","","","","3","1","1","2","7","1","2","1","7","0","1.08","0","1.5","9","1","1","4","3","4.61","1.08","2.58","7","0.154285714","","0.154285714","7","2.333333333","7","2.333333333","1.08","0.36","1.5","0.5","100","41.86046512","33.33333333","12","12","16.66666667","28.66666667","36","36","50","86"
"","","UGP2014NAM-OT03","","","","","","","","","UGP2014NAM-OT03-03167","","","","3","1","1","3","7","2","3","1","0","0","0","0","2.6","","","","","","","0","2.6","0","","","","0","0","0","0","0","0","2.6","0.866666667","","0","33.33333333","0","0","28.88888889","28.88888889","0","0","86.66666667","86.66666667"
"","","UGP2014NAM-OT03","","","","","","","","","UGP2014NAM-OT03-03168","","","","3","1","1","2","6","1","3","1","0","0","0","0","1","","","","","","","0","1","0","","","","0","0","0","0","0","0","1","0.333333333","","0","33.33333333","0","0","11.11111111","11.11111111","0","0","33.33333333","33.33333333"
"","","UGP2014NAM-OT03","","","","","","","","","UGP2014NAM-OT03-03169","","","","3","1","2","2","6","1","2","1","5","2","0.56","0.01","1","6","1","1","3","5","14.37","0.57","1.57","7","0.112","0.005","0.081428571","7","2.333333333","5","1.666666667","0.57","0.19","1","0.333333333","71.42857143","36.30573248","33.33333333","6.222222222","6.333333333","11.11111111","17.44444444","18.66666667","19","33.33333333","52.33333333"
"","","UGP2014NAM-OT03","","","","","","","","","UGP2014NAM-OT03-03170","","","","3","3","2","2","7","3","6","3","0","2","0","0.06","4","2","1","1","9","9","0.15","0.06","4.06","2","","0.03","0.03","0.666666667","0.666666667","0","0","0.02","0.02","1.333333333","1.333333333","0","1.477832512","100","0","0.666666667","44.44444444","45.11111111","0","0.666666667","44.44444444","45.11111111"
"","","UGP2014NAM-OT03","","","","","","","","","UGP2014NAM-OT03-03171","","","","3","3","1","2","6","4","7","3","0","0","0","0","3","","","","","","","0","3","0","","","","0","0","0","0","0","0","1","1","","0","100","0","0","33.33333333","33.33333333","0","0","33.33333333","33.33333333"
"","","UGP2014NAM-OT03","","","","","","","","","UGP2014NAM-OT03-03172","","","","3","1","2","2","6","2","4","1","0","0","0","0","2.7","","","","","","","0","2.7","0","","","","0","0","0","0","0","0","2.7","0.9","","0","33.33333333","0","0","30","30","0","0","90","90"
"","","UGP2014NAM-OT03","","","","","","","","","UGP2014NAM-OT03-03173","","","","3","2","2","2","5","3","5","2","6","0","0.36","0","7","9","1","1","2","5","0","0.36","7.36","6","0.06","","0.06","3","2","3","2","0.18","0.12","3.5","2.333333333","100","4.891304348","66.66666667","4","4","77.77777778","81.77777778","6","6","116.6666667","122.6666667"
"","","UGP2014NAM-OT03","","","","","","","","","UGP2014NAM-OT03-03174","","","","3","1","1","2","5","1","3","1","0","0","0","0","0.1","","","","","","","0","0.1","0","","","","0","0","0","0","0","0","0.1","0.033333333","","0","33.33333333","0","0","1.111111111","1.111111111","0","0","3.333333333","3.333333333"
"","","UGP2014NAM-OT03","","","","","","","","","UGP2014NAM-OT03-03175","","","","3","0","","","","","","0","0","0","0","0","0","","","","","","","0","0","0","","","","","0","","0","","0","","0","","","0","0","0","0","0","","","",""
"","","UGP2014NAM-OT03","","","","","","","","","UGP2014NAM-OT03-03176","","","","3","2","1","2","8","1","2","2","4","0","0.3","0","5","9","1","1","5","5","0","0.3","5.3","4","0.075","","0.075","2","1.333333333","2","1.333333333","0.15","0.1","2.5","1.666666667","100","5.660377358","66.66666667","3.333333333","3.333333333","55.55555556","58.88888889","5","5","83.33333333","88.33333333"
"","","UGP2014NAM-OT03","","","","","","","","","UGP2014NAM-OT03-03177","","","","3","2","1","3","7","1","2","2","8","1","0.4","0.04","2.5","8","1","1","3","7","1.38","0.44","2.94","9","0.05","0.04","0.048888889","4.5","3","4","2.666666667","0.22","0.146666667","1.25","0.833333333","88.88888889","14.96598639","66.66666667","4.444444444","4.888888889","27.77777778","32.66666667","6.666666667","7.333333333","41.66666667","49"
"","","UGP2014NAM-OT03","","","","","","","","","UGP2014NAM-OT03-03178","","","","3","2","1","2","6","1","3","2","1","0","0.08","0","0.2","9","1","1","4","7","0","0.08","0.28","1","0.08","","0.08","0.5","0.333333333","0.5","0.333333333","0.04","0.026666667","0.1","0.066666667","100","28.57142857","66.66666667","0.888888889","0.888888889","2.222222222","3.111111111","1.333333333","1.333333333","3.333333333","4.666666667"
"","","UGP2014NAM-OT03","","","","","","","","","UGP2014NAM-OT03-03179","","","","3","1","2","2","6","1","2","1","0","0","0","0","2.2","","","","","","","0","2.2","0","","","","0","0","0","0","0","0","2.2","0.733333333","","0","33.33333333","0","0","24.44444444","24.44444444","0","0","73.33333333","73.33333333"
"","","UGP2014NAM-OT03","","","","","","","","","UGP2014NAM-OT03-03180","","","","3","3","2","3","8","1","2","3","4","0","3","0","6","2","3","1","4","1","0","3","9","4","0.75","","0.75","1.333333333","1.333333333","1.333333333","1.333333333","1","1","2","2","100","33.33333333","100","33.33333333","33.33333333","66.66666667","100","33.33333333","33.33333333","66.66666667","100"
"","","UGP2014NAM-OT03","","","","","","","","","UGP2014NAM-OT03-03181","","","","3","2","1","3","7","1","2","2","4","0","0.36","0","2","9","1","1","8","5","0","0.36","2.36","4","0.09","","0.09","2","1.333333333","2","1.333333333","0.18","0.12","1","0.666666667","100","15.25423729","66.66666667","4","4","22.22222222","26.22222222","6","6","33.33333333","39.33333333"
"","","UGP2014NAM-OT03","","","","","","","","","UGP2014NAM-OT03-03182","","","","3","3","2","2","5","1","2","3","0","0","0","0","2.5","","","","","","","0","2.5","0","","","","0","0","0","0","0","0","0.833333333","0.833333333","","0","100","0","0","27.77777778","27.77777778","0","0","27.77777778","27.77777778"
"","","UGP2014NAM-OT03","","","","","","","","","UGP2014NAM-OT03-03183","","","","3","2","1","4","8","1","2","2","6","1","0.46","0.04","3.7","8","1","1","1","5","4.41","0.5","4.2","7","0.076666667","0.04","0.071428571","3.5","2.333333333","3","2","0.25","0.166666667","1.85","1.233333333","85.71428571","11.9047619","66.66666667","5.111111111","5.555555556","41.11111111","46.66666667","7.666666667","8.333333333","61.66666667","70"
"","","UGP2014NAM-OT03","","","","","","","","","UGP2014NAM-OT03-03184","","","","3","3","1","2","5","2","3","1","0","0","0","0","0.12","","","","","","","0","0.12","0","","","","0","0","0","0","0","0","0.12","0.04","","0","33.33333333","0","0","1.333333333","1.333333333","0","0","4","4"
"","","UGP2014NAM-OT03","","","","","","","","","UGP2014NAM-OT03-03185","","","","3","2","2","4","6","1","3","2","2","1","0.24","0.01","0.24","6","1","2","2","5","7.76","0.25","0.49","3","0.12","0.01","0.083333333","1.5","1","1","0.666666667","0.125","0.083333333","0.12","0.08","66.66666667","51.02040816","66.66666667","2.666666667","2.777777778","2.666666667","5.444444444","4","4.166666667","4","8.166666667"
"","","UGP2014NAM-OT03","","","","","","","","","UGP2014NAM-OT03-03186","","","","3","0","","","","","","0","0","0","0","0","0","","","","","","","0","0","0","","","","","0","","0","","0","","0","","","0","0","0","0","0","","","",""
"","","UGP2014NAM-OT03","","","","","","","","","UGP2014NAM-OT03-03187","","","","3","3","2","2","7","1","2","1","6","1","0.84","0.01","3.2","9","1","1","4","3","0.12","0.85","4.05","7","0.14","0.01","0.121428571","7","2.333333333","6","2","0.85","0.283333333","3.2","1.066666667","85.71428571","20.98765432","33.33333333","9.333333333","9.444444444","35.55555556","45","28","28.33333333","106.6666667","135"
"","","UGP2014NAM-OT03","","","","","","","","","UGP2014NAM-OT03-03188","","","","3","2","3","6","8","1","2","1","5","3","0.4","0.1","3","9","1","","8","5","0","0.5","3.5","8","0.08","0.033333333","0.0625","8","2.666666667","5","1.666666667","0.5","0.166666667","3","1","62.5","14.28571429","33.33333333","4.444444444","5.555555556","33.33333333","38.88888889","13.33333333","16.66666667","100","116.6666667"
"","","UGP2014NAM-OT03","","","","","","","","","UGP2014NAM-OT03-03189","","","","3","0","","","","","","0","0","0","0","0","0","","","","","","","0","0","0","","","","","0","","0","","0","","0","","","0","0","0","0","0","","","",""
"","","UGP2014NAM-OT03","","","","","","","","","UGP2014NAM-OT03-03190","","","","3","2","1","2","6","1","2","2","7","3","0.6","0.04","2","5","1","1","5","5","0","0.64","2.64","10","0.085714286","0.013333333","0.064","5","3.333333333","3.5","2.333333333","0.32","0.213333333","1","0.666666667","70","24.24242424","66.66666667","6.666666667","7.111111111","22.22222222","29.33333333","10","10.66666667","33.33333333","44"
"","","UGP2014NAM-OT03","","","","","","","","","UGP2014NAM-OT03-03191","","","","3","2","1","2","7","3","6","2","0","0","0","0","3","","","","","","","0","3","0","","","","0","0","0","0","0","0","1.5","1","","0","66.66666667","0","0","33.33333333","33.33333333","0","0","50","50"
"","","UGP2014NAM-OT03","","","","","","","","","UGP2014NAM-OT03-03192","","","","3","2","1","2","4","2","2","2","0","0","0","0","0.24","","","","","","","0","0.24","0","","","","0","0","0","0","0","0","0.12","0.08","","0","66.66666667","0","0","2.666666667","2.666666667","0","0","4","4"
"","","UGP2014NAM-OT03","","","","","","","","","UGP2014NAM-OT03-03193","","","","3","1","1","4","6","1","3","1","0","0","0","0","2","","","","","","","0","2","0","","","","0","0","0","0","0","0","2","0.666666667","","0","33.33333333","0","0","22.22222222","22.22222222","0","0","66.66666667","66.66666667"
"","","UGP2014NAM-OT03","","","","","","","","","UGP2014NAM-OT03-03194","","","","3","1","1","2","5","1","3","1","0","0","0","0","0.3","","","","","","","0","0.3","0","","","","0","0","0","0","0","0","0.3","0.1","","0","33.33333333","0","0","3.333333333","3.333333333","0","0","10","10"
"","","UGP2014NAM-OT03","","","","","","","","","UGP2014NAM-OT03-03195","","","","3","2","1","3","6","1","2","2","0","0","0","0","3","","","","","","","0","3","0","","","","0","0","0","0","0","0","1.5","1","","0","66.66666667","0","0","33.33333333","33.33333333","0","0","50","50"
"","","UGP2014NAM-OT03","","","","","","","","","UGP2014NAM-OT03-03197","","","","3","1","1","2","5","4","6","1","7","1","0.48","0.02","5","8","2","1","2","7","0.15","0.5","5.5","8","0.068571429","0.02","0.0625","8","2.666666667","7","2.333333333","0.5","0.166666667","5","1.666666667","87.5","9.090909091","33.33333333","5.333333333","5.555555556","55.55555556","61.11111111","16","16.66666667","166.6666667","183.3333333"
"","","UGP2014NAM-OT03","","","","","","","","","UGP2014NAM-OT03-03198","","","","3","3","2","2","7","4","6","3","5","4","0.36","0.08","1.7","8","1","1","3","5","0.02","0.44","2.14","9","0.072","0.02","0.048888889","3","3","1.666666667","1.666666667","0.146666667","0.146666667","0.566666667","0.566666667","55.55555556","20.56074766","100","4","4.888888889","18.88888889","23.77777778","4","4.888888889","18.88888889","23.77777778"
"","","UGP2014NAM-OT03","","","","","","","","","UGP2014NAM-OT03-03199","","","","3","1","1","3","7","1","3","1","0","0","0","0","4","","","","","","","0","4","0","","","","0","0","0","0","0","0","4","1.333333333","","0","33.33333333","0","0","44.44444444","44.44444444","0","0","133.3333333","133.3333333"
"","","UGP2014NAM-OT03","","","","","","","","","UGP2014NAM-OT03-03200","","","","3","1","2","2","5","2","4","1","5","0","1","0","1.6","6","1","1","5","1","0","1","2.6","5","0.2","","0.2","5","1.666666667","5","1.666666667","1","0.333333333","1.6","0.533333333","100","38.46153846","33.33333333","11.11111111","11.11111111","17.77777778","28.88888889","33.33333333","33.33333333","53.33333333","86.66666667"
"","","UGP2014NAM-OT03","","","","","","","","","UGP2014NAM-OT03-03201","","","","3","0","","","","","","0","0","0","0","0","0","","","","","","","0","0","0","","","","","0","","0","","0","","0","","","0","0","0","0","0","","","",""
"","","UGP2014NAM-OT03","","","","","","","","","UGP2014NAM-OT03-03202","","","","3","1","1","2","5","1","2","1","1","0","0.2","0","2","2","1","1","3","5","1.38","0.2","2.2","1","0.2","","0.2","1","0.333333333","1","0.333333333","0.2","0.066666667","2","0.666666667","100","9.090909091","33.33333333","2.222222222","2.222222222","22.22222222","24.44444444","6.666666667","6.666666667","66.66666667","73.33333333"
"","","UGP2014NAM-OT03","","","","","","","","","UGP2014NAM-OT03-03203","","","","3","3","1","4","5","3","5","1","0","0","0","0","1","","","","","","","0","1","0","","","","0","0","0","0","0","0","1","0.333333333","","0","33.33333333","0","0","11.11111111","11.11111111","0","0","33.33333333","33.33333333"
"","","UGP2014NAM-OT03","","","","","","","","","UGP2014NAM-OT03-03204","","","","3","3","1","2","5","3","6","3","0","0","0","0","1.4","","","","","","","0","1.4","0","","","","0","0","0","0","0","0","0.466666667","0.466666667","","0","100","0","0","15.55555556","15.55555556","0","0","15.55555556","15.55555556"
"","","UGP2014NAM-OT03","","","","","","","","","UGP2014NAM-OT03-03205","","","","3","2","1","3","8","1","3","2","6","0","0.4","0","1.8","2","1","1","7","3","0.02","0.4","2.2","6","0.066666667","","0.066666667","3","2","3","2","0.2","0.133333333","0.9","0.6","100","18.18181818","66.66666667","4.444444444","4.444444444","20","24.44444444","6.666666667","6.666666667","30","36.66666667"
"","","UGP2014NAM-OT03","","","","","","","","","UGP2014NAM-OT03-03206","","","","3","3","1","2","8","1","2","1","6","0","1.2","0","2.6","9","1","1","8","1","0.02","1.2","3.8","6","0.2","","0.2","6","2","6","2","1.2","0.4","2.6","0.866666667","100","31.57894737","33.33333333","13.33333333","13.33333333","28.88888889","42.22222222","40","40","86.66666667","126.6666667"
"","","UGP2014NAM-OT03","","","","","","","","","UGP2014NAM-OT03-03207","","","","3","2","1","2","7","1","2","2","2","0","0.46","0","3.5","8","1","1","3","5","1.38","0.46","3.96","2","0.23","","0.23","1","0.666666667","1","0.666666667","0.23","0.153333333","1.75","1.166666667","100","11.61616162","66.66666667","5.111111111","5.111111111","38.88888889","44","7.666666667","7.666666667","58.33333333","66"
"","","UGP2014NAM-OT03","","","","","","","","","UGP2014NAM-OT03-03208","","","","3","1","1","3","6","1","3","1","0","0","0","0","6.2","","","","","","","0","6.2","0","","","","0","0","0","0","0","0","6.2","2.066666667","","0","33.33333333","0","0","68.88888889","68.88888889","0","0","206.6666667","206.6666667"
"","","UGP2014NAM-OT03","","","","","","","","","UGP2014NAM-OT03-03209","","","","3","1","1","2","5","1","2","1","3","0","0.31","0","0.1","8","2","1","2","3","11.03","0.31","0.41","3","0.103333333","","0.103333333","3","1","3","1","0.31","0.103333333","0.1","0.033333333","100","75.6097561","33.33333333","3.444444444","3.444444444","1.111111111","4.555555556","10.33333333","10.33333333","3.333333333","13.66666667"
"","","UGP2014NAM-OT03","","","","","","","","","UGP2014NAM-OT03-03210","","","","3","1","1","3","6","1","2","1","0","0","0","0","1.5","","","","","","","0","1.5","0","","","","0","0","0","0","0","0","1.5","0.5","","0","33.33333333","0","0","16.66666667","16.66666667","0","0","50","50"
"","","UGP2014NAM-OT03","","","","","","","","","UGP2014NAM-OT03-03211","","","","3","3","3","4","8","1","3","3","7","0","0.6","0","2.4","2","1","1","3","3","1.5","0.6","3","7","0.085714286","","0.085714286","2.333333333","2.333333333","2.333333333","2.333333333","0.2","0.2","0.8","0.8","100","20","100","6.666666667","6.666666667","26.66666667","33.33333333","6.666666667","6.666666667","26.66666667","33.33333333"
"","","UGP2014NAM-OT03","","","","","","","","","UGP2014NAM-OT03-03212","","","","3","1","1","2","6","4","6","1","2","0","0.48","0","1.2","9","1","1","4","3","1.38","0.48","1.68","2","0.24","","0.24","2","0.666666667","2","0.666666667","0.48","0.16","1.2","0.4","100","28.57142857","33.33333333","5.333333333","5.333333333","13.33333333","18.66666667","16","16","40","56"
"","","UGP2014NAM-OT03","","","","","","","","","UGP2014NAM-OT03-03213","","","","3","2","1","2","7","2","3","2","2","0","0.7","0","1","9","1","1","1","1","3.03","0.7","1.7","2","0.35","","0.35","1","0.666666667","1","0.666666667","0.35","0.233333333","0.5","0.333333333","100","41.17647059","66.66666667","7.777777778","7.777777778","11.11111111","18.88888889","11.66666667","11.66666667","16.66666667","28.33333333"
"","","UGP2014NAM-OT03","","","","","","","","","UGP2014NAM-OT03-03214","","","","3","2","1","2","5","3","5","2","0","2","0","0.8","0.8","2","1","1","9","1","4.41","0.8","1.6","2","","0.4","0.4","1","0.666666667","0","0","0.4","0.266666667","0.4","0.266666667","0","50","66.66666667","0","8.888888889","8.888888889","17.77777778","0","13.33333333","13.33333333","26.66666667"
"","","UGP2014NAM-OT03","","","","","","","","","UGP2014NAM-OT03-03215","","","","3","1","2","2","6","3","6","1","0","0","0","0","0.5","","","","","","","0","0.5","0","","","","0","0","0","0","0","0","0.5","0.166666667","","0","33.33333333","0","0","5.555555556","5.555555556","0","0","16.66666667","16.66666667"
"","","UGP2014NAM-OT03","","","","","","","","","UGP2014NAM-OT03-03216","","","","3","2","2","2","7","1","2","2","0","0","0","0","1","","","","","","","0","1","0","","","","0","0","0","0","0","0","0.5","0.333333333","","0","66.66666667","0","0","11.11111111","11.11111111","0","0","16.66666667","16.66666667"
"","","UGP2014NAM-OT03","","","","","","","","","UGP2014NAM-OT03-03217","","","","3","0","","","","","","0","0","0","0","0","0","","","","","","","0","0","0","","","","","0","","0","","0","","0","","","0","0","0","0","0","","","",""
"","","UGP2014NAM-OT03","","","","","","","","","UGP2014NAM-OT03-03218","","","","3","1","2","2","8","1","2","1","1","0","0.1","0","3.5","2","1","1","1","7","4.41","0.1","3.6","1","0.1","","0.1","1","0.333333333","1","0.333333333","0.1","0.033333333","3.5","1.166666667","100","2.777777778","33.33333333","1.111111111","1.111111111","38.88888889","40","3.333333333","3.333333333","116.6666667","120"
"","","UGP2014NAM-OT03","","","","","","","","","UGP2014NAM-OT03-03219","","","","3","0","","","","","","0","0","0","0","0","0","","","","","","","0","0","0","","","","","0","","0","","0","","0","","","0","0","0","0","0","","","",""
"","","UGP2014NAM-OT03","","","","","","","","","UGP2014NAM-OT03-03220","","","","3","2","2","2","5","3","4","2","8","0","0.5","0","1","2","1","1","2","3","1.38","0.5","1.5","8","0.0625","","0.0625","4","2.666666667","4","2.666666667","0.25","0.166666667","0.5","0.333333333","100","33.33333333","66.66666667","5.555555556","5.555555556","11.11111111","16.66666667","8.333333333","8.333333333","16.66666667","25"
"","","UGP2014NAM-OT03","","","","","","","","","UGP2014NAM-OT03-03221","","","","3","2","2","6","8","1","3","2","4","0","3.5","0","3","2","1","1","1","1","1.38","3.5","6.5","4","0.875","","0.875","2","1.333333333","2","1.333333333","1.75","1.166666667","1.5","1","100","53.84615385","66.66666667","38.88888889","38.88888889","33.33333333","72.22222222","58.33333333","58.33333333","50","108.3333333"
"","","UGP2014NAM-OT03","","","","","","","","","UGP2014NAM-OT03-03222","","","","3","0","","","","","","0","0","0","0","0","0","","","","","","","0","0","0","","","","","0","","0","","0","","0","","","0","0","0","0","0","","","",""
"","","UGP2014NAM-OT03","","","","","","","","","UGP2014NAM-OT03-03223","","","","3","2","1","2","9","2","3","2","4","1","0.6","","10.1","2","1","1","3","3","0.12","","","5","0.15","","","2.5","1.666666667","2","1.333333333","","","5.05","3.366666667","80","","66.66666667","6.666666667","","112.2222222","","10","","168.3333333",""
"","","UGP2014NAM-OT03","","","","","","","","","UGP2014NAM-OT03-03224","","","","3","2","1","3","8","1","3","1","8","0","4","0","3","2","1","1","4","3","0","4","7","8","0.5","","0.5","8","2.666666667","8","2.666666667","4","1.333333333","3","1","100","57.14285714","33.33333333","44.44444444","44.44444444","33.33333333","77.77777778","133.3333333","133.3333333","100","233.3333333"
"","","UGP2014NAM-OT03","","","","","","","","","UGP2014NAM-OT03-03225","","","","3","1","1","4","6","1","2","1","0","0","0","0","2","","","","","","","0","2","0","","","","0","0","0","0","0","0","2","0.666666667","","0","33.33333333","0","0","22.22222222","22.22222222","0","0","66.66666667","66.66666667"
"","","UGP2014NAM-OT03","","","","","","","","","UGP2014NAM-OT03-03226","","","","3","0","","","","","","0","0","0","0","0","0","","","","","","","0","0","0","","","","","0","","0","","0","","0","","","0","0","0","0","0","","","",""
"","","UGP2014NAM-OT03","","","","","","","","","UGP2014NAM-OT03-03227","","","","3","3","1","2","7","1","2","1","1","0","0.16","0","4","2","1","1","5","7","0.02","0.16","4.16","1","0.16","","0.16","1","0.333333333","1","0.333333333","0.16","0.053333333","4","1.333333333","100","3.846153846","33.33333333","1.777777778","1.777777778","44.44444444","46.22222222","5.333333333","5.333333333","133.3333333","138.6666667"
"","","UGP2014NAM-OT03","","","","","","","","","UGP2014NAM-OT03-03228","","","","3","1","1","2","5","4","6","1","1","1","0.16","0.03","0.08","2","2","4","5","5","0","0.19","0.27","2","0.16","0.03","0.095","2","0.666666667","1","0.333333333","0.19","0.063333333","0.08","0.026666667","50","70.37037037","33.33333333","1.777777778","2.111111111","0.888888889","3","5.333333333","6.333333333","2.666666667","9"
"","","UGP2014NAM-OT03","","","","","","","","","UGP2014NAM-OT03-03229","","","","3","1","1","2","7","1","2","1","14","6","3","0.1","2","8","1","1","5","3","0","3.1","5.1","20","0.214285714","0.016666667","0.155","20","6.666666667","14","4.666666667","3.1","1.033333333","2","0.666666667","70","60.78431373","33.33333333","33.33333333","34.44444444","22.22222222","56.66666667","100","103.3333333","66.66666667","170"
"","","UGP2014NAM-OT03","","","","","","","","","UGP2014NAM-OT03-03230","","","","3","2","1","4","8","1","2","2","1","7","0.12","0.06","6","8","1","1","9","9","0.02","0.18","6.18","8","0.12","0.008571429","0.0225","4","2.666666667","0.5","0.333333333","0.09","0.06","3","2","12.5","2.912621359","66.66666667","1.333333333","2","66.66666667","68.66666667","2","3","100","103"
"","","UGP2014NAM-OT03","","","","","","","","","UGP2014NAM-OT03-03231","","","","3","2","1","2","6","1","2","2","12","6","0.9","0.1","2","2","2","1","2","3","0.02","1","3","18","0.075","0.016666667","0.055555556","9","6","6","4","0.5","0.333333333","1","0.666666667","66.66666667","33.33333333","66.66666667","10","11.11111111","22.22222222","33.33333333","15","16.66666667","33.33333333","50"
"","","UGP2014NAM-OT03","","","","","","","","","UGP2014NAM-OT03-03232","","","","3","2","1","2","9","2","3","2","0","0","0","0","27","","","","","","","0","27","0","","","","0","0","0","0","0","0","13.5","9","","0","66.66666667","0","0","300","300","0","0","450","450"
"","","UGP2014NAM-OT03","","","","","","","","","UGP2014NAM-OT03-03233","","","","3","0","","","","","","0","0","0","0","0","0","","","","","","","0","0","0","","","","","0","","0","","0","","0","","","0","0","0","0","0","","","",""
"","","UGP2014NAM-OT03","","","","","","","","","UGP2014NAM-OT03-03234","","","","3","1","2","2","5","3","5","1","0","0","0","0","1","","","","","","","0","1","0","","","","0","0","0","0","0","0","1","0.333333333","","0","33.33333333","0","0","11.11111111","11.11111111","0","0","33.33333333","33.33333333"
"","","UGP2014NAM-OT03","","","","","","","","","UGP2014NAM-OT03-03235","","","","3","1","1","2","5","1","2","1","0","0","0","0","1.3","","","","","","","0","1.3","0","","","","0","0","0","0","0","0","1.3","0.433333333","","0","33.33333333","0","0","14.44444444","14.44444444","0","0","43.33333333","43.33333333"
"","","UGP2014NAM-OT03","","","","","","","","","UGP2014NAM-OT03-03236","","","","3","2","1","3","5","3","3","2","4","0","0.38","0","1.2","8","1","1","5","5","0.02","0.38","1.58","4","0.095","","0.095","2","1.333333333","2","1.333333333","0.19","0.126666667","0.6","0.4","100","24.05063291","66.66666667","4.222222222","4.222222222","13.33333333","17.55555556","6.333333333","6.333333333","20","26.33333333"
"","","UGP2014NAM-OT03","","","","","","","","","UGP2014NAM-OT03-03237","","","","3","2","1","3","5","2","2","2","0","0","0","0","3","","","","","","","0","3","0","","","","0","0","0","0","0","0","1.5","1","","0","66.66666667","0","0","33.33333333","33.33333333","0","0","50","50"
"","","UGP2014NAM-OT03","","","","","","","","","UGP2014NAM-OT03-03238","","","","3","1","2","4","6","1","2","1","1","1","0.08","0.04","1","8","1","1","5","7","0","0.12","1.12","2","0.08","0.04","0.06","2","0.666666667","1","0.333333333","0.12","0.04","1","0.333333333","50","10.71428571","33.33333333","0.888888889","1.333333333","11.11111111","12.44444444","2.666666667","4","33.33333333","37.33333333"
"","","UGP2014NAM-OT03","","","","","","","","","UGP2014NAM-OT03-03239","","","","3","0","","","","","","0","0","0","0","0","0","","","","","","","0","0","0","","","","","0","","0","","0","","0","","","0","0","0","0","0","","","",""
"","","UGP2014NAM-OT03","","","","","","","","","UGP2014NAM-OT03-03240","","","","3","2","2","2","6","2","3","2","0","0","0","0","7.5","","","","","","","0","7.5","0","","","","0","0","0","0","0","0","3.75","2.5","","0","66.66666667","0","0","83.33333333","83.33333333","0","0","125","125"
"","","UGP2014NAM-OT03","","","","","","","","","UGP2014NAM-OT03-03241","","","","3","1","2","2","6","1","2","1","0","0","0","0","3.7","","","","","","","0","3.7","0","","","","0","0","0","0","0","0","3.7","1.233333333","","0","33.33333333","0","0","41.11111111","41.11111111","0","0","123.3333333","123.3333333"
"","","UGP2014NAM-OT03","","","","","","","","","UGP2014NAM-OT03-03242","","","","3","0","","","","","","0","0","0","0","0","0","","","","","","","0","0","0","","","","","0","","0","","0","","0","","","0","0","0","0","0","","","",""
"","","UGP2014NAM-OT03","","","","","","","","","UGP2014NAM-OT03-03243","","","","3","2","2","2","5","4","6","2","2","0","0.26","0","1","8","1","1","5","7","0","0.26","1.26","2","0.13","","0.13","1","0.666666667","1","0.666666667","0.13","0.086666667","0.5","0.333333333","100","20.63492063","66.66666667","2.888888889","2.888888889","11.11111111","14","4.333333333","4.333333333","16.66666667","21"
"","","UGP2014NAM-OT03","","","","","","","","","UGP2014NAM-OT03-03244","","","","3","2","1","4","5","1","3","2","4","0","2.5","0","1.2","2","1","1","6","1","0.15","2.5","3.7","4","0.625","","0.625","2","1.333333333","2","1.333333333","1.25","0.833333333","0.6","0.4","100","67.56756757","66.66666667","27.77777778","27.77777778","13.33333333","41.11111111","41.66666667","41.66666667","20","61.66666667"
"","","UGP2014NAM-OT03","","","","","","","","","UGP2014NAM-OT03-03245","","","","3","0","","","","","","0","0","0","0","0","0","","","","","","","0","0","0","","","","","0","","0","","0","","0","","","0","0","0","0","0","","","",""
"","","UGP2014NAM-OT03","","","","","","","","","UGP2014NAM-OT03-03246","","","","3","3","2","4","5","2","4","1","3","0","0.3","0","1.5","8","1","1","3","5","3.03","0.3","1.8","3","0.1","","0.1","3","1","3","1","0.3","0.1","1.5","0.5","100","16.66666667","33.33333333","3.333333333","3.333333333","16.66666667","20","10","10","50","60"
"","","UGP2014NAM-OT03","","","","","","","","","UGP2014NAM-OT03-03247","","","","3","0","","","","","","0","0","0","0","0","0","","","","","","","0","0","0","","","","","0","","0","","0","","0","","","0","0","0","0","0","","","",""
"","","UGP2014NAM-OT03","","","","","","","","","UGP2014NAM-OT03-03248","","","","3","2","2","4","7","1","4","2","7","0","2","0","25","9","1","1","5","1","0.02","2","27","7","0.285714286","","0.285714286","3.5","2.333333333","3.5","2.333333333","1","0.666666667","12.5","8.333333333","100","7.407407407","66.66666667","22.22222222","22.22222222","277.7777778","300","33.33333333","33.33333333","416.6666667","450"
"","","UGP2014NAM-OT03","","","","","","","","","UGP2014NAM-OT03-03249","","","","3","2","1","3","7","1","4","2","5","0","0.51","0","2.5","2","1","1","2","5","0","0.51","3.01","5","0.102","","0.102","2.5","1.666666667","2.5","1.666666667","0.255","0.17","1.25","0.833333333","100","16.94352159","66.66666667","5.666666667","5.666666667","27.77777778","33.44444444","8.5","8.5","41.66666667","50.16666667"
"","","UGP2014NAM-OT03","","","","","","","","","UGP2014NAM-OT03-03250","","","","3","0","","","","","","0","0","0","0","0","0","","","","","","","0","0","0","","","","","0","","0","","0","","0","","","0","0","0","0","0","","","",""
"","","UGP2014NAM-OT03","","","","","","","","","UGP2014NAM-OT03-03251","","","","3","1","2","2","5","1","2","1","2","0","0.2","0","2.5","8","1","1","2","7","0","0.2","2.7","2","0.1","","0.1","2","0.666666667","2","0.666666667","0.2","0.066666667","2.5","0.833333333","100","7.407407407","33.33333333","2.222222222","2.222222222","27.77777778","30","6.666666667","6.666666667","83.33333333","90"
"","","UGP2014NAM-OT03","","","","","","","","","UGP2014NAM-OT03-03252","","","","3","2","1","2","4","1","2","2","0","0","0","0","0.04","","","","","","","0","0.04","0","","","","0","0","0","0","0","0","0.02","0.013333333","","0","66.66666667","0","0","0.444444444","0.444444444","0","0","0.666666667","0.666666667"
"","","UGP2014NAM-OT03","","","","","","","","","UGP2014NAM-OT03-03253","","","","3","1","1","2","7","1","2","1","0","0","0","0","1","","","","","","","0","1","0","","","","0","0","0","0","0","0","1","0.333333333","","0","33.33333333","0","0","11.11111111","11.11111111","0","0","33.33333333","33.33333333"
"","","UGP2014NAM-OT03","","","","","","","","","UGP2014NAM-OT03-03254","","","","3","0","","","","","","0","0","0","0","0","0","","","","","","","0","0","0","","","","","0","","0","","0","","0","","","0","0","0","0","0","","","",""
"","","UGP2014NAM-OT03","","","","","","","","","UGP2014NAM-OT03-03255","","","","3","2","1","2","7","1","3","2","1","0","0.08","0","2","6","1","2","1","7","0","0.08","2.08","1","0.08","","0.08","0.5","0.333333333","0.5","0.333333333","0.04","0.026666667","1","0.666666667","100","3.846153846","66.66666667","0.888888889","0.888888889","22.22222222","23.11111111","1.333333333","1.333333333","33.33333333","34.66666667"
"","","UGP2014NAM-OT03","","","","","","","","","UGP2014NAM-OT03-03256","","","","3","3","1","3","7","1","3","3","6","3","2","0.08","2.2","2","1","1","5","3","0","2.08","4.28","9","0.333333333","0.026666667","0.231111111","3","3","2","2","0.693333333","0.693333333","0.733333333","0.733333333","66.66666667","48.59813084","100","22.22222222","23.11111111","24.44444444","47.55555556","22.22222222","23.11111111","24.44444444","47.55555556"
"","","UGP2014NAM-OT03","","","","","","","","","UGP2014NAM-OT03-03257","","","","3","0","","","","","","0","0","0","0","0","0","","","","","","","0","0","0","","","","","0","","0","","0","","0","","","0","0","0","0","0","","","",""
"","","UGP2014NAM-OT03","","","","","","","","","UGP2014NAM-OT03-03258","","","","3","1","1","2","8","1","2","1","0","0","0","0","2.5","","","","","","","0","2.5","0","","","","0","0","0","0","0","0","2.5","0.833333333","","0","33.33333333","0","0","27.77777778","27.77777778","0","0","83.33333333","83.33333333"
"","","UGP2014NAM-OT03","","","","","","","","","UGP2014NAM-OT03-03259","","","","3","2","2","2","7","1","2","2","0","0","0","0","3.5","","","","","","","0","3.5","0","","","","0","0","0","0","0","0","1.75","1.166666667","","0","66.66666667","0","0","38.88888889","38.88888889","0","0","58.33333333","58.33333333"
"","","UGP2014NAM-OT03","","","","","","","","","UGP2014NAM-OT03-03260","","","","3","3","1","2","4","1","2","0","0","0","0","0","0","","","","","","","0","0","0","","","","","0","","0","","0","","0","","","0","0","0","0","0","","","",""
"","","UGP2014NAM-OT03","","","","","","","","","UGP2014NAM-OT03-03261","","","","3","0","","","","","","0","0","0","0","0","0","","","","","","","0","0","0","","","","","0","","0","","0","","0","","","0","0","0","0","0","","","",""
"","","UGP2014NAM-OT03","","","","","","","","","UGP2014NAM-OT03-03262","","","","3","0","","","","","","0","0","0","0","0","0","","","","","","","0","0","0","","","","","0","","0","","0","","0","","","0","0","0","0","0","","","",""
"","","UGP2014NAM-OT03","","","","","","","","","UGP2014NAM-OT03-03263","","","","3","1","2","6","8","1","2","1","1","0","0.08","0","3","2","1","1","7","7","0.15","0.08","3.08","1","0.08","","0.08","1","0.333333333","1","0.333333333","0.08","0.026666667","3","1","100","2.597402597","33.33333333","0.888888889","0.888888889","33.33333333","34.22222222","2.666666667","2.666666667","100","102.6666667"
"","","UGP2014NAM-OT03","","","","","","","","","UGP2014NAM-OT03-03264","","","","3","0","","","","","","0","0","0","0","0","0","","","","","","","0","0","0","","","","","0","","0","","0","","0","","","0","0","0","0","0","","","",""
"","","UGP2014NAM-OT03","","","","","","","","","UGP2014NAM-OT03-03265","","","","3","2","2","2","6","1","2","2","10","7","1","0.07","3","2","1","1","5","1","0","1.07","4.07","17","0.1","0.01","0.062941176","8.5","5.666666667","5","3.333333333","0.535","0.356666667","1.5","1","58.82352941","26.28992629","66.66666667","11.11111111","11.88888889","33.33333333","45.22222222","16.66666667","17.83333333","50","67.83333333"
"","","UGP2014NAM-OT03","","","","","","","","","UGP2014NAM-OT03-03266","","","","3","","1","3","8","1","2","","3","1","1","","6.2","9","1","1","4","1","0.02","","","4","0.333333333","","","","1.333333333","","1","","","","2.066666667","75","","","11.11111111","","68.88888889","","","","",""
"","","UGP2014NAM-OT03","","","","","","","","","UGP2014NAM-OT03-03267","","","","3","2","1","2","8","1","2","2","0","0","0","0","20","","","","","","","0","20","0","","","","0","0","0","0","0","0","10","6.666666667","","0","66.66666667","0","0","222.2222222","222.2222222","0","0","333.3333333","333.3333333"
"","","UGP2014NAM-OT03","","","","","","","","","UGP2014NAM-OT03-03268","","","","3","1","3","6","9","2","4","1","2","1","0.18","0.04","20","2","1","1","2","7","0.15","0.22","20.22","3","0.09","0.04","0.073333333","3","1","2","0.666666667","0.22","0.073333333","20","6.666666667","66.66666667","1.088031652","33.33333333","2","2.444444444","222.2222222","224.6666667","6","7.333333333","666.6666667","674"
"","","UGP2014NAM-OT03","","","","","","","","","UGP2014NAM-OT03-03269","","","","3","2","3","3","8","1","2","2","6","3","0.64","0.06","3.2","6","2","1","5","6","1.38","0.7","3.9","9","0.106666667","0.02","0.077777778","4.5","3","3","2","0.35","0.233333333","1.6","1.066666667","66.66666667","17.94871795","66.66666667","7.111111111","7.777777778","35.55555556","43.33333333","10.66666667","11.66666667","53.33333333","65"
"","","UGP2014NAM-OT03","","","","","","","","","UGP2014NAM-OT03-03270","","","","3","0","","","","","","0","0","0","0","0","0","","","","","","","0","0","0","","","","","0","","0","","0","","0","","","0","0","0","0","0","","","",""
"","","UGP2014NAM-OT03","","","","","","","","","UGP2014NAM-OT03-03271","","","","3","0","","","","","","0","0","0","0","0","0","","","","","","","0","0","0","","","","","0","","0","","0","","0","","","0","0","0","0","0","","","",""
"","","UGP2014NAM-OT03","","","","","","","","","UGP2014NAM-OT03-03272","","","","3","1","1","3","7","2","3","1","6","3","0.5","0.06","2.5","9","1","1","3","5","0","0.56","3.06","9","0.083333333","0.02","0.062222222","9","3","6","2","0.56","0.186666667","2.5","0.833333333","66.66666667","18.30065359","33.33333333","5.555555556","6.222222222","27.77777778","34","16.66666667","18.66666667","83.33333333","102"
"","","UGP2014NAM-OT03","","","","","","","","","UGP2014NAM-OT03-03273","","","","3","0","","","","","","0","0","0","0","0","0","","","","","","","0","0","0","","","","","0","","0","","0","","0","","","0","0","0","0","0","","","",""
"","","UGP2014NAM-OT03","","","","","","","","","UGP2014NAM-OT03-03274","","","","3","1","1","2","6","4","7","1","0","0","0","0","1","","","","","","","0","1","0","","","","0","0","0","0","0","0","1","0.333333333","","0","33.33333333","0","0","11.11111111","11.11111111","0","0","33.33333333","33.33333333"
"","","UGP2014NAM-OT03","","","","","","","","","UGP2014NAM-OT03-03275","","","","3","3","1","4","9","2","4","1","4","0","1","0","3","8","2","1","4","1","0.12","1","4","4","0.25","","0.25","4","1.333333333","4","1.333333333","1","0.333333333","3","1","100","25","33.33333333","11.11111111","11.11111111","33.33333333","44.44444444","33.33333333","33.33333333","100","133.3333333"
"","","UGP2014NAM-OT03","","","","","","","","","UGP2014NAM-OT03-03276","","","","3","1","1","2","7","1","2","1","0","0","0","0","10","","","","","","","0","10","0","","","","0","0","0","0","0","0","10","3.333333333","","0","33.33333333","0","0","111.1111111","111.1111111","0","0","333.3333333","333.3333333"
"","","UGP2014NAM-OT03","","","","","","","","","UGP2014NAM-OT03-03277","","","","3","1","1","2","6","1","2","1","0","0","0","0","0.5","","","","","","","0","0.5","0","","","","0","0","0","0","0","0","0.5","0.166666667","","0","33.33333333","0","0","5.555555556","5.555555556","0","0","16.66666667","16.66666667"
"","","UGP2014NAM-OT03","","","","","","","","","UGP2014NAM-OT03-03278","","","","3","1","1","2","7","2","4","1","0","0","0","0","3.5","","","","","","","0","3.5","0","","","","0","0","0","0","0","0","3.5","1.166666667","","0","33.33333333","0","0","38.88888889","38.88888889","0","0","116.6666667","116.6666667"
"","","UGP2014NAM-OT03","","","","","","","","","UGP2014NAM-OT03-03279","","","","3","1","1","2","6","1","2","1","1","0","0.1","0","1.5","9","1","1","8","9","1.65","0.1","1.6","1","0.1","","0.1","1","0.333333333","1","0.333333333","0.1","0.033333333","1.5","0.5","100","6.25","33.33333333","1.111111111","1.111111111","16.66666667","17.77777778","3.333333333","3.333333333","50","53.33333333"
"","","UGP2014NAM-OT03","","","","","","","","","UGP2014NAM-OT03-03280","","","","3","1","1","2","6","1","3","1","0","0","0","0","3.9","","","","","","","0","3.9","0","","","","0","0","0","0","0","0","3.9","1.3","","0","33.33333333","0","0","43.33333333","43.33333333","0","0","130","130"
"","","UGP2014NAM-OT03","","","","","","","","","UGP2014NAM-OT03-03281","","","","3","3","1","2","7","1","3","1","0","2","0","0.08","7","9","1","1","9","9","0.15","0.08","7.08","2","","0.04","0.04","2","0.666666667","0","0","0.08","0.026666667","7","2.333333333","0","1.129943503","33.33333333","0","0.888888889","77.77777778","78.66666667","0","2.666666667","233.3333333","236"
"","","UGP2014NAM-OT03","","","","","","","","","UGP2014NAM-OT03-03282","","","","3","2","1","2","6","2","4","2","0","0","0","0","2","","","","","","","0","2","0","","","","0","0","0","0","0","0","1","0.666666667","","0","66.66666667","0","0","22.22222222","22.22222222","0","0","33.33333333","33.33333333"
"","","UGP2014NAM-OT03","","","","","","","","","UGP2014NAM-OT03-03283","","","","3","1","1","2","6","1","3","1","0","0","0","0","1","","","","","","","0","1","0","","","","0","0","0","0","0","0","1","0.333333333","","0","33.33333333","0","0","11.11111111","11.11111111","0","0","33.33333333","33.33333333"
"","","UGP2014NAM-OT03","","","","","","","","","UGP2014NAM-OT03-03284","","","","3","2","2","2","7","1","3","2","1","0","0.1","0","1.7","6","2","2","3","7","0","0.1","1.8","1","0.1","","0.1","0.5","0.333333333","0.5","0.333333333","0.05","0.033333333","0.85","0.566666667","100","5.555555556","66.66666667","1.111111111","1.111111111","18.88888889","20","1.666666667","1.666666667","28.33333333","30"
"","","UGP2014NAM-OT03","","","","","","","","","UGP2014NAM-OT03-03285","","","","3","0","","","","","","0","0","0","0","0","0","","","","","","","0","0","0","","","","","0","","0","","0","","0","","","0","0","0","0","0","","","",""
"","","UGP2014NAM-OT03","","","","","","","","","UGP2014NAM-OT03-03286","","","","3","0","","","","","","0","0","0","0","0","0","","","","","","","0","0","0","","","","","0","","0","","0","","0","","","0","0","0","0","0","","","",""
"","","UGP2014NAM-OT03","","","","","","","","","UGP2014NAM-OT03-03287","","","","3","0","","","","","","0","0","0","0","0","0","","","","","","","0","0","0","","","","","0","","0","","0","","0","","","0","0","0","0","0","","","",""
"","","UGP2014NAM-OT03","","","","","","","","","UGP2014NAM-OT03-03288","","","","3","2","3","6","8","2","3","1","0","0","0","0","3","","","","","","","0","3","0","","","","0","0","0","0","0","0","3","1","","0","33.33333333","0","0","33.33333333","33.33333333","0","0","100","100"
"","","UGP2014NAM-OT03","","","","","","","","","UGP2014NAM-OT03-03289","","","","3","2","3","4","7","2","4","2","11","0","3","0","3","2","1","1","5","3","0.02","3","6","11","0.272727273","","0.272727273","5.5","3.666666667","5.5","3.666666667","1.5","1","1.5","1","100","50","66.66666667","33.33333333","33.33333333","33.33333333","66.66666667","50","50","50","100"
"","","UGP2014NAM-OT03","","","","","","","","","UGP2014NAM-OT03-03290","","","","3","1","1","3","5","1","2","1","1","0","0.05","0","0.9","2","2","2","2","9","0","0.05","0.95","1","0.05","","0.05","1","0.333333333","1","0.333333333","0.05","0.016666667","0.9","0.3","100","5.263157895","33.33333333","0.555555556","0.555555556","10","10.55555556","1.666666667","1.666666667","30","31.66666667"
"","","UGP2014NAM-OT03","","","","","","","","","UGP2014NAM-OT03-03291","","","","3","1","1","3","5","1","2","1","6","0","0.78","0","2","8","1","1","5","3","1.65","0.78","2.78","6","0.13","","0.13","6","2","6","2","0.78","0.26","2","0.666666667","100","28.05755396","33.33333333","8.666666667","8.666666667","22.22222222","30.88888889","26","26","66.66666667","92.66666667"
"","","UGP2014NAM-OT03","","","","","","","","","UGP2014NAM-OT03-03292","","","","3","2","1","2","7","1","2","2","3","0","0.48","0","6","6","1","1","5","3","0.02","0.48","6.48","3","0.16","","0.16","1.5","1","1.5","1","0.24","0.16","3","2","100","7.407407407","66.66666667","5.333333333","5.333333333","66.66666667","72","8","8","100","108"
"","","UGP2014NAM-OT03","","","","","","","","","UGP2014NAM-OT03-03293","","","","3","3","3","6","8","1","2","3","7","0","2","0","5","8","2","2","5","3","0.15","2","7","7","0.285714286","","0.285714286","2.333333333","2.333333333","2.333333333","2.333333333","0.666666667","0.666666667","1.666666667","1.666666667","100","28.57142857","100","22.22222222","22.22222222","55.55555556","77.77777778","22.22222222","22.22222222","55.55555556","77.77777778"
"","","UGP2014NAM-OT03","","","","","","","","","UGP2014NAM-OT03-03294","","","","3","2","1","2","7","1","3","2","3","0","0.68","0","2.3","2","1","1","4","3","0","0.68","2.98","3","0.226666667","","0.226666667","1.5","1","1.5","1","0.34","0.226666667","1.15","0.766666667","100","22.81879195","66.66666667","7.555555556","7.555555556","25.55555556","33.11111111","11.33333333","11.33333333","38.33333333","49.66666667"
"","","UGP2014NAM-OT03","","","","","","","","","UGP2014NAM-OT03-03295","","","","3","2","1","3","7","2","4","2","3","0","0.56","0","3.5","2","1","1","4","3","0","0.56","4.06","3","0.186666667","","0.186666667","1.5","1","1.5","1","0.28","0.186666667","1.75","1.166666667","100","13.79310345","66.66666667","6.222222222","6.222222222","38.88888889","45.11111111","9.333333333","9.333333333","58.33333333","67.66666667"
"","","UGP2014NAM-OT03","","","","","","","","","UGP2014NAM-OT03-03296","","","","3","1","3","3","7","1","3","1","1","0","0.08","0","1.5","9","1","1","9","9","3.96","0.08","1.58","1","0.08","","0.08","1","0.333333333","1","0.333333333","0.08","0.026666667","1.5","0.5","100","5.063291139","33.33333333","0.888888889","0.888888889","16.66666667","17.55555556","2.666666667","2.666666667","50","52.66666667"
"","","UGP2014NAM-OT03","","","","","","","","","UGP2014NAM-OT03-03297","","","","3","2","3","6","8","1","2","2","8","2","2.5","0.04","3.5","5","1","1","5","3","3.03","2.54","6.04","10","0.3125","0.02","0.254","5","3.333333333","4","2.666666667","1.27","0.846666667","1.75","1.166666667","80","42.05298013","66.66666667","27.77777778","28.22222222","38.88888889","67.11111111","41.66666667","42.33333333","58.33333333","100.6666667"
"","","UGP2014NAM-OT03","","","","","","","","","UGP2014NAM-OT03-03298","","","","3","0","","","","","","0","0","0","0","0","0","","","","","","","0","0","0","","","","","0","","0","","0","","0","","","0","0","0","0","0","","","",""
"","","UGP2014NAM-OT03","","","","","","","","","UGP2014NAM-OT03-03299","","","","3","0","","","","","","0","0","0","0","0","0","","","","","","","0","0","0","","","","","0","","0","","0","","0","","","0","0","0","0","0","","","",""
"","","UGP2014NAM-OT03","","","","","","","","","UGP2014NAM-OT03-03300","","","","3","0","","","","","","0","0","0","0","0","0","","","","","","","0","0","0","","","","","0","","0","","0","","0","","","0","0","0","0","0","","","",""
"","","UGP2014NAM-OT03","","","","","","","","","UGP2014NAM-OT03-03301","","","","3","1","1","2","7","2","4","1","3","0","0.12","0","0.28","3","1","1","5","7","0.12","0.12","0.4","3","0.04","","0.04","3","1","3","1","0.12","0.04","0.28","0.093333333","100","30","33.33333333","1.333333333","1.333333333","3.111111111","4.444444444","4","4","9.333333333","13.33333333"
"","","UGP2014NAM-OT03","","","","","","","","","UGP2014NAM-OT03-03302","","","","3","1","1","6","7","1","2","0","0","0","0","0","0","","","","","","","0","0","0","","","","","0","","0","","0","","0","","","0","0","0","0","0","","","",""
"","","UGP2014NAM-OT03","","","","","","","","","UGP2014NAM-OT03-03303","","","","3","3","1","3","7","1","2","1","2","0","0.14","0","5","8","2","1","7","7","0","0.14","5.14","2","0.07","","0.07","2","0.666666667","2","0.666666667","0.14","0.046666667","5","1.666666667","100","2.723735409","33.33333333","1.555555556","1.555555556","55.55555556","57.11111111","4.666666667","4.666666667","166.6666667","171.3333333"
"","","UGP2014NAM-OT03","","","","","","","","","UGP2014NAM-OT03-03304","","","","3","1","1","2","5","1","2","1","0","0","0","0","1.5","","","","","","","0","1.5","0","","","","0","0","0","0","0","0","1.5","0.5","","0","33.33333333","0","0","16.66666667","16.66666667","0","0","50","50"
"","","UGP2014NAM-OT03","","","","","","","","","UGP2014NAM-OT03-03305","","","","3","3","1","2","7","1","3","1","4","3","0.24","0.08","6.2","8","1","1","8","9","1.5","0.32","6.52","7","0.06","0.026666667","0.045714286","7","2.333333333","4","1.333333333","0.32","0.106666667","6.2","2.066666667","57.14285714","4.90797546","33.33333333","2.666666667","3.555555556","68.88888889","72.44444444","8","10.66666667","206.6666667","217.3333333"
"","","UGP2014NAM-OT03","","","","","","","","","UGP2014NAM-OT03-03306","","","","3","2","3","4","7","1","3","1","3","3","0.84","0.1","2","8","1","1","1","1","3.96","0.94","2.94","6","0.28","0.033333333","0.156666667","6","2","3","1","0.94","0.313333333","2","0.666666667","50","31.97278912","33.33333333","9.333333333","10.44444444","22.22222222","32.66666667","28","31.33333333","66.66666667","98"
"","","UGP2014NAM-OT03","","","","","","","","","UGP2014NAM-OT03-03307","","","","3","1","1","2","7","1","2","1","1","0","0.26","0","1.3","2","1","1","2","3","1.65","0.26","1.56","1","0.26","","0.26","1","0.333333333","1","0.333333333","0.26","0.086666667","1.3","0.433333333","100","16.66666667","33.33333333","2.888888889","2.888888889","14.44444444","17.33333333","8.666666667","8.666666667","43.33333333","52"
"","","UGP2014NAM-OT03","","","","","","","","","UGP2014NAM-OT03-03308","","","","3","1","3","3","6","3","5","1","0","0","0","0","0.5","","","","","","","0","0.5","0","","","","0","0","0","0","0","0","0.5","0.166666667","","0","33.33333333","0","0","5.555555556","5.555555556","0","0","16.66666667","16.66666667"
"","","UGP2014NAM-OT03","","","","","","","","","UGP2014NAM-OT03-03309","","","","3","0","","","","","","0","0","0","0","0","0","","","","","","","0","0","0","","","","","0","","0","","0","","0","","","0","0","0","0","0","","","",""
"","","UGP2014NAM-OT03","","","","","","","","","UGP2014NAM-OT03-03310","","","","3","1","1","2","9","1","2","1","6","2","1.04","0.06","1","9","1","1","5","3","0.02","1.1","2.1","8","0.173333333","0.03","0.1375","8","2.666666667","6","2","1.1","0.366666667","1","0.333333333","75","52.38095238","33.33333333","11.55555556","12.22222222","11.11111111","23.33333333","34.66666667","36.66666667","33.33333333","70"
"","","UGP2014NAM-OT03","","","","","","","","","UGP2014NAM-OT03-03311","","","","3","3","1","3","6","1","3","3","8","6","0.7","0.1","1.7","9","1","1","4","5","0.02","0.8","2.5","14","0.0875","0.016666667","0.057142857","4.666666667","4.666666667","2.666666667","2.666666667","0.266666667","0.266666667","0.566666667","0.566666667","57.14285714","32","100","7.777777778","8.888888889","18.88888889","27.77777778","7.777777778","8.888888889","18.88888889","27.77777778"
"","","UGP2014NAM-OT03","","","","","","","","","UGP2014NAM-OT03-03312","","","","3","2","1","2","7","1","2","2","0","0","0","0","2","","","","","","","0","2","0","","","","0","0","0","0","0","0","1","0.666666667","","0","66.66666667","0","0","22.22222222","22.22222222","0","0","33.33333333","33.33333333"
"","","UGP2014NAM-OT03","","","","","","","","","UGP2014NAM-OT03-03313","","","","3","2","1","3","5","1","3","1","1","0","0.56","0","1.5","2","1","1","1","1","0","0.56","2.06","1","0.56","","0.56","1","0.333333333","1","0.333333333","0.56","0.186666667","1.5","0.5","100","27.18446602","33.33333333","6.222222222","6.222222222","16.66666667","22.88888889","18.66666667","18.66666667","50","68.66666667"
"","","UGP2014NAM-OT03","","","","","","","","","UGP2014NAM-OT03-03314","","","","3","2","1","3","7","1","2","2","8","0","0.9","0","2","2","1","2","3","3","0.02","0.9","2.9","8","0.1125","","0.1125","4","2.666666667","4","2.666666667","0.45","0.3","1","0.666666667","100","31.03448276","66.66666667","10","10","22.22222222","32.22222222","15","15","33.33333333","48.33333333"
"","","UGP2014NAM-OT03","","","","","","","","","UGP2014NAM-OT03-03315","","","","3","1","1","3","6","1","2","1","0","0","0","0","3","","","","","","","0","3","0","","","","0","0","0","0","0","0","3","1","","0","33.33333333","0","0","33.33333333","33.33333333","0","0","100","100"
"","","UGP2014NAM-OT03","","","","","","","","","UGP2014NAM-OT03-03316","","","","3","3","1","2","7","2","3","1","0","0","0","0","2.5","","","","","","","0","2.5","0","","","","0","0","0","0","0","0","2.5","0.833333333","","0","33.33333333","0","0","27.77777778","27.77777778","0","0","83.33333333","83.33333333"
"","","UGP2014NAM-OT03","","","","","","","","","UGP2014NAM-OT03-03317","","","","3","1","1","2","7","1","3","1","0","0","0","0","1.1","","","","","","","0","1.1","0","","","","0","0","0","0","0","0","1.1","0.366666667","","0","33.33333333","0","0","12.22222222","12.22222222","0","0","36.66666667","36.66666667"
"","","UGP2014NAM-OT03","","","","","","","","","UGP2014NAM-OT03-03318","","","","3","2","5","6","7","4","6","2","5","8","0.6","0.08","2","6","1","1","7","7","1.38","0.68","2.68","13","0.12","0.01","0.052307692","6.5","4.333333333","2.5","1.666666667","0.34","0.226666667","1","0.666666667","38.46153846","25.37313433","66.66666667","6.666666667","7.555555556","22.22222222","29.77777778","10","11.33333333","33.33333333","44.66666667"
"","","UGP2014NAM-OT03","","","","","","","","","UGP2014NAM-OT03-03319","","","","3","0","","","","","","0","0","0","0","0","0","","","","","","","0","0","0","","","","","0","","0","","0","","0","","","0","0","0","0","0","","","",""
"","","UGP2014NAM-OT03","","","","","","","","","UGP2014NAM-OT03-03320","","","","3","2","2","2","8","2","4","2","11","1","2","0.04","4.5","2","1","1","5","8","4.41","2.04","6.54","12","0.181818182","0.04","0.17","6","4","5.5","3.666666667","1.02","0.68","2.25","1.5","91.66666667","31.19266055","66.66666667","22.22222222","22.66666667","50","72.66666667","33.33333333","34","75","109"
"","","UGP2014NAM-OT03","","","","","","","","","UGP2014NAM-OT03-03321","","","","3","1","2","2","8","2","3","1","0","0","0","0","1.5","","","","","","","0","1.5","0","","","","0","0","0","0","0","0","1.5","0.5","","0","33.33333333","0","0","16.66666667","16.66666667","0","0","50","50"
"","","UGP2014NAM-OT03","","","","","","","","","UGP2014NAM-OT03-03322","","","","3","0","","","","","","0","0","0","0","0","0","","","","","","","0","0","0","","","","","0","","0","","0","","0","","","0","0","0","0","0","","","",""
"","","UGP2014NAM-OT03","","","","","","","","","UGP2014NAM-OT03-03323","","","","3","1","1","3","6","1","3","1","2","3","0.12","0.06","1","8","1","1","3","7","0.12","0.18","1.18","5","0.06","0.02","0.036","5","1.666666667","2","0.666666667","0.18","0.06","1","0.333333333","40","15.25423729","33.33333333","1.333333333","2","11.11111111","13.11111111","4","6","33.33333333","39.33333333"
"","","UGP2014NAM-OT03","","","","","","","","","UGP2014NAM-OT03-03324","","","","3","2","1","4","8","1","2","2","0","0","0","0","3.7","","","","","","","0","3.7","0","","","","0","0","0","0","0","0","1.85","1.233333333","","0","66.66666667","0","0","41.11111111","41.11111111","0","0","61.66666667","61.66666667"
"","","UGP2014NAM-OT03","","","","","","","","","UGP2014NAM-OT03-03325","","","","3","2","1","2","5","3","5","2","7","0","0.88","0","0.9","2","2","1","2","3","0.15","0.88","1.78","7","0.125714286","","0.125714286","3.5","2.333333333","3.5","2.333333333","0.44","0.293333333","0.45","0.3","100","49.43820225","66.66666667","9.777777778","9.777777778","10","19.77777778","14.66666667","14.66666667","15","29.66666667"
"","","UGP2014NAM-OT03","","","","","","","","","UGP2014NAM-OT03-03326","","","","3","1","1","3","5","1","3","1","0","0","0","0","0.4","","","","","","","0","0.4","0","","","","0","0","0","0","0","0","0.4","0.133333333","","0","33.33333333","0","0","4.444444444","4.444444444","0","0","13.33333333","13.33333333"
"","","UGP2014NAM-OT03","","","","","","","","","UGP2014NAM-OT03-03327","","","","3","1","1","2","7","1","2","1","1","0","0.12","0","7.5","2","1","1","3","7","0.02","0.12","7.62","1","0.12","","0.12","1","0.333333333","1","0.333333333","0.12","0.04","7.5","2.5","100","1.57480315","33.33333333","1.333333333","1.333333333","83.33333333","84.66666667","4","4","250","254"
"","","UGP2014NAM-OT03","","","","","","","","","UGP2014NAM-OT03-03328","","","","3","1","1","3","4","1","2","1","0","0","0","0","0.18","","","","","","","0","0.18","0","","","","0","0","0","0","0","0","0.18","0.06","","0","33.33333333","0","0","2","2","0","0","6","6"
"","","UGP2014NAM-OT03","","","","","","","","","UGP2014NAM-OT03-03329","","","","3","2","1","2","7","1","2","2","8","11","0.44","0.14","2.5","8","1","1","3","5","10.5","0.58","3.08","19","0.055","0.012727273","0.030526316","9.5","6.333333333","4","2.666666667","0.29","0.193333333","1.25","0.833333333","42.10526316","18.83116883","66.66666667","4.888888889","6.444444444","27.77777778","34.22222222","7.333333333","9.666666667","41.66666667","51.33333333"
"","","UGP2014NAM-OT03","","","","","","","","","UGP2014NAM-OT03-03330","","","","3","0","","","","","","0","0","0","0","0","0","","","","","","","0","0","0","","","","","0","","0","","0","","0","","","0","0","0","0","0","","","",""
"","","UGP2014NAM-OT03","","","","","","","","","UGP2014NAM-OT03-03331","","","","3","2","2","2","6","2","4","2","5","1","0.26","0.01","3.5","2","2","1","1","7","0","0.27","3.77","6","0.052","0.01","0.045","3","2","2.5","1.666666667","0.135","0.09","1.75","1.166666667","83.33333333","7.161803714","66.66666667","2.888888889","3","38.88888889","41.88888889","4.333333333","4.5","58.33333333","62.83333333"
"","","UGP2014NAM-OT03","","","","","","","","","UGP2014NAM-OT03-03332","","","","3","2","1","2","8","2","4","2","9","1","2","0.04","5.5","2","2","1","5","3","0","2.04","7.54","10","0.222222222","0.04","0.204","5","3.333333333","4.5","3","1.02","0.68","2.75","1.833333333","90","27.05570292","66.66666667","22.22222222","22.66666667","61.11111111","83.77777778","33.33333333","34","91.66666667","125.6666667"
"","","UGP2014NAM-OT03","","","","","","","","","UGP2014NAM-OT03-03333","","","","3","2","1","2","5","3","5","2","1","1","0.1","0.04","1","2","1","1","9","9","0","0.14","1.14","2","0.1","0.04","0.07","1","0.666666667","0.5","0.333333333","0.07","0.046666667","0.5","0.333333333","50","12.28070175","66.66666667","1.111111111","1.555555556","11.11111111","12.66666667","1.666666667","2.333333333","16.66666667","19"
"","","UGP2014NAM-OT03","","","","","","","","","UGP2014NAM-OT03-03334","","","","3","0","","","","","","0","0","0","0","0","0","","","","","","","0","0","0","","","","","0","","0","","0","","0","","","0","0","0","0","0","","","",""
"","","UGP2014NAM-OT03","","","","","","","","","UGP2014NAM-OT03-03335","","","","3","3","1","2","4","4","6","3","7","1","2","0.02","1.5","9","1","1","1","5","0.15","2.02","3.52","8","0.285714286","0.02","0.2525","2.666666667","2.666666667","2.333333333","2.333333333","0.673333333","0.673333333","0.5","0.5","87.5","57.38636364","100","22.22222222","22.44444444","16.66666667","39.11111111","22.22222222","22.44444444","16.66666667","39.11111111"
"","","UGP2014NAM-OT03","","","","","","","","","UGP2014NAM-OT03-03336","","","","3","1","1","2","5","1","2","1","0","0","0","0","1","","","","","","","0","1","0","","","","0","0","0","0","0","0","1","0.333333333","","0","33.33333333","0","0","11.11111111","11.11111111","0","0","33.33333333","33.33333333"
"","","UGP2014NAM-OT03","","","","","","","","","UGP2014NAM-OT03-03337","","","","3","2","1","2","6","3","5","2","1","1","0.3","0.04","1.5","2","3","1","5","3","0.02","0.34","1.84","2","0.3","0.04","0.17","1","0.666666667","0.5","0.333333333","0.17","0.113333333","0.75","0.5","50","18.47826087","66.66666667","3.333333333","3.777777778","16.66666667","20.44444444","5","5.666666667","25","30.66666667"
"","","UGP2014NAM-OT03","","","","","","","","","UGP2014NAM-OT03-03338","","","","3","2","1","2","8","1","3","2","1","2","0.6","","3.5","8","1","1","1","1","0","","","3","0.6","","","1.5","1","0.5","0.333333333","","","1.75","1.166666667","33.33333333","","66.66666667","6.666666667","","38.88888889","","10","","58.33333333",""
"","","UGP2014NAM-OT03","","","","","","","","","UGP2014NAM-OT03-03339","","","","3","1","1","2","5","1","2","1","1","","0.06","0.04","0.1","8","5","3","2","7","11.03","0.1","0.2","","0.06","","","","","1","0.333333333","0.1","0.033333333","0.1","0.033333333","","50","33.33333333","0.666666667","1.111111111","1.111111111","2.222222222","2","3.333333333","3.333333333","6.666666667"
"","","UGP2014NAM-OT03","","","","","","","","","UGP2014NAM-OT03-03340","","","","3","3","1","2","8","1","2","3","5","3","1","","2.5","2","1","1","9","5","1.65","","","8","0.2","","","2.666666667","2.666666667","1.666666667","1.666666667","","","0.833333333","0.833333333","62.5","","100","11.11111111","","27.77777778","","11.11111111","","27.77777778",""
"","","UGP2014NAM-OT03","","","","","","","","","UGP2014NAM-OT03-03341","","","","3","1","2","2","7","1","3","1","0","2","0","0.01","1","2","1","1","9","9","0","0.01","1.01","2","","0.005","0.005","2","0.666666667","0","0","0.01","0.003333333","1","0.333333333","0","0.99009901","33.33333333","0","0.111111111","11.11111111","11.22222222","0","0.333333333","33.33333333","33.66666667"
"","","UGP2014NAM-OT03","","","","","","","","","UGP2014NAM-OT03-03342","","","","3","1","2","2","5","3","5","1","0","0","0","0","1.5","","","","","","","0","1.5","0","","","","0","0","0","0","0","0","1.5","0.5","","0","33.33333333","0","0","16.66666667","16.66666667","0","0","50","50"
"","","UGP2014NAM-OT03","","","","","","","","","UGP2014NAM-OT03-03343","","","","3","0","","","","","","0","0","0","0","0","0","","","","","","","0","0","0","","","","","0","","0","","0","","0","","","0","0","0","0","0","","","",""
"","","UGP2014NAM-OT03","","","","","","","","","UGP2014NAM-OT03-03344","","","","3","2","1","4","7","1","2","2","1","0","1.08","0","12","2","1","1","1","1","0","1.08","13.08","1","1.08","","1.08","0.5","0.333333333","0.5","0.333333333","0.54","0.36","6","4","100","8.256880734","66.66666667","12","12","133.3333333","145.3333333","18","18","200","218"
"","","UGP2014NAM-OT03","","","","","","","","","UGP2014NAM-OT03-03345","","","","3","0","","","","","","0","0","0","0","0","0","","","","","","","0","0","0","","","","","0","","0","","0","","0","","","0","0","0","0","0","","","",""
"","","UGP2014NAM-OT03","","","","","","","","","UGP2014NAM-OT03-03346","","","","3","0","","","","","","0","0","0","0","0","0","","","","","","","0","0","0","","","","","0","","0","","0","","0","","","0","0","0","0","0","","","",""
"","","UGP2014NAM-OT03","","","","","","","","","UGP2014NAM-OT03-03347","","","","3","0","","","","","","0","0","0","0","0","0","","","","","","","0","0","0","","","","","0","","0","","0","","0","","","0","0","0","0","0","","","",""
"","","UGP2014NAM-OT03","","","","","","","","","UGP2014NAM-OT03-03348","","","","3","1","2","2","6","1","2","1","1","0","0.08","0","0.12","8","1","1","8","7","0","0.08","0.2","1","0.08","","0.08","1","0.333333333","1","0.333333333","0.08","0.026666667","0.12","0.04","100","40","33.33333333","0.888888889","0.888888889","1.333333333","2.222222222","2.666666667","2.666666667","4","6.666666667"
"","","UGP2014NAM-OT03","","","","","","","","","UGP2014NAM-OT03-03349","","","","3","1","1","3","6","1","3","1","0","0","0","0","3","","","","","","","0","3","0","","","","0","0","0","0","0","0","3","1","","0","33.33333333","0","0","33.33333333","33.33333333","0","0","100","100"
"","","UGP2014NAM-OT03","","","","","","","","","UGP2014NAM-OT03-03350","","","","3","2","1","2","6","2","4","2","0","0","0","0","1.7","","","","","","","0","1.7","0","","","","0","0","0","0","0","0","0.85","0.566666667","","0","66.66666667","0","0","18.88888889","18.88888889","0","0","28.33333333","28.33333333"
"","","UGP2014NAM-OT03","","","","","","","","","UGP2014NAM-OT03-03351","","","","3","1","1","4","6","1","3","1","1","1","0.3","0.04","1","9","1","1","4","5","0","0.34","1.34","2","0.3","0.04","0.17","2","0.666666667","1","0.333333333","0.34","0.113333333","1","0.333333333","50","25.37313433","33.33333333","3.333333333","3.777777778","11.11111111","14.88888889","10","11.33333333","33.33333333","44.66666667"
"","","UGP2014NAM-OT03","","","","","","","","","UGP2014NAM-OT03-03352","","","","3","1","2","2","8","1","3","1","0","0","0","0","2.7","","","","","","","0","2.7","0","","","","0","0","0","0","0","0","2.7","0.9","","0","33.33333333","0","0","30","30","0","0","90","90"
"","","UGP2014NAM-OT03","","","","","","","","","UGP2014NAM-OT03-03353","","","","3","0","","","","","","0","0","0","0","0","0","","","","","","","0","0","0","","","","","0","","0","","0","","0","","","0","0","0","0","0","","","",""
"","","UGP2014NAM-OT03","","","","","","","","","UGP2014NAM-OT03-03354","","","","3","1","2","4","7","2","4","1","6","2","0.46","0.01","1","2","2","1","8","5","0.02","0.47","1.47","8","0.076666667","0.005","0.05875","8","2.666666667","6","2","0.47","0.156666667","1","0.333333333","75","31.97278912","33.33333333","5.111111111","5.222222222","11.11111111","16.33333333","15.33333333","15.66666667","33.33333333","49"
"","","UGP2014NAM-OT03","","","","","","","","","UGP2014NAM-OT03-03355","","","","3","2","1","3","5","4","6","2","2","0","0.2","0","0.12","9","3","2","5","5","0.02","0.2","0.32","2","0.1","","0.1","1","0.666666667","1","0.666666667","0.1","0.066666667","0.06","0.04","100","62.5","66.66666667","2.222222222","2.222222222","1.333333333","3.555555556","3.333333333","3.333333333","2","5.333333333"
"","","UGP2014NAM-OT03","","","","","","","","","UGP2014NAM-OT03-03356","","","","3","2","1","2","9","1","2","2","4","0","2.5","0","5.5","8","1","1","6","1","0","2.5","8","4","0.625","","0.625","2","1.333333333","2","1.333333333","1.25","0.833333333","2.75","1.833333333","100","31.25","66.66666667","27.77777778","27.77777778","61.11111111","88.88888889","41.66666667","41.66666667","91.66666667","133.3333333"
"","","UGP2014NAM-OT03","","","","","","","","","UGP2014NAM-OT03-03357","","","","3","2","2","6","6","1","3","2","5","0","0.4","0","1.5","2","2","1","4","5","5.46","0.4","1.9","5","0.08","","0.08","2.5","1.666666667","2.5","1.666666667","0.2","0.133333333","0.75","0.5","100","21.05263158","66.66666667","4.444444444","4.444444444","16.66666667","21.11111111","6.666666667","6.666666667","25","31.66666667"
"","","UGP2014NAM-OT03","","","","","","","","","UGP2014NAM-OT03-03358","","","","3","2","2","4","6","1","3","2","1","0","0.26","0","1.3","9","1","1","1","3","3.96","0.26","1.56","1","0.26","","0.26","0.5","0.333333333","0.5","0.333333333","0.13","0.086666667","0.65","0.433333333","100","16.66666667","66.66666667","2.888888889","2.888888889","14.44444444","17.33333333","4.333333333","4.333333333","21.66666667","26"
"","","UGP2014NAM-OT03","","","","","","","","","UGP2014NAM-OT03-03359","","","","3","0","","","","","","0","0","0","0","0","0","","","","","","","0","0","0","","","","","0","","0","","0","","0","","","0","0","0","0","0","","","",""
"","","UGP2014NAM-OT03","","","","","","","","","UGP2014NAM-OT03-03360","","","","3","1","1","4","7","1","3","1","3","0","0.26","0","1.7","2","1","1","3","5","0.02","0.26","1.96","3","0.086666667","","0.086666667","3","1","3","1","0.26","0.086666667","1.7","0.566666667","100","13.26530612","33.33333333","2.888888889","2.888888889","18.88888889","21.77777778","8.666666667","8.666666667","56.66666667","65.33333333"
"","","UGP2014NAM-OT03","","","","","","","","","UGP2014NAM-OT03-03361","","","","3","2","1","5","7","1","3","2","9","0","0.96","0","4.5","8","1","1","2","3","0.02","0.96","5.46","9","0.106666667","","0.106666667","4.5","3","4.5","3","0.48","0.32","2.25","1.5","100","17.58241758","66.66666667","10.66666667","10.66666667","50","60.66666667","16","16","75","91"
"","","UGP2014NAM-OT03","","","","","","","","","UGP2014NAM-OT03-03362","","","","3","1","1","2","5","1","2","1","0","0","0","0","1","","","","","","","0","1","0","","","","0","0","0","0","0","0","1","0.333333333","","0","33.33333333","0","0","11.11111111","11.11111111","0","0","33.33333333","33.33333333"
"","","UGP2014NAM-OT03","","","","","","","","","UGP2014NAM-OT03-03363","","","","3","1","2","2","6","1","2","1","1","0","0.18","0","1.5","8","1","1","5","5","0","0.18","1.68","1","0.18","","0.18","1","0.333333333","1","0.333333333","0.18","0.06","1.5","0.5","100","10.71428571","33.33333333","2","2","16.66666667","18.66666667","6","6","50","56"
"","","UGP2014NAM-OT03","","","","","","","","","UGP2014NAM-OT03-03364","","","","3","1","1","2","6","1","2","1","0","0","0","0","1","","","","","","","0","1","0","","","","0","0","0","0","0","0","1","0.333333333","","0","33.33333333","0","0","11.11111111","11.11111111","0","0","33.33333333","33.33333333"
"","","UGP2014NAM-OT03","","","","","","","","","UGP2014NAM-OT03-03365","","","","3","2","1","3","8","1","2","2","1","1","0.1","0.03","3.2","9","1","1","9","9","0","0.13","3.33","2","0.1","0.03","0.065","1","0.666666667","0.5","0.333333333","0.065","0.043333333","1.6","1.066666667","50","3.903903904","66.66666667","1.111111111","1.444444444","35.55555556","37","1.666666667","2.166666667","53.33333333","55.5"
"","","UGP2014NAM-OT03","","","","","","","","","UGP2014NAM-OT03-03366","","","","3","2","1","2","7","2","3","2","3","0","0.12","0","0.16","8","1","1","6","5","0","0.12","0.28","3","0.04","","0.04","1.5","1","1.5","1","0.06","0.04","0.08","0.053333333","100","42.85714286","66.66666667","1.333333333","1.333333333","1.777777778","3.111111111","2","2","2.666666667","4.666666667"
"","","UGP2014NAM-OT03","","","","","","","","","UGP2014NAM-OT03-03367","","","","3","0","","","","","","0","0","0","0","0","0","","","","","","","0","0","0","","","","","0","","0","","0","","0","","","0","0","0","0","0","","","",""
"","","UGP2014NAM-OT03","","","","","","","","","UGP2014NAM-OT03-03368","","","","3","3","2","2","5","1","2","1","0","0","0","0","0.18","","","","","","","0","0.18","0","","","","0","0","0","0","0","0","0.18","0.06","","0","33.33333333","0","0","2","2","0","0","6","6"
"","","UGP2014NAM-OT03","","","","","","","","","UGP2014NAM-OT03-03369","","","","3","3","2","3","6","1","2","1","0","0","0","0","3.3","","","","","","","0","3.3","0","","","","0","0","0","0","0","0","3.3","1.1","","0","33.33333333","0","0","36.66666667","36.66666667","0","0","110","110"
"","","UGP2014NAM-OT03","","","","","","","","","UGP2014NAM-OT03-03370","","","","3","2","1","3","7","1","2","2","3","1","0.68","0.03","5.5","9","1","1","1","3","0","0.71","6.21","4","0.226666667","0.03","0.1775","2","1.333333333","1.5","1","0.355","0.236666667","2.75","1.833333333","75","11.4331723","66.66666667","7.555555556","7.888888889","61.11111111","69","11.33333333","11.83333333","91.66666667","103.5"
"","","UGP2014NAM-OT03","","","","","","","","","UGP2014NAM-OT03-03371","","","","3","2","1","3","7","1","2","2","0","0","0","0","6.5","","","","","","","0","6.5","0","","","","0","0","0","0","0","0","3.25","2.166666667","","0","66.66666667","0","0","72.22222222","72.22222222","0","0","108.3333333","108.3333333"
"","","UGP2014NAM-OT03","","","","","","","","","UGP2014NAM-OT03-03372","","","","3","3","2","2","8","3","6","1","1","3","0.1","0.1","1","2","1","1","3","5","0.15","0.2","1.2","4","0.1","0.033333333","0.05","4","1.333333333","1","0.333333333","0.2","0.066666667","1","0.333333333","25","16.66666667","33.33333333","1.111111111","2.222222222","11.11111111","13.33333333","3.333333333","6.666666667","33.33333333","40"
"","","UGP2014NAM-OT03","","","","","","","","","UGP2014NAM-OT03-03373","","","","3","2","1","2","6","1","2","2","2","0","0.28","0","1","2","1","1","2","5","0","0.28","1.28","2","0.14","","0.14","1","0.666666667","1","0.666666667","0.14","0.093333333","0.5","0.333333333","100","21.875","66.66666667","3.111111111","3.111111111","11.11111111","14.22222222","4.666666667","4.666666667","16.66666667","21.33333333"
"","","UGP2014NAM-OT03","","","","","","","","","UGP2014NAM-OT03-03374","","","","3","1","1","2","5","1","2","1","1","0","0.16","0","0.12","8","1","1","5","3","1.65","0.16","0.28","1","0.16","","0.16","1","0.333333333","1","0.333333333","0.16","0.053333333","0.12","0.04","100","57.14285714","33.33333333","1.777777778","1.777777778","1.333333333","3.111111111","5.333333333","5.333333333","4","9.333333333"
"","","UGP2014NAM-OT03","","","","","","","","","UGP2014NAM-OT03-03375","","","","3","2","1","3","5","1","2","2","3","1","0.26","0.03","1.5","6","1","1","2","7","12.39","0.29","1.79","4","0.086666667","0.03","0.0725","2","1.333333333","1.5","1","0.145","0.096666667","0.75","0.5","75","16.20111732","66.66666667","2.888888889","3.222222222","16.66666667","19.88888889","4.333333333","4.833333333","25","29.83333333"
"","","UGP2014NAM-OT03","","","","","","","","","UGP2014NAM-OT03-03376","","","","3","1","1","2","5","3","5","1","3","0","0.3","0","1","9","1","1","5","5","0","0.3","1.3","3","0.1","","0.1","3","1","3","1","0.3","0.1","1","0.333333333","100","23.07692308","33.33333333","3.333333333","3.333333333","11.11111111","14.44444444","10","10","33.33333333","43.33333333"
"","","UGP2014NAM-OT03","","","","","","","","","UGP2014NAM-OT03-03377","","","","3","1","2","4","7","1","2","1","4","0","0.6","0","4","8","1","1","3","5","5.46","0.6","4.6","4","0.15","","0.15","4","1.333333333","4","1.333333333","0.6","0.2","4","1.333333333","100","13.04347826","33.33333333","6.666666667","6.666666667","44.44444444","51.11111111","20","20","133.3333333","153.3333333"
"","","UGP2014NAM-OT03","","","","","","","","","UGP2014NAM-OT03-03378","","","","3","1","2","4","7","1","2","1","0","3","0","0.12","8.5","2","1","1","9","9","0","0.12","8.62","3","","0.04","0.04","3","1","0","0","0.12","0.04","8.5","2.833333333","0","1.392111369","33.33333333","0","1.333333333","94.44444444","95.77777778","0","4","283.3333333","287.3333333"
"","","UGP2014NAM-OT03","","","","","","","","","UGP2014NAM-OT03-03379","","","","3","1","1","2","7","1","3","1","0","0","0","0","7","","","","","","","0","7","0","","","","0","0","0","0","0","0","7","2.333333333","","0","33.33333333","0","0","77.77777778","77.77777778","0","0","233.3333333","233.3333333"
"","","UGP2014NAM-OT03","","","","","","","","","UGP2014NAM-OT03-03380","","","","3","2","1","2","7","1","2","2","7","6","0.6","0.12","1","8","2","1","7","5","0.15","0.72","1.72","13","0.085714286","0.02","0.055384615","6.5","4.333333333","3.5","2.333333333","0.36","0.24","0.5","0.333333333","53.84615385","41.86046512","66.66666667","6.666666667","8","11.11111111","19.11111111","10","12","16.66666667","28.66666667"
"","","UGP2014NAM-OT03","","","","","","","","","UGP2014NAM-OT03-03381","","","","3","0","","","","","","0","0","0","0","0","0","","","","","","","0","0","0","","","","","0","","0","","0","","0","","","0","0","0","0","0","","","",""
"","","UGP2014NAM-OT03","","","","","","","","","UGP2014NAM-OT03-03382","","","","3","0","","","","","","0","0","0","0","0","0","","","","","","","0","0","0","","","","","0","","0","","0","","0","","","0","0","0","0","0","","","",""
"","","UGP2014NAM-OT03","","","","","","","","","UGP2014NAM-OT03-03383","","","","3","3","1","2","7","3","5","3","0","0","0","0","1","","","","","","","0","1","0","","","","0","0","0","0","0","0","0.333333333","0.333333333","","0","100","0","0","11.11111111","11.11111111","0","0","11.11111111","11.11111111"
"","","UGP2014NAM-OT03","","","","","","","","","UGP2014NAM-OT03-03384","","","","3","2","1","4","8","1","2","2","3","4","0.64","0.08","6.5","2","1","1","5","3","0.15","0.72","7.22","7","0.213333333","0.02","0.102857143","3.5","2.333333333","1.5","1","0.36","0.24","3.25","2.166666667","42.85714286","9.972299169","66.66666667","7.111111111","8","72.22222222","80.22222222","10.66666667","12","108.3333333","120.3333333"
"","","UGP2014NAM-OT03","","","","","","","","","UGP2014NAM-OT03-03385","","","","3","3","1","3","5","4","7","3","0","0","0","0","1","","","","","","","0","1","0","","","","0","0","0","0","0","0","0.333333333","0.333333333","","0","100","0","0","11.11111111","11.11111111","0","0","11.11111111","11.11111111"
"","","UGP2014NAM-OT03","","","","","","","","","UGP2014NAM-OT03-03386","","","","3","1","2","2","5","4","6","1","1","0","0.12","0","2","2","1","1","6","7","0.02","0.12","2.12","1","0.12","","0.12","1","0.333333333","1","0.333333333","0.12","0.04","2","0.666666667","100","5.660377358","33.33333333","1.333333333","1.333333333","22.22222222","23.55555556","4","4","66.66666667","70.66666667"
"","","UGP2014NAM-OT03","","","","","","","","","UGP2014NAM-OT03-03387","","","","3","1","1","2","5","3","5","1","2","0","0.28","0","1","2","1","1","2","5","0.15","0.28","1.28","2","0.14","","0.14","2","0.666666667","2","0.666666667","0.28","0.093333333","1","0.333333333","100","21.875","33.33333333","3.111111111","3.111111111","11.11111111","14.22222222","9.333333333","9.333333333","33.33333333","42.66666667"
"","","UGP2014NAM-OT03","","","","","","","","","UGP2014NAM-OT03-03388","","","","3","1","1","3","7","3","5","1","3","1","0.3","0.01","1.5","2","1","1","3","5","7.76","0.31","1.81","4","0.1","0.01","0.0775","4","1.333333333","3","1","0.31","0.103333333","1.5","0.5","75","17.12707182","33.33333333","3.333333333","3.444444444","16.66666667","20.11111111","10","10.33333333","50","60.33333333"
"","","UGP2014NAM-OT03","","","","","","","","","UGP2014NAM-OT03-03389","","","","3","2","1","3","7","3","4","2","2","0","0.18","0","1.5","2","1","1","3","7","0","0.18","1.68","2","0.09","","0.09","1","0.666666667","1","0.666666667","0.09","0.06","0.75","0.5","100","10.71428571","66.66666667","2","2","16.66666667","18.66666667","3","3","25","28"
"","","UGP2014NAM-OT03","","","","","","","","","UGP2014NAM-OT03-03390","","","","3","0","","","","","","0","0","0","0","0","0","","","","","","","0","0","0","","","","","0","","0","","0","","0","","","0","0","0","0","0","","","",""
"","","UGP2014NAM-OT03","","","","","","","","","UGP2014NAM-OT03-03391","","","","3","3","2","4","8","1","3","3","17","51","2.5","0.32","6","2","1","1","5","3","1.65","2.82","8.82","68","0.147058824","0.00627451","0.041470588","22.66666667","22.66666667","5.666666667","5.666666667","0.94","0.94","2","2","25","31.97278912","100","27.77777778","31.33333333","66.66666667","98","27.77777778","31.33333333","66.66666667","98"
"","","UGP2014NAM-OT03","","","","","","","","","UGP2014NAM-OT03-03392","","","","3","1","1","3","7","1","3","1","1","0","0.1","0","2","8","1","1","3","5","0","0.1","2.1","1","0.1","","0.1","1","0.333333333","1","0.333333333","0.1","0.033333333","2","0.666666667","100","4.761904762","33.33333333","1.111111111","1.111111111","22.22222222","23.33333333","3.333333333","3.333333333","66.66666667","70"
"","","UGP2014NAM-OT03","","","","","","","","","UGP2014NAM-OT03-03393","","","","3","2","1","4","9","1","2","1","3","0","0.38","0","6","2","1","1","3","7","4.41","0.38","6.38","3","0.126666667","","0.126666667","3","1","3","1","0.38","0.126666667","6","2","100","5.956112853","33.33333333","4.222222222","4.222222222","66.66666667","70.88888889","12.66666667","12.66666667","200","212.6666667"
"","","UGP2014NAM-OT03","","","","","","","","","UGP2014NAM-OT03-03394","","","","3","3","1","4","6","4","7","1","1","1","0.6","0.02","2","2","2","1","1","3","7.23","0.62","2.62","2","0.6","0.02","0.31","2","0.666666667","1","0.333333333","0.62","0.206666667","2","0.666666667","50","23.66412214","33.33333333","6.666666667","6.888888889","22.22222222","29.11111111","20","20.66666667","66.66666667","87.33333333"
"","","UGP2014NAM-OT03","","","","","","","","","UGP2014NAM-OT03-03395","","","","3","2","1","3","6","4","7","2","5","8","2.5","0.3","8.5","8","1","1","1","1","0.02","2.8","11.3","13","0.5","0.0375","0.215384615","6.5","4.333333333","2.5","1.666666667","1.4","0.933333333","4.25","2.833333333","38.46153846","24.77876106","66.66666667","27.77777778","31.11111111","94.44444444","125.5555556","41.66666667","46.66666667","141.6666667","188.3333333"
"","","UGP2014NAM-OT03","","","","","","","","","UGP2014NAM-OT03-03396","","","","3","0","","","","","","0","0","0","0","0","0","","","","","","","0","0","0","","","","","0","","0","","0","","0","","","0","0","0","0","0","","","",""
"","","UGP2014NAM-OT03","","","","","","","","","UGP2014NAM-OT03-03397","","","","3","3","1","2","5","4","7","1","1","0","0.4","0","2","8","3","1","4","3","1.38","0.4","2.4","1","0.4","","0.4","1","0.333333333","1","0.333333333","0.4","0.133333333","2","0.666666667","100","16.66666667","33.33333333","4.444444444","4.444444444","22.22222222","26.66666667","13.33333333","13.33333333","66.66666667","80"
"","","UGP2014NAM-OT03","","","","","","","","","UGP2014NAM-OT03-03398","","","","3","1","1","2","5","3","6","1","2","0","0.7","0","0.2","2","1","1","4","5","0","0.7","0.9","2","0.35","","0.35","2","0.666666667","2","0.666666667","0.7","0.233333333","0.2","0.066666667","100","77.77777778","33.33333333","7.777777778","7.777777778","2.222222222","10","23.33333333","23.33333333","6.666666667","30"
"","","UGP2014NAM-OT03","","","","","","","","","UGP2014NAM-OT03-03399","","","","3","2","1","4","8","1","2","2","5","1","0.58","0.04","0.5","2","2","1","4","3","0.02","0.62","1.12","6","0.116","0.04","0.103333333","3","2","2.5","1.666666667","0.31","0.206666667","0.25","0.166666667","83.33333333","55.35714286","66.66666667","6.444444444","6.888888889","5.555555556","12.44444444","9.666666667","10.33333333","8.333333333","18.66666667"
"","","UGP2014NAM-OT03","","","","","","","","","UGP2014NAM-OT03-03400","","","","3","0","","","","","","0","0","0","0","0","0","","","","","","","0","0","0","","","","","0","","0","","0","","0","","","0","0","0","0","0","","","",""
"","","UGP2014NAM-OT03","","","","","","","","","UGP2014NAM-OT03-03401","","","","3","2","1","2","6","1","2","2","4","0","0.5","0","1","2","4","3","4","1","0","0.5","1.5","4","0.125","","0.125","2","1.333333333","2","1.333333333","0.25","0.166666667","0.5","0.333333333","100","33.33333333","66.66666667","5.555555556","5.555555556","11.11111111","16.66666667","8.333333333","8.333333333","16.66666667","25"
"","","UGP2014NAM-OT03","","","","","","","","","UGP2014NAM-OT03-03402","","","","3","2","1","2","7","1","2","2","2","0","0.12","0","2.5","2","1","1","2","3","0.12","0.12","2.62","2","0.06","","0.06","1","0.666666667","1","0.666666667","0.06","0.04","1.25","0.833333333","100","4.580152672","66.66666667","1.333333333","1.333333333","27.77777778","29.11111111","2","2","41.66666667","43.66666667"
"","","UGP2014NAM-OT03","","","","","","","","","UGP2014NAM-OT03-03403","","","","3","1","1","3","7","2","4","1","1","0","0.4","0","1.6","","","","","","","0.4","2","1","0.4","","0.4","1","0.333333333","1","0.333333333","0.4","0.133333333","1.6","0.533333333","100","20","33.33333333","4.444444444","4.444444444","17.77777778","22.22222222","13.33333333","13.33333333","53.33333333","66.66666667"
"","","UGP2014NAM-OT03","","","","","","","","","UGP2014NAM-OT03-03404","","","","3","1","1","2","8","1","2","1","2","0","0.41","0","9.5","","","","","","","0.41","9.91","2","0.205","","0.205","2","0.666666667","2","0.666666667","0.41","0.136666667","9.5","3.166666667","100","4.137235116","33.33333333","4.555555556","4.555555556","105.5555556","110.1111111","13.66666667","13.66666667","316.6666667","330.3333333"
"","","UGP2014NAM-OT03","","","","","","","","","UGP2014NAM-OT03-03405","","","","3","2","1","2","8","3","5","2","0","0","0","0","18","","","","","","","0","18","0","","","","0","0","0","0","0","0","9","6","","0","66.66666667","0","0","200","200","0","0","300","300"
"","","UGP2014NAM-OT03","","","","","","","","","UGP2014NAM-OT03-03406","","","","3","1","1","3","6","3","5","1","0","0","0","0","0.5","","","","","","","0","0.5","0","","","","0","0","0","0","0","0","0.5","0.166666667","","0","33.33333333","0","0","5.555555556","5.555555556","0","0","16.66666667","16.66666667"
"","","UGP2014NAM-OT03","","","","","","","","","UGP2014NAM-OT03-03407","","","","3","2","1","2","8","1","2","2","0","0","0","0","1.5","","","","","","","0","1.5","0","","","","0","0","0","0","0","0","0.75","0.5","","0","66.66666667","0","0","16.66666667","16.66666667","0","0","25","25"
"","","UGP2014NAM-OT03","","","","","","","","","UGP2014NAM-OT03-03408","","","","3","1","1","2","6","1","3","1","0","0","0","0","1.7","","","","","","","0","1.7","0","","","","0","0","0","0","0","0","1.7","0.566666667","","0","33.33333333","0","0","18.88888889","18.88888889","0","0","56.66666667","56.66666667"
"","","UGP2014NAM-OT03","","","","","","","","","UGP2014NAM-OT03-03409","","","","3","2","1","2","7","1","2","2","0","0","0","0","2","","","","","","","0","2","0","","","","0","0","0","0","0","0","1","0.666666667","","0","66.66666667","0","0","22.22222222","22.22222222","0","0","33.33333333","33.33333333"
"","","UGP2014NAM-OT03","","","","","","","","","UGP2014NAM-OT03-03410","","","","3","1","2","2","7","4","7","1","1","4","0.12","0.1","0.12","2","1","1","1","7","3.96","0.22","0.34","5","0.12","0.025","0.044","5","1.666666667","1","0.333333333","0.22","0.073333333","0.12","0.04","20","64.70588235","33.33333333","1.333333333","2.444444444","1.333333333","3.777777778","4","7.333333333","4","11.33333333"
"","","UGP2014NAM-OT03","","","","","","","","","UGP2014NAM-OT03-03411","","","","3","0","","","","","","0","0","0","0","0","0","","","","","","","0","0","0","","","","","0","","0","","0","","0","","","0","0","0","0","0","","","",""
"","","UGP2014NAM-OT03","","","","","","","","","UGP2014NAM-OT03-03412","","","","3","2","1","2","5","1","3","2","0","0","0","0","0.8","","","","","","","0","0.8","0","","","","0","0","0","0","0","0","0.4","0.266666667","","0","66.66666667","0","0","8.888888889","8.888888889","0","0","13.33333333","13.33333333"
"","","UGP2014NAM-OT03","","","","","","","","","UGP2014NAM-OT03-03413","","","","3","1","1","4","6","1","3","1","1","0","0.96","0","1.1","8","1","1","4","1","0","0.96","2.06","1","0.96","","0.96","1","0.333333333","1","0.333333333","0.96","0.32","1.1","0.366666667","100","46.60194175","33.33333333","10.66666667","10.66666667","12.22222222","22.88888889","32","32","36.66666667","68.66666667"
"","","UGP2014NAM-OT03","","","","","","","","","UGP2014NAM-OT03-03414","","","","3","1","2","3","6","1","3","1","1","0","0.1","0","0.5","8","1","1","3","7","0","0.1","0.6","1","0.1","","0.1","1","0.333333333","1","0.333333333","0.1","0.033333333","0.5","0.166666667","100","16.66666667","33.33333333","1.111111111","1.111111111","5.555555556","6.666666667","3.333333333","3.333333333","16.66666667","20"
"","","UGP2014NAM-OT03","","","","","","","","","UGP2014NAM-OT03-03415","","","","3","1","1","2","6","1","2","1","3","0","0.3","0","0.6","2","1","1","2","5","1.65","0.3","0.9","3","0.1","","0.1","3","1","3","1","0.3","0.1","0.6","0.2","100","33.33333333","33.33333333","3.333333333","3.333333333","6.666666667","10","10","10","20","30"
"","","UGP2014NAM-OT03","","","","","","","","","UGP2014NAM-OT03-03416","","","","3","2","2","2","6","1","2","2","0","0","0","0","2.5","","","","","","","0","2.5","0","","","","0","0","0","0","0","0","1.25","0.833333333","","0","66.66666667","0","0","27.77777778","27.77777778","0","0","41.66666667","41.66666667"
"","","UGP2014NAM-OT03","","","","","","","","","UGP2014NAM-OT03-03417","","","","3","0","","","","","","0","0","0","0","0","0","","","","","","","0","0","0","","","","","0","","0","","0","","0","","","0","0","0","0","0","","","",""
"","","UGP2014NAM-OT03","","","","","","","","","UGP2014NAM-OT03-03418","","","","3","2","2","3","7","1","3","2","3","0","1.1","0","1.2","8","1","1","4","1","0","1.1","2.3","3","0.366666667","","0.366666667","1.5","1","1.5","1","0.55","0.366666667","0.6","0.4","100","47.82608696","66.66666667","12.22222222","12.22222222","13.33333333","25.55555556","18.33333333","18.33333333","20","38.33333333"
"","","UGP2014NAM-OT03","","","","","","","","","UGP2014NAM-OT03-03419","","","","3","0","","","","","","0","0","0","0","0","0","","","","","","","0","0","0","","","","","0","","0","","0","","0","","","0","0","0","0","0","","","",""
"","","UGP2014NAM-OT03","","","","","","","","","UGP2014NAM-OT03-03420","","","","3","0","","","","","","0","0","0","0","0","0","","","","","","","0","0","0","","","","","0","","0","","0","","0","","","0","0","0","0","0","","","",""
"","","UGP2014NAM-OT03","","","","","","","","","UGP2014NAM-OT03-03421","","","","3","2","1","2","9","2","4","2","8","11","0.26","0.16","6.1","6","1","1","8","7","1.38","0.42","6.52","19","0.0325","0.014545455","0.022105263","9.5","6.333333333","4","2.666666667","0.21","0.14","3.05","2.033333333","42.10526316","6.441717791","66.66666667","2.888888889","4.666666667","67.77777778","72.44444444","4.333333333","7","101.6666667","108.6666667"
"","","UGP2014NAM-OT03","","","","","","","","","UGP2014NAM-OT03-03422","","","","3","1","1","2","6","2","4","1","1","0","0.24","0","0.21","2","1","1","2","1","0","0.24","0.45","1","0.24","","0.24","1","0.333333333","1","0.333333333","0.24","0.08","0.21","0.07","100","53.33333333","33.33333333","2.666666667","2.666666667","2.333333333","5","8","8","7","15"
"","","UGP2014NAM-OT03","","","","","","","","","UGP2014NAM-OT03-03423","","","","3","3","1","2","5","1","2","1","0","0","0","0","1.5","","","","","","","0","1.5","0","","","","0","0","0","0","0","0","1.5","0.5","","0","33.33333333","0","0","16.66666667","16.66666667","0","0","50","50"
"","","UGP2014NAM-OT03","","","","","","","","","UGP2014NAM-OT03-03424","","","","3","2","1","4","7","1","3","2","3","3","0.2","0.06","3.5","2","1","1","8","7","0","0.26","3.76","6","0.066666667","0.02","0.043333333","3","2","1.5","1","0.13","0.086666667","1.75","1.166666667","50","6.914893617","66.66666667","2.222222222","2.888888889","38.88888889","41.77777778","3.333333333","4.333333333","58.33333333","62.66666667"
"","","UGP2014NAM-OT03","","","","","","","","","UGP2014NAM-OT03-03425","","","","3","1","1","2","5","1","2","1","0","0","0","0","0.3","","","","","","","0","0.3","0","","","","0","0","0","0","0","0","0.3","0.1","","0","33.33333333","0","0","3.333333333","3.333333333","0","0","10","10"
"","","UGP2014NAM-OT03","","","","","","","","","UGP2014NAM-OT03-03426","","","","3","2","1","2","8","1","2","2","4","4","1.03","0.08","2","2","1","1","4","3","0","1.11","3.11","8","0.2575","0.02","0.13875","4","2.666666667","2","1.333333333","0.555","0.37","1","0.666666667","50","35.69131833","66.66666667","11.44444444","12.33333333","22.22222222","34.55555556","17.16666667","18.5","33.33333333","51.83333333"
"","","UGP2014NAM-OT03","","","","","","","","","UGP2014NAM-OT03-03427","","","","3","3","2","3","7","1","2","1","0","0","0","0","3.5","","","","","","","0","3.5","0","","","","0","0","0","0","0","0","3.5","1.166666667","","0","33.33333333","0","0","38.88888889","38.88888889","0","0","116.6666667","116.6666667"
"","","UGP2014NAM-OT03","","","","","","","","","UGP2014NAM-OT03-03428","","","","3","0","","","","","","0","0","0","0","0","0","","","","","","","0","0","0","","","","","0","","0","","0","","0","","","0","0","0","0","0","","","",""
"","","UGP2014NAM-OT03","","","","","","","","","UGP2014NAM-OT03-03429","","","","3","3","1","2","9","1","3","3","4","4","0.3","0.08","7.5","8","1","1","3","5","0","0.38","7.88","8","0.075","0.02","0.0475","2.666666667","2.666666667","1.333333333","1.333333333","0.126666667","0.126666667","2.5","2.5","50","4.822335025","100","3.333333333","4.222222222","83.33333333","87.55555556","3.333333333","4.222222222","83.33333333","87.55555556"
"","","UGP2014NAM-OT03","","","","","","","","","UGP2014NAM-OT03-03430","","","","3","2","1","2","6","1","3","2","0","0","0","0","1.5","","","","","","","0","1.5","0","","","","0","0","0","0","0","0","0.75","0.5","","0","66.66666667","0","0","16.66666667","16.66666667","0","0","25","25"
"","","UGP2014NAM-OT03","","","","","","","","","UGP2014NAM-OT03-03431","","","","3","2","1","2","5","2","4","2","0","0","0","0","1.6","","","","","","","0","1.6","0","","","","0","0","0","0","0","0","0.8","0.533333333","","0","66.66666667","0","0","17.77777778","17.77777778","0","0","26.66666667","26.66666667"
"","","UGP2014NAM-OT03","","","","","","","","","UGP2014NAM-OT03-03432","","","","3","2","1","2","7","3","6","2","0","0","0","0","0.5","","","","","","","0","0.5","0","","","","0","0","0","0","0","0","0.25","0.166666667","","0","66.66666667","0","0","5.555555556","5.555555556","0","0","8.333333333","8.333333333"
"","","UGP2014NAM-OT03","","","","","","","","","UGP2014NAM-OT03-03433","","","","3","1","1","2","6","1","3","1","1","0","0.11","0","0.2","8","1","1","1","9","3.03","0.11","0.31","1","0.11","","0.11","1","0.333333333","1","0.333333333","0.11","0.036666667","0.2","0.066666667","100","35.48387097","33.33333333","1.222222222","1.222222222","2.222222222","3.444444444","3.666666667","3.666666667","6.666666667","10.33333333"
"","","UGP2014NAM-OT03","","","","","","","","","UGP2014NAM-OT03-03434","","","","3","2","1","2","6","3","5","2","1","0","0.12","0","1","6","1","1","2","7","0","0.12","1.12","1","0.12","","0.12","0.5","0.333333333","0.5","0.333333333","0.06","0.04","0.5","0.333333333","100","10.71428571","66.66666667","1.333333333","1.333333333","11.11111111","12.44444444","2","2","16.66666667","18.66666667"
"","","UGP2014NAM-OT03","","","","","","","","","UGP2014NAM-OT03-03435","","","","3","2","2","3","5","1","3","2","0","0","0","0","1.2","","","","","","","0","1.2","0","","","","0","0","0","0","0","0","0.6","0.4","","0","66.66666667","0","0","13.33333333","13.33333333","0","0","20","20"
"","","UGP2014NAM-OT03","","","","","","","","","UGP2014NAM-OT03-03436","","","","3","0","","","","","","0","0","0","0","0","0","","","","","","","0","0","0","","","","","0","","0","","0","","0","","","0","0","0","0","0","","","",""
"","","UGP2014NAM-OT03","","","","","","","","","UGP2014NAM-OT03-03437","","","","3","1","1","3","6","1","2","1","2","0","0.12","0","1","6","1","1","4","3","0","0.12","1.12","2","0.06","","0.06","2","0.666666667","2","0.666666667","0.12","0.04","1","0.333333333","100","10.71428571","33.33333333","1.333333333","1.333333333","11.11111111","12.44444444","4","4","33.33333333","37.33333333"
"","","UGP2014NAM-OT03","","","","","","","","","UGP2014NAM-OT03-03438","","","","3","1","1","6","7","1","3","1","2","0","0.2","0","3.1","2","1","1","5","5","0.15","0.2","3.3","2","0.1","","0.1","2","0.666666667","2","0.666666667","0.2","0.066666667","3.1","1.033333333","100","6.060606061","33.33333333","2.222222222","2.222222222","34.44444444","36.66666667","6.666666667","6.666666667","103.3333333","110"
"","","UGP2014NAM-OT03","","","","","","","","","UGP2014NAM-OT03-03439","","","","3","1","1","6","8","1","2","1","3","1","0.21","0.01","5","8","1","1","5","5","0","0.22","5.22","4","0.07","0.01","0.055","4","1.333333333","3","1","0.22","0.073333333","5","1.666666667","75","4.214559387","33.33333333","2.333333333","2.444444444","55.55555556","58","7","7.333333333","166.6666667","174"
"","","UGP2014NAM-OT03","","","","","","","","","UGP2014NAM-OT03-03440","","","","3","1","2","6","6","1","3","1","3","1","0.14","0.02","3.5","8","1","1","3","7","0.02","0.16","3.66","4","0.046666667","0.02","0.04","4","1.333333333","3","1","0.16","0.053333333","3.5","1.166666667","75","4.371584699","33.33333333","1.555555556","1.777777778","38.88888889","40.66666667","4.666666667","5.333333333","116.6666667","122"
"","","UGP2014NAM-OT03","","","","","","","","","UGP2014NAM-OT03-03441","","","","3","0","","","","","","0","0","0","0","0","0","","","","","","","0","0","0","","","","","0","","0","","0","","0","","","0","0","0","0","0","","","",""
"","","UGP2014NAM-OT03","","","","","","","","","UGP2014NAM-OT03-03442","","","","3","1","1","2","6","1","2","1","1","1","0.58","0.02","0.5","2","1","1","4","5","0","0.6","1.1","2","0.58","0.02","0.3","2","0.666666667","1","0.333333333","0.6","0.2","0.5","0.166666667","50","54.54545455","33.33333333","6.444444444","6.666666667","5.555555556","12.22222222","19.33333333","20","16.66666667","36.66666667"
"","","UGP2014NAM-OT03","","","","","","","","","UGP2014NAM-OT03-03443","","","","3","0","","","","","","0","0","0","0","0","0","","","","","","","0","0","0","","","","","0","","0","","0","","0","","","0","0","0","0","0","","","",""
"","","UGP2014NAM-OT03","","","","","","","","","UGP2014NAM-OT03-03444","","","","3","2","1","2","8","2","4","2","4","0","0.18","0","3.5","8","1","1","2","7","0","0.18","3.68","4","0.045","","0.045","2","1.333333333","2","1.333333333","0.09","0.06","1.75","1.166666667","100","4.891304348","66.66666667","2","2","38.88888889","40.88888889","3","3","58.33333333","61.33333333"
"","","UGP2014NAM-OT03","","","","","","","","","UGP2014NAM-OT03-03445","","","","3","1","1","2","7","1","2","1","5","2","2","0.03","4.2","9","1","1","4","3","0.02","2.03","6.23","7","0.4","0.015","0.29","7","2.333333333","5","1.666666667","2.03","0.676666667","4.2","1.4","71.42857143","32.58426966","33.33333333","22.22222222","22.55555556","46.66666667","69.22222222","66.66666667","67.66666667","140","207.6666667"
"","","UGP2014NAM-OT03","","","","","","","","","UGP2014NAM-OT03-03446","","","","3","3","1","3","8","1","2","0","0","0","0","0","0","","","","","","","0","0","0","","","","","0","","0","","0","","0","","","0","0","0","0","0","","","",""
"","","UGP2014NAM-OT03","","","","","","","","","UGP2014NAM-OT03-03447","","","","3","2","2","2","8","1","2","2","10","4","1.12","0.08","1.2","8","1","1","8","5","0","1.2","2.4","14","0.112","0.02","0.085714286","7","4.666666667","5","3.333333333","0.6","0.4","0.6","0.4","71.42857143","50","66.66666667","12.44444444","13.33333333","13.33333333","26.66666667","18.66666667","20","20","40"
"","","UGP2014NAM-OT03","","","","","","","","","UGP2014NAM-OT03-03448","","","","3","0","","","","","","0","0","0","0","0","0","","","","","","","0","0","0","","","","","0","","0","","0","","0","","","0","0","0","0","0","","","",""
"","","UGP2014NAM-OT03","","","","","","","","","UGP2014NAM-OT03-03449","","","","3","","2","2","6","2","4","0","0","0","0","0","0","","","","","","","0","0","0","","","","","0","","0","","0","","0","","","0","0","0","0","0","","","",""
"","","UGP2014NAM-OT03","","","","","","","","","UGP2014NAM-OT03-03450","","","","3","3","1","2","5","1","3","1","0","0","0","0","0.4","","","","","","","0","0.4","0","","","","0","0","0","0","0","0","0.4","0.133333333","","0","33.33333333","0","0","4.444444444","4.444444444","0","0","13.33333333","13.33333333"
"","","UGP2014NAM-OT03","","","","","","","","","UGP2014NAM-OT03-03451","","","","3","2","1","4","4","1","2","2","0","0","0","0","0.2","","","","","","","0","0.2","0","","","","0","0","0","0","0","0","0.1","0.066666667","","0","66.66666667","0","0","2.222222222","2.222222222","0","0","3.333333333","3.333333333"
"","","UGP2014NAM-OT03","","","","","","","","","UGP2014NAM-OT03-03452","","","","3","1","1","2","5","4","6","1","1","1","0.3","","0.64","2","1","1","3","3","0","","","2","0.3","","","2","0.666666667","1","0.333333333","","","0.64","0.213333333","50","","33.33333333","3.333333333","","7.111111111","","10","","21.33333333",""
"","","UGP2014NAM-OT03","","","","","","","","","UGP2014NAM-OT03-03453","","","","3","3","1","2","5","3","5","1","0","0","0","0","2.5","","","","","","","0","2.5","0","","","","0","0","0","0","0","0","2.5","0.833333333","","0","33.33333333","0","0","27.77777778","27.77777778","0","0","83.33333333","83.33333333"
"","","UGP2014NAM-OT03","","","","","","","","","UGP2014NAM-OT03-03454","","","","3","2","3","6","8","1","3","2","0","0","0","0","2.5","","","","","","","0","2.5","0","","","","0","0","0","0","0","0","1.25","0.833333333","","0","66.66666667","0","0","27.77777778","27.77777778","0","0","41.66666667","41.66666667"
"","","UGP2014NAM-OT03","","","","","","","","","UGP2014NAM-OT03-03456","","","","3","3","3","3","7","3","5","3","3","1","0.28","0.04","9","2","1","1","4","2","0","0.32","9.32","4","0.093333333","0.04","0.08","1.333333333","1.333333333","1","1","0.106666667","0.106666667","3","3","75","3.433476395","100","3.111111111","3.555555556","100","103.5555556","3.111111111","3.555555556","100","103.5555556"
"","","UGP2014NAM-OT03","","","","","","","","","UGP2014NAM-OT03-03457","","","","3","1","1","5","7","1","2","1","2","0","0.24","0","3","8","1","1","4","7","0","0.24","3.24","2","0.12","","0.12","2","0.666666667","2","0.666666667","0.24","0.08","3","1","100","7.407407407","33.33333333","2.666666667","2.666666667","33.33333333","36","8","8","100","108"
"","","UGP2014NAM-OT03","","","","","","","","","UGP2014NAM-OT03-03458","","","","3","2","1","2","7","4","6","2","0","0","0","0","4","","","","","","","0","4","0","","","","0","0","0","0","0","0","2","1.333333333","","0","66.66666667","0","0","44.44444444","44.44444444","0","0","66.66666667","66.66666667"
"","","UGP2014NAM-OT03","","","","","","","","","UGP2014NAM-OT03-03459","","","","3","1","1","4","8","1","2","1","0","0","0","0","4","","","","","","","0","4","0","","","","0","0","0","0","0","0","4","1.333333333","","0","33.33333333","0","0","44.44444444","44.44444444","0","0","133.3333333","133.3333333"
"","","UGP2014NAM-OT03","","","","","","","","","UGP2014NAM-OT03-03460","","","","3","0","","","","","","0","0","0","0","0","0","","","","","","","0","0","0","","","","","0","","0","","0","","0","","","0","0","0","0","0","","","",""
"","","UGP2014NAM-OT03","","","","","","","","","UGP2014NAM-OT03-03461","","","","3","0","","","","","","0","0","0","0","0","0","","","","","","","0","0","0","","","","","0","","0","","0","","0","","","0","0","0","0","0","","","",""
"","","UGP2014NAM-OT03","","","","","","","","","UGP2014NAM-OT03-03462","","","","3","1","2","3","6","2","4","1","2","0","0.36","0","3","2","1","1","2","5","0","0.36","3.36","2","0.18","","0.18","2","0.666666667","2","0.666666667","0.36","0.12","3","1","100","10.71428571","33.33333333","4","4","33.33333333","37.33333333","12","12","100","112"
"","","UGP2014NAM-OT03","","","","","","","","","UGP2014NAM-OT03-03463","","","","3","1","1","2","7","1","3","1","0","0","0","0","4","","","","","","","0","4","0","","","","0","0","0","0","0","0","4","1.333333333","","0","33.33333333","0","0","44.44444444","44.44444444","0","0","133.3333333","133.3333333"
"","","UGP2014NAM-OT03","","","","","","","","","UGP2014NAM-OT03-03464","","","","3","1","1","2","6","1","3","1","0","0","0","0","0.12","","","","","","","0","0.12","0","","","","0","0","0","0","0","0","0.12","0.04","","0","33.33333333","0","0","1.333333333","1.333333333","0","0","4","4"
"","","UGP2014NAM-OT03","","","","","","","","","UGP2014NAM-OT03-03465","","","","3","2","1","2","7","4","7","2","5","0","3","0","3.5","8","1","1","1","1","0","3","6.5","5","0.6","","0.6","2.5","1.666666667","2.5","1.666666667","1.5","1","1.75","1.166666667","100","46.15384615","66.66666667","33.33333333","33.33333333","38.88888889","72.22222222","50","50","58.33333333","108.3333333"
"","","UGP2014NAM-OT03","","","","","","","","","UGP2014NAM-OT03-03466","","","","3","2","1","2","7","3","6","2","0","0","0","0","4.5","","","","","","","0","4.5","0","","","","0","0","0","0","0","0","2.25","1.5","","0","66.66666667","0","0","50","50","0","0","75","75"
"","","UGP2014NAM-OT03","","","","","","","","","UGP2014NAM-OT03-03467","","","","3","2","1","2","6","4","7","2","2","0","0.3","0","1.3","8","2","3","1","4","0.15","0.3","1.6","2","0.15","","0.15","1","0.666666667","1","0.666666667","0.15","0.1","0.65","0.433333333","100","18.75","66.66666667","3.333333333","3.333333333","14.44444444","17.77777778","5","5","21.66666667","26.66666667"
"","","UGP2014NAM-OT03","","","","","","","","","UGP2014NAM-OT03-03468","","","","3","2","1","2","6","2","4","2","0","0","0","0","1.5","","","","","","","0","1.5","0","","","","0","0","0","0","0","0","0.75","0.5","","0","66.66666667","0","0","16.66666667","16.66666667","0","0","25","25"
"","","UGP2014NAM-OT03","","","","","","","","","UGP2014NAM-OT03-03469","","","","3","2","1","2","6","4","7","2","0","2","0","0.06","1.2","2","","","","","0.02","0.06","1.26","2","","0.03","0.03","1","0.666666667","0","0","0.03","0.02","0.6","0.4","0","4.761904762","66.66666667","0","0.666666667","13.33333333","14","0","1","20","21"
"","","UGP2014NAM-OT03","","","","","","","","","UGP2014NAM-OT03-03470","","","","3","3","1","2","5","3","6","3","0","0","0","0","0.16","","","","","","","0","0.16","0","","","","0","0","0","0","0","0","0.053333333","0.053333333","","0","100","0","0","1.777777778","1.777777778","0","0","1.777777778","1.777777778"
"","","UGP2014NAM-OT03","","","","","","","","","UGP2014NAM-OT03-03471","","","","3","2","2","2","6","1","3","2","1","0","0.12","0","1.5","8","1","1","5","3","0","0.12","1.62","1","0.12","","0.12","0.5","0.333333333","0.5","0.333333333","0.06","0.04","0.75","0.5","100","7.407407407","66.66666667","1.333333333","1.333333333","16.66666667","18","2","2","25","27"
"","","UGP2014NAM-OT03","","","","","","","","","UGP2014NAM-OT03-03472","","","","3","0","","","","","","0","0","0","0","0","0","","","","","","","0","0","0","","","","","0","","0","","0","","0","","","0","0","0","0","0","","","",""
"","","UGP2014NAM-OT03","","","","","","","","","UGP2014NAM-OT03-03473","","","","3","1","1","2","5","1","3","1","0","0","0","0","0.5","","","","","","","0","0.5","0","","","","0","0","0","0","0","0","0.5","0.166666667","","0","33.33333333","0","0","5.555555556","5.555555556","0","0","16.66666667","16.66666667"
"","","UGP2014NAM-OT03","","","","","","","","","UGP2014NAM-OT03-03474","","","","3","3","1","2","8","1","2","3","2","1","0.3","0.04","7","2","1","1","3","5","0","0.34","7.34","3","0.15","0.04","0.113333333","1","1","0.666666667","0.666666667","0.113333333","0.113333333","2.333333333","2.333333333","66.66666667","4.632152589","100","3.333333333","3.777777778","77.77777778","81.55555556","3.333333333","3.777777778","77.77777778","81.55555556"
"","","UGP2014NAM-OT03","","","","","","","","","UGP2014NAM-OT03-03475","","","","3","3","2","2","8","1","3","1","7","0","1.2","0","3.6","8","1","1","4","1","0","1.2","4.8","7","0.171428571","","0.171428571","7","2.333333333","7","2.333333333","1.2","0.4","3.6","1.2","100","25","33.33333333","13.33333333","13.33333333","40","53.33333333","40","40","120","160"
"","","UGP2014NAM-OT03","","","","","","","","","UGP2014NAM-OT03-03476","","","","3","3","1","2","8","2","4","1","0","0","0","0","2.4","","","","","","","0","2.4","0","","","","0","0","0","0","0","0","2.4","0.8","","0","33.33333333","0","0","26.66666667","26.66666667","0","0","80","80"
"","","UGP2014NAM-OT03","","","","","","","","","UGP2014NAM-OT03-03477","","","","3","0","","","","","","0","0","0","0","0","0","","","","","","","0","0","0","","","","","0","","0","","0","","0","","","0","0","0","0","0","","","",""
"","","UGP2014NAM-OT03","","","","","","","","","UGP2014NAM-OT03-03478","","","","3","0","","","","","","0","0","0","0","0","0","","","","","","","0","0","0","","","","","0","","0","","0","","0","","","0","0","0","0","0","","","",""
"","","UGP2014NAM-OT03","","","","","","","","","UGP2014NAM-OT03-03479","","","","3","2","1","2","7","1","3","2","4","1","0.28","0.01","2.5","8","1","1","3","7","0","0.29","2.79","5","0.07","0.01","0.058","2.5","1.666666667","2","1.333333333","0.145","0.096666667","1.25","0.833333333","80","10.39426523","66.66666667","3.111111111","3.222222222","27.77777778","31","4.666666667","4.833333333","41.66666667","46.5"
"","","UGP2014NAM-OT03","","","","","","","","","UGP2014NAM-OT03-03480","","","","3","1","1","2","6","1","3","1","0","0","0","0","1","","","","","","","0","1","0","","","","0","0","0","0","0","0","1","0.333333333","","0","33.33333333","0","0","11.11111111","11.11111111","0","0","33.33333333","33.33333333"
"","","UGP2014NAM-OT03","","","","","","","","","UGP2014NAM-OT03-03481","","","","3","1","2","2","7","2","4","1","3","0","0.8","0","3","2","1","1","3","3","0.02","0.8","3.8","3","0.266666667","","0.266666667","3","1","3","1","0.8","0.266666667","3","1","100","21.05263158","33.33333333","8.888888889","8.888888889","33.33333333","42.22222222","26.66666667","26.66666667","100","126.6666667"
"","","UGP2014NAM-OT03","","","","","","","","","UGP2014NAM-OT03-03482","","","","3","0","","","","","","0","0","0","0","0","0","","","","","","","0","0","0","","","","","0","","0","","0","","0","","","0","0","0","0","0","","","",""
"","","UGP2014NAM-OT03","","","","","","","","","UGP2014NAM-OT03-03483","","","","3","1","1","6","7","1","2","1","2","0","0.8","0","2.5","2","1","1","5","3","0","0.8","3.3","2","0.4","","0.4","2","0.666666667","2","0.666666667","0.8","0.266666667","2.5","0.833333333","100","24.24242424","33.33333333","8.888888889","8.888888889","27.77777778","36.66666667","26.66666667","26.66666667","83.33333333","110"
"","","UGP2014NAM-OT03","","","","","","","","","UGP2014NAM-OT03-03484","","","","3","1","1","2","6","1","2","1","2","0","0.12","0","2","2","1","1","2","7","0","0.12","2.12","2","0.06","","0.06","2","0.666666667","2","0.666666667","0.12","0.04","2","0.666666667","100","5.660377358","33.33333333","1.333333333","1.333333333","22.22222222","23.55555556","4","4","66.66666667","70.66666667"
"","","UGP2014NAM-OT03","","","","","","","","","UGP2014NAM-OT03-03485","","","","3","1","1","2","6","3","6","1","4","2","0.68","0.04","1.2","9","1","1","2","3","3.96","0.72","1.92","6","0.17","0.02","0.12","6","2","4","1.333333333","0.72","0.24","1.2","0.4","66.66666667","37.5","33.33333333","7.555555556","8","13.33333333","21.33333333","22.66666667","24","40","64"
"","","UGP2014NAM-OT03","","","","","","","","","UGP2014NAM-OT03-03486","","","","3","1","2","2","7","1","3","1","1","2","0.44","0.09","1","6","2","1","1","3","11.03","0.53","1.53","3","0.44","0.045","0.176666667","3","1","1","0.333333333","0.53","0.176666667","1","0.333333333","33.33333333","34.64052288","33.33333333","4.888888889","5.888888889","11.11111111","17","14.66666667","17.66666667","33.33333333","51"
"","","UGP2014NAM-OT03","","","","","","","","","UGP2014NAM-OT03-03487","","","","3","2","1","2","8","3","6","2","1","0","0.2","0","4.5","2","2","1","4","7","0.12","0.2","4.7","1","0.2","","0.2","0.5","0.333333333","0.5","0.333333333","0.1","0.066666667","2.25","1.5","100","4.255319149","66.66666667","2.222222222","2.222222222","50","52.22222222","3.333333333","3.333333333","75","78.33333333"
"","","UGP2014NAM-OT03","","","","","","","","","UGP2014NAM-OT03-03488","","","","3","0","","","","","","0","0","0","0","0","0","","","","","","","0","0","0","","","","","0","","0","","0","","0","","","0","0","0","0","0","","","",""
"","","UGP2014NAM-OT03","","","","","","","","","UGP2014NAM-OT03-03489","","","","3","1","1","2","7","1","2","1","0","0","0","0","3","","","","","","","0","3","0","","","","0","0","0","0","0","0","3","1","","0","33.33333333","0","0","33.33333333","33.33333333","0","0","100","100"
"","","UGP2014NAM-OT03","","","","","","","","","UGP2014NAM-OT03-03490","","","","3","1","1","2","9","1","2","1","2","0","0.24","0","6.5","9","1","1","3","5","3.96","0.24","6.74","2","0.12","","0.12","2","0.666666667","2","0.666666667","0.24","0.08","6.5","2.166666667","100","3.560830861","33.33333333","2.666666667","2.666666667","72.22222222","74.88888889","8","8","216.6666667","224.6666667"
"","","UGP2014NAM-OT03","","","","","","","","","UGP2014NAM-OT03-03491","","","","3","3","1","2","8","1","2","3","5","4","0.28","0.06","1.5","9","1","1","8","9","0","0.34","1.84","9","0.056","0.015","0.037777778","3","3","1.666666667","1.666666667","0.113333333","0.113333333","0.5","0.5","55.55555556","18.47826087","100","3.111111111","3.777777778","16.66666667","20.44444444","3.111111111","3.777777778","16.66666667","20.44444444"
"","","UGP2014NAM-OT03","","","","","","","","","UGP2014NAM-OT03-03492","","","","3","2","1","2","7","1","2","2","1","4","0.1","0.08","7.5","2","1","1","3","7","0","0.18","7.68","5","0.1","0.02","0.036","2.5","1.666666667","0.5","0.333333333","0.09","0.06","3.75","2.5","20","2.34375","66.66666667","1.111111111","2","83.33333333","85.33333333","1.666666667","3","125","128"
"","","UGP2014NAM-OT03","","","","","","","","","UGP2014NAM-OT03-03493","","","","3","2","1","3","6","3","5","2","0","0","0","0","2","","","","","","","0","2","0","","","","0","0","0","0","0","0","1","0.666666667","","0","66.66666667","0","0","22.22222222","22.22222222","0","0","33.33333333","33.33333333"
"","","UGP2014NAM-OT03","","","","","","","","","UGP2014NAM-OT03-03494","","","","3","0","","","","","","0","0","0","0","0","0","","","","","","","0","0","0","","","","","0","","0","","0","","0","","","0","0","0","0","0","","","",""
"","","UGP2014NAM-OT03","","","","","","","","","UGP2014NAM-OT03-03495","","","","3","1","1","2","7","2","4","1","0","0","0","0","1.5","","","","","","","0","1.5","0","","","","0","0","0","0","0","0","1.5","0.5","","0","33.33333333","0","0","16.66666667","16.66666667","0","0","50","50"
"","","UGP2014NAM-OT03","","","","","","","","","UGP2014NAM-OT03-03496","","","","3","2","1","2","5","5","7","2","0","0","0","0","0.4","","","","","","","0","0.4","0","","","","0","0","0","0","0","0","0.2","0.133333333","","0","66.66666667","0","0","4.444444444","4.444444444","0","0","6.666666667","6.666666667"
"","","UGP2014NAM-OT03","","","","","","","","","UGP2014NAM-OT03-03497","","","","3","1","2","2","5","3","6","1","0","0","0","0","0.16","","","","","","","0","0.16","0","","","","0","0","0","0","0","0","0.16","0.053333333","","0","33.33333333","0","0","1.777777778","1.777777778","0","0","5.333333333","5.333333333"
"","","UGP2014NAM-OT03","","","","","","","","","UGP2014NAM-OT03-03498","","","","3","0","","","","","","0","0","0","0","0","0","","","","","","","0","0","0","","","","","0","","0","","0","","0","","","0","0","0","0","0","","","",""
"","","UGP2014NAM-OT03","","","","","","","","","UGP2014NAM-OT03-03499","","","","3","1","2","4","7","1","3","1","3","6","0.3","0.08","2","9","1","1","5","5","0","0.38","2.38","9","0.1","0.013333333","0.042222222","9","3","3","1","0.38","0.126666667","2","0.666666667","33.33333333","15.96638655","33.33333333","3.333333333","4.222222222","22.22222222","26.44444444","10","12.66666667","66.66666667","79.33333333"
"","","UGP2014NAM-OT03","","","","","","","","","UGP2014NAM-OT03-03500","","","","3","0","","","","","","0","0","0","0","0","0","","","","","","","0","0","0","","","","","0","","0","","0","","0","","","0","0","0","0","0","","","",""
"","","UGP2014NAM-OT03","","","","","","","","","UGP2014NAM-OT03-03501","","","","3","0","","","","","","0","0","0","0","0","0","","","","","","","0","0","0","","","","","0","","0","","0","","0","","","0","0","0","0","0","","","",""
"","","UGP2014NAM-OT03","","","","","","","","","UGP2014NAM-OT03-03502","","","","3","3","1","3","6","1","2","1","0","0","0","0","0.5","","","","","","","0","0.5","0","","","","0","0","0","0","0","0","0.5","0.166666667","","0","33.33333333","0","0","5.555555556","5.555555556","0","0","16.66666667","16.66666667"
"","","UGP2014NAM-OT03","","","","","","","","","UGP2014NAM-OT03-03503","","","","3","2","3","6","6","1","3","2","0","0","0","0","4.8","","","","","","","0","4.8","0","","","","0","0","0","0","0","0","2.4","1.6","","0","66.66666667","0","0","53.33333333","53.33333333","0","0","80","80"
"","","UGP2014NAM-OT03","","","","","","","","","UGP2014NAM-OT03-03504","","","","3","2","1","2","7","3","6","2","7","5","1.04","0.08","2.5","2","1","1","5","3","0.12","1.12","3.62","12","0.148571429","0.016","0.093333333","6","4","3.5","2.333333333","0.56","0.373333333","1.25","0.833333333","58.33333333","30.93922652","66.66666667","11.55555556","12.44444444","27.77777778","40.22222222","17.33333333","18.66666667","41.66666667","60.33333333"
"","","UGP2014NAM-OT03","","","","","","","","","UGP2014NAM-OT03-03505","","","","3","2","1","3","7","1","3","2","0","0","0","0","2.8","","","","","","","0","2.8","0","","","","0","0","0","0","0","0","1.4","0.933333333","","0","66.66666667","0","0","31.11111111","31.11111111","0","0","46.66666667","46.66666667"
"","","UGP2014NAM-OT03","","","","","","","","","UGP2014NAM-OT03-03506","","","","3","3","1","3","6","1","3","3","0","0","0","0","4.5","","","","","","","0","4.5","0","","","","0","0","0","0","0","0","1.5","1.5","","0","100","0","0","50","50","0","0","50","50"
"","","UGP2014NAM-OT03","","","","","","","","","UGP2014NAM-OT03-03507","","","","3","2","1","2","6","1","2","2","0","0","0","0","6","","","","","","","0","6","0","","","","0","0","0","0","0","0","3","2","","0","66.66666667","0","0","66.66666667","66.66666667","0","0","100","100"
"","","UGP2014NAM-OT03","","","","","","","","","UGP2014NAM-OT03-03508","","","","3","1","3","3","7","3","6","1","13","2","2","0.04","1.5","2","1","1","5","3","0.15","2.04","3.54","15","0.153846154","0.02","0.136","15","5","13","4.333333333","2.04","0.68","1.5","0.5","86.66666667","57.62711864","33.33333333","22.22222222","22.66666667","16.66666667","39.33333333","66.66666667","68","50","118"
"","","UGP2014NAM-OT03","","","","","","","","","UGP2014NAM-OT03-03509","","","","3","3","3","3","7","2","3","3","7","5","0.48","0.08","2.6","2","1","1","2","5","4.41","0.56","3.16","12","0.068571429","0.016","0.046666667","4","4","2.333333333","2.333333333","0.186666667","0.186666667","0.866666667","0.866666667","58.33333333","17.72151899","100","5.333333333","6.222222222","28.88888889","35.11111111","5.333333333","6.222222222","28.88888889","35.11111111"
"","","UGP2014NAM-OT03","","","","","","","","","UGP2014NAM-OT03-03510","","","","3","2","1","2","8","2","4","2","4","1","0.44","0.04","4.8","6","1","1","6","3","0","0.48","5.28","5","0.11","0.04","0.096","2.5","1.666666667","2","1.333333333","0.24","0.16","2.4","1.6","80","9.090909091","66.66666667","4.888888889","5.333333333","53.33333333","58.66666667","7.333333333","8","80","88"
"","","UGP2014NAM-OT03","","","","","","","","","UGP2014NAM-OT03-03511","","","","3","2","1","2","6","1","3","2","0","0","0","0","1.5","","","","","","","0","1.5","0","","","","0","0","0","0","0","0","0.75","0.5","","0","66.66666667","0","0","16.66666667","16.66666667","0","0","25","25"
"","","UGP2014NAM-OT03","","","","","","","","","UGP2014NAM-OT03-03512","","","","3","2","1","2","5","3","6","2","3","1","0.8","0.02","2","9","2","1","5","3","1.5","0.82","2.82","4","0.266666667","0.02","0.205","2","1.333333333","1.5","1","0.41","0.273333333","1","0.666666667","75","29.07801418","66.66666667","8.888888889","9.111111111","22.22222222","31.33333333","13.33333333","13.66666667","33.33333333","47"
"","","UGP2014NAM-OT03","","","","","","","","","UGP2014NAM-OT03-03513","","","","3","2","1","3","6","3","6","2","1","0","0.24","0","1.5","2","1","1","5","5","0","0.24","1.74","1","0.24","","0.24","0.5","0.333333333","0.5","0.333333333","0.12","0.08","0.75","0.5","100","13.79310345","66.66666667","2.666666667","2.666666667","16.66666667","19.33333333","4","4","25","29"
"","","UGP2014NAM-OT03","","","","","","","","","UGP2014NAM-OT03-03514","","","","3","2","3","4","7","1","2","2","0","2","0","0.06","0.6","2","1","1","2","9","1.5","0.06","0.66","2","","0.03","0.03","1","0.666666667","0","0","0.03","0.02","0.3","0.2","0","9.090909091","66.66666667","0","0.666666667","6.666666667","7.333333333","0","1","10","11"
"","","UGP2014NAM-OT03","","","","","","","","","UGP2014NAM-OT03-03515","","","","3","3","1","2","9","1","2","3","0","0","0","0","5.5","","","","","","","0","5.5","0","","","","0","0","0","0","0","0","1.833333333","1.833333333","","0","100","0","0","61.11111111","61.11111111","0","0","61.11111111","61.11111111"
"","","UGP2014NAM-OT03","","","","","","","","","UGP2014NAM-OT03-03516","","","","3","3","1","2","6","1","3","3","2","1","0.12","0.02","4","9","1","1","3","7","0","0.14","4.14","3","0.06","0.02","0.046666667","1","1","0.666666667","0.666666667","0.046666667","0.046666667","1.333333333","1.333333333","66.66666667","3.381642512","100","1.333333333","1.555555556","44.44444444","46","1.333333333","1.555555556","44.44444444","46"
"","","UGP2014NAM-OT03","","","","","","","","","UGP2014NAM-OT03-03517","","","","3","0","","","","","","0","0","0","0","0","0","","","","","","","0","0","0","","","","","0","","0","","0","","0","","","0","0","0","0","0","","","",""
"","","UGP2014NAM-OT03","","","","","","","","","UGP2014NAM-OT03-03518","","","","3","1","2","4","7","1","2","1","3","3","0.24","0.04","1","2","1","1","8","5","1.38","0.28","1.28","6","0.08","0.013333333","0.046666667","6","2","3","1","0.28","0.093333333","1","0.333333333","50","21.875","33.33333333","2.666666667","3.111111111","11.11111111","14.22222222","8","9.333333333","33.33333333","42.66666667"
"","","UGP2014NAM-OT03","","","","","","","","","UGP2014NAM-OT03-03519","","","","3","0","","","","","","0","0","0","0","0","0","","","","","","","0","0","0","","","","","0","","0","","0","","0","","","0","0","0","0","0","","","",""
"","","UGP2014NAM-OT03","","","","","","","","","UGP2014NAM-OT03-03520","","","","3","0","","","","","","0","0","0","0","0","0","","","","","","","0","0","0","","","","","0","","0","","0","","0","","","0","0","0","0","0","","","",""
"","","UGP2014NAM-OT03","","","","","","","","","UGP2014NAM-OT03-03521","","","","3","2","1","2","7","1","3","2","0","0","0","0","11","","","","","","","0","11","0","","","","0","0","0","0","0","0","5.5","3.666666667","","0","66.66666667","0","0","122.2222222","122.2222222","0","0","183.3333333","183.3333333"
"","","UGP2014NAM-OT03","","","","","","","","","UGP2014NAM-OT03-03522","","","","3","1","1","2","6","1","3","1","0","0","0","0","1.5","","","","","","","0","1.5","0","","","","0","0","0","0","0","0","1.5","0.5","","0","33.33333333","0","0","16.66666667","16.66666667","0","0","50","50"
"","","UGP2014NAM-OT03","","","","","","","","","UGP2014NAM-OT03-03523","","","","3","2","2","3","7","4","6","2","0","0","0","0","2","","","","","","","0","2","0","","","","0","0","0","0","0","0","1","0.666666667","","0","66.66666667","0","0","22.22222222","22.22222222","0","0","33.33333333","33.33333333"
"","","UGP2014NAM-OT03","","","","","","","","","UGP2014NAM-OT03-03524","","","","3","2","5","7","6","1","2","2","6","6","0.32","0.08","1.5","8","1","1","3","7","0.02","0.4","1.9","12","0.053333333","0.013333333","0.033333333","6","4","3","2","0.2","0.133333333","0.75","0.5","50","21.05263158","66.66666667","3.555555556","4.444444444","16.66666667","21.11111111","5.333333333","6.666666667","25","31.66666667"
"","","UGP2014NAM-OT03","","","","","","","","","UGP2014NAM-OT03-03525","","","","3","1","1","2","5","5","8","1","1","0","0.16","0","0.04","8","1","1","4","5","0","0.16","0.2","1","0.16","","0.16","1","0.333333333","1","0.333333333","0.16","0.053333333","0.04","0.013333333","100","80","33.33333333","1.777777778","1.777777778","0.444444444","2.222222222","5.333333333","5.333333333","1.333333333","6.666666667"
"","","UGP2014NAM-OT03","","","","","","","","","UGP2014NAM-OT03-03526","","","","3","1","1","2","7","3","6","1","0","0","0","0","1.6","","","","","","","0","1.6","0","","","","0","0","0","0","0","0","1.6","0.533333333","","0","33.33333333","0","0","17.77777778","17.77777778","0","0","53.33333333","53.33333333"
"","","UGP2014NAM-OT03","","","","","","","","","UGP2014NAM-OT03-03527","","","","3","0","","","","","","0","0","0","0","0","0","","","","","","","0","0","0","","","","","0","","0","","0","","0","","","0","0","0","0","0","","","",""
"","","UGP2014NAM-OT03","","","","","","","","","UGP2014NAM-OT03-03528","","","","3","2","3","4","6","1","3","2","1","0","0.12","0","3","9","1","1","1","5","0","0.12","3.12","1","0.12","","0.12","0.5","0.333333333","0.5","0.333333333","0.06","0.04","1.5","1","100","3.846153846","66.66666667","1.333333333","1.333333333","33.33333333","34.66666667","2","2","50","52"
"","","UGP2014NAM-OT03","","","","","","","","","UGP2014NAM-OT03-03529","","","","3","3","1","2","5","3","6","3","1","0","0.08","0","0.6","2","1","1","1","7","0","0.08","0.68","1","0.08","","0.08","0.333333333","0.333333333","0.333333333","0.333333333","0.026666667","0.026666667","0.2","0.2","100","11.76470588","100","0.888888889","0.888888889","6.666666667","7.555555556","0.888888889","0.888888889","6.666666667","7.555555556"
"","","UGP2014NAM-OT03","","","","","","","","","UGP2014NAM-OT03-03530","","","","3","2","1","2","6","1","3","2","2","0","0.24","0","4","2","1","1","1","5","0","0.24","4.24","2","0.12","","0.12","1","0.666666667","1","0.666666667","0.12","0.08","2","1.333333333","100","5.660377358","66.66666667","2.666666667","2.666666667","44.44444444","47.11111111","4","4","66.66666667","70.66666667"
"","","UGP2014NAM-OT03","","","","","","","","","UGP2014NAM-OT03-03532","","","","3","3","1","7","7","3","5","1","5","2","0.32","0.04","4.3","9","1","1","3","5","0","0.36","4.66","7","0.064","0.02","0.051428571","7","2.333333333","5","1.666666667","0.36","0.12","4.3","1.433333333","71.42857143","7.725321888","33.33333333","3.555555556","4","47.77777778","51.77777778","10.66666667","12","143.3333333","155.3333333"
"","","UGP2014NAM-OT03","","","","","","","","","UGP2014NAM-OT03-03533","","","","3","1","1","4","8","1","2","1","5","1","0.64","0.04","4","9","1","1","5","5","0","0.68","4.68","6","0.128","0.04","0.113333333","6","2","5","1.666666667","0.68","0.226666667","4","1.333333333","83.33333333","14.52991453","33.33333333","7.111111111","7.555555556","44.44444444","52","21.33333333","22.66666667","133.3333333","156"
"","","UGP2014NAM-OT03","","","","","","","","","UGP2014NAM-OT03-03534","","","","3","0","","","","","","0","0","0","0","0","0","","","","","","","0","0","0","","","","","0","","0","","0","","0","","","0","0","0","0","0","","","",""
"","","UGP2014NAM-OT03","","","","","","","","","UGP2014NAM-OT03-03535","","","","3","1","4","6","7","1","3","1","3","3","0.14","0.06","3.6","2","1","1","8","7","0","0.2","3.8","6","0.046666667","0.02","0.033333333","6","2","3","1","0.2","0.066666667","3.6","1.2","50","5.263157895","33.33333333","1.555555556","2.222222222","40","42.22222222","4.666666667","6.666666667","120","126.6666667"
"","","UGP2014NAM-OT03","","","","","","","","","UGP2014NAM-OT03-03536","","","","3","2","1","2","8","1","3","2","0","0","0","0","3","","","","","","","0","3","0","","","","0","0","0","0","0","0","1.5","1","","0","66.66666667","0","0","33.33333333","33.33333333","0","0","50","50"
"","","UGP2014NAM-OT03","","","","","","","","","UGP2014NAM-OT03-03537","","","","3","2","1","2","6","1","2","2","0","0","0","0","2","","","","","","","0","2","0","","","","0","0","0","0","0","0","1","0.666666667","","0","66.66666667","0","0","22.22222222","22.22222222","0","0","33.33333333","33.33333333"
"","","UGP2014NAM-OT03","","","","","","","","","UGP2014NAM-OT03-03538","","","","3","1","1","2","5","3","5","1","0","0","0","0","0.26","","","","","","","0","0.26","0","","","","0","0","0","0","0","0","0.26","0.086666667","","0","33.33333333","0","0","2.888888889","2.888888889","0","0","8.666666667","8.666666667"
"","","UGP2014NAM-OT03","","","","","","","","","UGP2014NAM-OT03-03539","","","","3","1","2","3","5","1","2","1","0","0","0","0","0.44","","","","","","","0","0.44","0","","","","0","0","0","0","0","0","0.44","0.146666667","","0","33.33333333","0","0","4.888888889","4.888888889","0","0","14.66666667","14.66666667"
"","","UGP2014NAM-OT03","","","","","","","","","UGP2014NAM-OT03-03540","","","","3","2","2","3","8","2","3","2","0","0","0","0","2","","","","","","","0","2","0","","","","0","0","0","0","0","0","1","0.666666667","","0","66.66666667","0","0","22.22222222","22.22222222","0","0","33.33333333","33.33333333"
"","","UGP2014NAM-OT03","","","","","","","","","UGP2014NAM-OT03-03541","","","","3","1","1","2","6","1","2","1","1","0","0.1","0","0.2","2","1","1","7","5","0","0.1","0.3","1","0.1","","0.1","1","0.333333333","1","0.333333333","0.1","0.033333333","0.2","0.066666667","100","33.33333333","33.33333333","1.111111111","1.111111111","2.222222222","3.333333333","3.333333333","3.333333333","6.666666667","10"
"","","UGP2014NAM-OT03","","","","","","","","","UGP2014NAM-OT03-03542","","","","3","2","1","3","7","1","3","2","0","0","0","0","7.5","","","","","","","0","7.5","0","","","","0","0","0","0","0","0","3.75","2.5","","0","66.66666667","0","0","83.33333333","83.33333333","0","0","125","125"
"","","UGP2014NAM-OT03","","","","","","","","","UGP2014NAM-OT03-03543","","","","3","2","1","3","5","1","3","2","5","2","0.6","0.06","2","2","1","1","5","3","0.15","0.66","2.66","7","0.12","0.03","0.094285714","3.5","2.333333333","2.5","1.666666667","0.33","0.22","1","0.666666667","71.42857143","24.81203008","66.66666667","6.666666667","7.333333333","22.22222222","29.55555556","10","11","33.33333333","44.33333333"
"","","UGP2014NAM-OT03","","","","","","","","","UGP2014NAM-OT03-03544","","","","3","3","1","2","7","2","4","1","2","0","0.8","0","3","8","1","1","5","1","0.15","0.8","3.8","2","0.4","","0.4","2","0.666666667","2","0.666666667","0.8","0.266666667","3","1","100","21.05263158","33.33333333","8.888888889","8.888888889","33.33333333","42.22222222","26.66666667","26.66666667","100","126.6666667"
"","","UGP2014NAM-OT03","","","","","","","","","UGP2014NAM-OT03-03545","","","","3","2","1","3","7","2","4","2","13","20","0.78","0.24","2.7","6","1","1","4","5","1.5","1.02","3.72","33","0.06","0.012","0.030909091","16.5","11","6.5","4.333333333","0.51","0.34","1.35","0.9","39.39393939","27.41935484","66.66666667","8.666666667","11.33333333","30","41.33333333","13","17","45","62"
"","","UGP2014NAM-OT03","","","","","","","","","UGP2014NAM-OT03-03546","","","","3","1","1","2","7","1","3","1","1","0","0.56","0","1.5","2","1","1","7","1","1.5","0.56","2.06","1","0.56","","0.56","1","0.333333333","1","0.333333333","0.56","0.186666667","1.5","0.5","100","27.18446602","33.33333333","6.222222222","6.222222222","16.66666667","22.88888889","18.66666667","18.66666667","50","68.66666667"
"","","UGP2014NAM-OT03","","","","","","","","","UGP2014NAM-OT03-03547","","","","3","1","1","2","7","1","2","1","3","2","0.72","0.06","1.4","2","1","1","3","3","0.12","0.78","2.18","5","0.24","0.03","0.156","5","1.666666667","3","1","0.78","0.26","1.4","0.466666667","60","35.77981651","33.33333333","8","8.666666667","15.55555556","24.22222222","24","26","46.66666667","72.66666667"
"","","UGP2014NAM-OT03","","","","","","","","","UGP2014NAM-OT03-03548","","","","3","0","","","","","","0","0","0","0","0","0","","","","","","","0","0","0","","","","","0","","0","","0","","0","","","0","0","0","0","0","","","",""
"","","UGP2014NAM-OT03","","","","","","","","","UGP2014NAM-OT03-03549","","","","3","1","1","2","7","2","4","1","3","0","0.02","0","3.8","2","2","3","3","7","14.37","0.02","3.82","3","0.006666667","","0.006666667","3","1","3","1","0.02","0.006666667","3.8","1.266666667","100","0.523560209","33.33333333","0.222222222","0.222222222","42.22222222","42.44444444","0.666666667","0.666666667","126.6666667","127.3333333"
"","","UGP2014NAM-OT03","","","","","","","","","UGP2014NAM-OT03-03550","","","","3","1","1","3","5","3","6","1","4","0","0.8","0","0.8","2","1","1","6","3","0","0.8","1.6","4","0.2","","0.2","4","1.333333333","4","1.333333333","0.8","0.266666667","0.8","0.266666667","100","50","33.33333333","8.888888889","8.888888889","8.888888889","17.77777778","26.66666667","26.66666667","26.66666667","53.33333333"
"","","UGP2014NAM-OT03","","","","","","","","","UGP2014NAM-OT03-03551","","","","3","1","1","3","7","1","3","1","0","0","0","0","2","","","","","","","0","2","0","","","","0","0","0","0","0","0","2","0.666666667","","0","33.33333333","0","0","22.22222222","22.22222222","0","0","66.66666667","66.66666667"
"","","UGP2014NAM-OT03","","","","","","","","","UGP2014NAM-OT03-03552","","","","3","1","1","3","5","3","5","1","0","0","0","0","0.5","","","","","","","0","0.5","0","","","","0","0","0","0","0","0","0.5","0.166666667","","0","33.33333333","0","0","5.555555556","5.555555556","0","0","16.66666667","16.66666667"
"","","UGP2014NAM-OT03","","","","","","","","","UGP2014NAM-OT03-03553","","","","3","0","","","","","","0","0","0","0","0","0","","","","","","","0","0","0","","","","","0","","0","","0","","0","","","0","0","0","0","0","","","",""
"","","UGP2014NAM-OT03","","","","","","","","","UGP2014NAM-OT03-03554","","","","3","1","1","3","7","4","6","1","0","0","0","0","2.5","","","","","","","0","2.5","0","","","","0","0","0","0","0","0","2.5","0.833333333","","0","33.33333333","0","0","27.77777778","27.77777778","0","0","83.33333333","83.33333333"
"","","UGP2014NAM-OT03","","","","","","","","","UGP2014NAM-OT03-03555","","","","3","2","1","3","6","1","2","2","2","0","0.48","0","1","2","1","1","5","3","0.12","0.48","1.48","2","0.24","","0.24","1","0.666666667","1","0.666666667","0.24","0.16","0.5","0.333333333","100","32.43243243","66.66666667","5.333333333","5.333333333","11.11111111","16.44444444","8","8","16.66666667","24.66666667"
"","","UGP2014NAM-OT03","","","","","","","","","UGP2014NAM-OT03-03556","","","","3","1","1","2","6","3","5","1","3","0","0.6","0","1.5","2","1","1","2","3","0","0.6","2.1","3","0.2","","0.2","3","1","3","1","0.6","0.2","1.5","0.5","100","28.57142857","33.33333333","6.666666667","6.666666667","16.66666667","23.33333333","20","20","50","70"
"","","UGP2014NAM-OT03","","","","","","","","","UGP2014NAM-OT03-03557","","","","3","0","","","","","","0","0","0","0","0","0","","","","","","","0","0","0","","","","","0","","0","","0","","0","","","0","0","0","0","0","","","",""
"","","UGP2014NAM-OT03","","","","","","","","","UGP2014NAM-OT03-03558","","","","3","2","1","3","6","1","3","2","3","0","0.2","0","1","2","1","3","1","7","0.12","0.2","1.2","3","0.066666667","","0.066666667","1.5","1","1.5","1","0.1","0.066666667","0.5","0.333333333","100","16.66666667","66.66666667","2.222222222","2.222222222","11.11111111","13.33333333","3.333333333","3.333333333","16.66666667","20"
"","","UGP2014NAM-OT03","","","","","","","","","UGP2014NAM-OT03-03559","","","","3","1","1","3","5","4","6","1","0","0","0","0","1.5","","","","","","","0","1.5","0","","","","0","0","0","0","0","0","1.5","0.5","","0","33.33333333","0","0","16.66666667","16.66666667","0","0","50","50"
"","","UGP2014NAM-OT03","","","","","","","","","UGP2014NAM-OT03-03560","","","","3","1","1","2","6","4","7","1","1","0","0.1","0","1","8","1","1","2","7","0.12","0.1","1.1","1","0.1","","0.1","1","0.333333333","1","0.333333333","0.1","0.033333333","1","0.333333333","100","9.090909091","33.33333333","1.111111111","1.111111111","11.11111111","12.22222222","3.333333333","3.333333333","33.33333333","36.66666667"
"","","UGP2014NAM-OT03","","","","","","","","","UGP2014NAM-OT03-03561","","","","3","1","1","2","5","3","6","1","0","0","0","0","0.18","","","","","","","0","0.18","0","","","","0","0","0","0","0","0","0.18","0.06","","0","33.33333333","0","0","2","2","0","0","6","6"
"","","UGP2014NAM-OT03","","","","","","","","","UGP2014NAM-OT03-03562","","","","3","0","","","","","","0","0","0","0","0","0","","","","","","","0","0","0","","","","","0","","0","","0","","0","","","0","0","0","0","0","","","",""
"","","UGP2014NAM-OT03","","","","","","","","","UGP2014NAM-OT03-03563","","","","3","1","1","2","7","1","3","1","2","0","0.36","0","1.8","9","1","1","6","3","0.12","0.36","2.16","2","0.18","","0.18","2","0.666666667","2","0.666666667","0.36","0.12","1.8","0.6","100","16.66666667","33.33333333","4","4","20","24","12","12","60","72"
"","","UGP2014NAM-OT03","","","","","","","","","UGP2014NAM-OT03-03564","","","","3","3","2","3","6","1","3","1","1","0","0.16","0","0.14","8","2","1","1","3","0.15","0.16","0.3","1","0.16","","0.16","1","0.333333333","1","0.333333333","0.16","0.053333333","0.14","0.046666667","100","53.33333333","33.33333333","1.777777778","1.777777778","1.555555556","3.333333333","5.333333333","5.333333333","4.666666667","10"
"","","UGP2014NAM-OT03","","","","","","","","","UGP2014NAM-OT03-03565","","","","3","0","","","","","","0","0","0","0","0","0","","","","","","","0","0","0","","","","","0","","0","","0","","0","","","0","0","0","0","0","","","",""
"","","UGP2014NAM-OT03","","","","","","","","","UGP2014NAM-OT03-03566","","","","3","2","2","6","8","1","2","2","20","6","1.12","0.1","3","8","2","1","3","5","0.15","1.22","4.22","26","0.056","0.016666667","0.046923077","13","8.666666667","10","6.666666667","0.61","0.406666667","1.5","1","76.92307692","28.90995261","66.66666667","12.44444444","13.55555556","33.33333333","46.88888889","18.66666667","20.33333333","50","70.33333333"
"","","UGP2014NAM-OT03","","","","","","","","","UGP2014NAM-OT03-03568","","","","3","0","","","","","","0","0","0","0","0","0","","","","","","","0","0","0","","","","","0","","0","","0","","0","","","0","0","0","0","0","","","",""
"","","UGP2014NAM-OT03","","","","","","","","","UGP2014NAM-OT03-03569","","","","3","2","1","2","6","1","2","2","2","0","0.18","0","1","2","1","2","2","7","0","0.18","1.18","2","0.09","","0.09","1","0.666666667","1","0.666666667","0.09","0.06","0.5","0.333333333","100","15.25423729","66.66666667","2","2","11.11111111","13.11111111","3","3","16.66666667","19.66666667"
"","","UGP2014NAM-OT03","","","","","","","","","UGP2014NAM-OT03-03570","","","","3","2","1","3","8","1","2","2","7","1","0.64","0.02","2.5","2","1","1","2","3","0.12","0.66","3.16","8","0.091428571","0.02","0.0825","4","2.666666667","3.5","2.333333333","0.33","0.22","1.25","0.833333333","87.5","20.88607595","66.66666667","7.111111111","7.333333333","27.77777778","35.11111111","10.66666667","11","41.66666667","52.66666667"
"","","UGP2014NAM-OT03","","","","","","","","","UGP2014NAM-OT03-03571","","","","3","3","1","2","5","4","8","1","2","0","0.6","0","1","2","1","1","2","1","1.65","0.6","1.6","2","0.3","","0.3","2","0.666666667","2","0.666666667","0.6","0.2","1","0.333333333","100","37.5","33.33333333","6.666666667","6.666666667","11.11111111","17.77777778","20","20","33.33333333","53.33333333"
"","","UGP2014NAM-OT03","","","","","","","","","UGP2014NAM-OT03-03572","","","","3","3","1","2","6","1","3","3","0","0","0","0","1.5","","","","","","","0","1.5","0","","","","0","0","0","0","0","0","0.5","0.5","","0","100","0","0","16.66666667","16.66666667","0","0","16.66666667","16.66666667"
"","","UGP2014NAM-OT03","","","","","","","","","UGP2014NAM-OT03-03573","","","","3","3","2","6","7","2","4","3","10","1","4","0.01","4","8","1","1","6","1","0","4.01","8.01","11","0.4","0.01","0.364545455","3.666666667","3.666666667","3.333333333","3.333333333","1.336666667","1.336666667","1.333333333","1.333333333","90.90909091","50.06242197","100","44.44444444","44.55555556","44.44444444","89","44.44444444","44.55555556","44.44444444","89"
"","","UGP2014NAM-OT03","","","","","","","","","UGP2014NAM-OT03-03574","","","","3","2","1","3","7","1","3","2","0","0","0","0","2.5","","","","","","","0","2.5","0","","","","0","0","0","0","0","0","1.25","0.833333333","","0","66.66666667","0","0","27.77777778","27.77777778","0","0","41.66666667","41.66666667"
"","","UGP2014NAM-OT03","","","","","","","","","UGP2014NAM-OT03-03575","","","","3","1","1","3","7","1","2","1","1","2","0.08","0.04","6","9","1","1","3","9","0.12","0.12","6.12","3","0.08","0.02","0.04","3","1","1","0.333333333","0.12","0.04","6","2","33.33333333","1.960784314","33.33333333","0.888888889","1.333333333","66.66666667","68","2.666666667","4","200","204"
"","","UGP2014NAM-OT03","","","","","","","","","UGP2014NAM-OT03-03576","","","","3","1","1","2","6","1","3","1","0","0","0","0","6.7","","","","","","","0","6.7","0","","","","0","0","0","0","0","0","6.7","2.233333333","","0","33.33333333","0","0","74.44444444","74.44444444","0","0","223.3333333","223.3333333"
"","","UGP2014NAM-OT03","","","","","","","","","UGP2014NAM-OT03-03577","","","","3","2","1","6","8","1","3","2","2","6","0.24","0.12","4.5","2","3","1","4","5","3.96","0.36","4.86","8","0.12","0.02","0.045","4","2.666666667","1","0.666666667","0.18","0.12","2.25","1.5","25","7.407407407","66.66666667","2.666666667","4","50","54","4","6","75","81"
"","","UGP2014NAM-OT03","","","","","","","","","UGP2014NAM-OT03-03578","","","","3","1","2","2","6","3","5","1","0","0","0","0","1","","","","","","","0","1","0","","","","0","0","0","0","0","0","1","0.333333333","","0","33.33333333","0","0","11.11111111","11.11111111","0","0","33.33333333","33.33333333"
"","","UGP2014NAM-OT03","","","","","","","","","UGP2014NAM-OT03-03579","","","","3","2","1","2","8","1","3","2","0","0","0","0","5","","","","","","","0","5","0","","","","0","0","0","0","0","0","2.5","1.666666667","","0","66.66666667","0","0","55.55555556","55.55555556","0","0","83.33333333","83.33333333"
"","","UGP2014NAM-OT03","","","","","","","","","UGP2014NAM-OT03-03580","","","","3","1","1","2","5","2","4","1","0","0","0","0","0.1","","","","","","","0","0.1","0","","","","0","0","0","0","0","0","0.1","0.033333333","","0","33.33333333","0","0","1.111111111","1.111111111","0","0","3.333333333","3.333333333"
"","","UGP2014NAM-OT03","","","","","","","","","UGP2014NAM-OT03-03581","","","","3","2","2","3","8","1","2","2","0","1","0","0.03","2","9","1","1","9","9","0.02","0.03","2.03","1","","0.03","0.03","0.5","0.333333333","0","0","0.015","0.01","1","0.666666667","0","1.477832512","66.66666667","0","0.333333333","22.22222222","22.55555556","0","0.5","33.33333333","33.83333333"
"","","UGP2014NAM-OT03","","","","","","","","","UGP2014NAM-OT03-03582","","","","3","1","1","2","5","1","3","1","1","0","0.18","0","0.26","8","1","1","6","5","0","0.18","0.44","1","0.18","","0.18","1","0.333333333","1","0.333333333","0.18","0.06","0.26","0.086666667","100","40.90909091","33.33333333","2","2","2.888888889","4.888888889","6","6","8.666666667","14.66666667"
"","","UGP2014NAM-OT03","","","","","","","","","UGP2014NAM-OT03-03583","","","","3","2","1","2","8","1","2","2","0","0","0","0","2","","","","","","","0","2","0","","","","0","0","0","0","0","0","1","0.666666667","","0","66.66666667","0","0","22.22222222","22.22222222","0","0","33.33333333","33.33333333"
"","","UGP2014NAM-OT03","","","","","","","","","UGP2014NAM-OT03-03584","","","","3","2","2","3","6","1","2","2","2","0","0.14","0","1","2","1","1","4","7","0.02","0.14","1.14","2","0.07","","0.07","1","0.666666667","1","0.666666667","0.07","0.046666667","0.5","0.333333333","100","12.28070175","66.66666667","1.555555556","1.555555556","11.11111111","12.66666667","2.333333333","2.333333333","16.66666667","19"
"","","UGP2014NAM-OT03","","","","","","","","","UGP2014NAM-OT03-03585","","","","3","0","","","","","","0","0","0","0","0","0","","","","","","","0","0","0","","","","","0","","0","","0","","0","","","0","0","0","0","0","","","",""
"","","UGP2014NAM-OT03","","","","","","","","","UGP2014NAM-OT03-03586","","","","3","1","2","2","7","1","2","0","0","0","0","0","0","","","","","","","0","0","0","","","","","0","","0","","0","","0","","","0","0","0","0","0","","","",""
"","","UGP2014NAM-OT03","","","","","","","","","UGP2014NAM-OT03-03587","","","","3","0","","","","","","0","0","0","0","0","0","","","","","","","0","0","0","","","","","0","","0","","0","","0","","","0","0","0","0","0","","","",""
"","","UGP2014NAM-OT03","","","","","","","","","UGP2014NAM-OT03-03588","","","","3","2","1","4","8","2","3","2","8","7","2.8","0.08","2.8","6","1","1","6","3","3.96","2.88","5.68","15","0.35","0.011428571","0.192","7.5","5","4","2.666666667","1.44","0.96","1.4","0.933333333","53.33333333","50.70422535","66.66666667","31.11111111","32","31.11111111","63.11111111","46.66666667","48","46.66666667","94.66666667"
"","","UGP2014NAM-OT03","","","","","","","","","UGP2014NAM-OT03-03589","","","","3","2","1","2","6","2","4","2","4","2","0.64","0.04","1","2","1","1","4","5","3.03","0.68","1.68","6","0.16","0.02","0.113333333","3","2","2","1.333333333","0.34","0.226666667","0.5","0.333333333","66.66666667","40.47619048","66.66666667","7.111111111","7.555555556","11.11111111","18.66666667","10.66666667","11.33333333","16.66666667","28"
"","","UGP2014NAM-OT03","","","","","","","","","UGP2014NAM-OT03-03590","","","","3","0","","","","","","0","0","0","0","0","0","","","","","","","0","0","0","","","","","0","","0","","0","","0","","","0","0","0","0","0","","","",""
"","","UGP2014NAM-OT03","","","","","","","","","UGP2014NAM-OT03-03591","","","","3","3","1","2","8","1","3","1","1","1","0.06","0.4","1.5","8","1","1","8","7","0.02","0.46","1.96","2","0.06","0.4","0.23","2","0.666666667","1","0.333333333","0.46","0.153333333","1.5","0.5","50","23.46938776","33.33333333","0.666666667","5.111111111","16.66666667","21.77777778","2","15.33333333","50","65.33333333"
"","","UGP2014NAM-OT03","","","","","","","","","UGP2014NAM-OT03-03592","","","","3","3","2","2","7","1","3","1","4","6","0.76","0.12","2","9","1","2","4","1","3.03","0.88","2.88","10","0.19","0.02","0.088","10","3.333333333","4","1.333333333","0.88","0.293333333","2","0.666666667","40","30.55555556","33.33333333","8.444444444","9.777777778","22.22222222","32","25.33333333","29.33333333","66.66666667","96"
"","","UGP2014NAM-OT03","","","","","","","","","UGP2014NAM-OT03-03593","","","","3","2","1","2","8","2","3","2","14","9","2","0.2","3","9","2","1","4","5","0","2.2","5.2","23","0.142857143","0.022222222","0.095652174","11.5","7.666666667","7","4.666666667","1.1","0.733333333","1.5","1","60.86956522","42.30769231","66.66666667","22.22222222","24.44444444","33.33333333","57.77777778","33.33333333","36.66666667","50","86.66666667"
"","","UGP2014NAM-OT03","","","","","","","","","UGP2014NAM-OT03-03594","","","","3","1","1","2","8","1","2","1","3","1","0.4","0.04","5","2","1","1","9","7","1.38","0.44","5.44","4","0.133333333","0.04","0.11","4","1.333333333","3","1","0.44","0.146666667","5","1.666666667","75","8.088235294","33.33333333","4.444444444","4.888888889","55.55555556","60.44444444","13.33333333","14.66666667","166.6666667","181.3333333"
"","","UGP2014NAM-OT03","","","","","","","","","UGP2014NAM-OT03-03595","","","","3","3","1","3","8","2","3","2","11","8","0.84","0.16","3","8","1","1","3","5","3.96","1","4","19","0.076363636","0.02","0.052631579","9.5","6.333333333","5.5","3.666666667","0.5","0.333333333","1.5","1","57.89473684","25","66.66666667","9.333333333","11.11111111","33.33333333","44.44444444","14","16.66666667","50","66.66666667"
"","","UGP2014NAM-OT03","","","","","","","","","UGP2014NAM-OT03-03596","","","","3","1","2","3","7","1","2","1","0","0","0","0","1","","","","","","","0","1","0","","","","0","0","0","0","0","0","1","0.333333333","","0","33.33333333","0","0","11.11111111","11.11111111","0","0","33.33333333","33.33333333"
"","","UGP2014NAM-OT03","","","","","","","","","UGP2014NAM-OT03-03597","","","","3","0","","","","","","0","0","0","0","0","0","","","","","","","0","0","0","","","","","0","","0","","0","","0","","","0","0","0","0","0","","","",""
"","","UGP2014NAM-OT03","","","","","","","","","UGP2014NAM-OT03-03598","","","","3","1","1","2","6","1","2","1","0","0","0","0","0.2","","","","","","","0","0.2","0","","","","0","0","0","0","0","0","0.2","0.066666667","","0","33.33333333","0","0","2.222222222","2.222222222","0","0","6.666666667","6.666666667"
"","","UGP2014NAM-OT03","","","","","","","","","UGP2014NAM-OT03-03599","","","","3","1","1","3","8","1","2","1","2","1","0.6","0.02","2.5","9","1","1","1","1","0.15","0.62","3.12","3","0.3","0.02","0.206666667","3","1","2","0.666666667","0.62","0.206666667","2.5","0.833333333","66.66666667","19.87179487","33.33333333","6.666666667","6.888888889","27.77777778","34.66666667","20","20.66666667","83.33333333","104"
"","","UGP2014NAM-OT03","","","","","","","","","UGP2014NAM-OT03-03600","","","","3","1","1","2","7","1","3","1","1","2","0.02","0.08","0.5","2","1","1","2","1","1.76","0.1","0.6","3","0.02","0.04","0.033333333","3","1","1","0.333333333","0.1","0.033333333","0.5","0.166666667","33.33333333","16.66666667","33.33333333","0.222222222","1.111111111","5.555555556","6.666666667","0.666666667","3.333333333","16.66666667","20"
"","","UGP2014NAM-OT03","","","","","","","","","UGP2014NAM-OT03-03601","","","","3","1","1","2","5","3","6","1","1","0","0.3","0","0.1","8","1","1","1","3","0","0.3","0.4","1","0.3","","0.3","1","0.333333333","1","0.333333333","0.3","0.1","0.1","0.033333333","100","75","33.33333333","3.333333333","3.333333333","1.111111111","4.444444444","10","10","3.333333333","13.33333333"
"","","UGP2014NAM-OT03","","","","","","","","","UGP2014NAM-OT03-03602","","","","3","2","2","2","5","2","2","2","0","0","0","0","1","","","","","","","0","1","0","","","","0","0","0","0","0","0","0.5","0.333333333","","0","66.66666667","0","0","11.11111111","11.11111111","0","0","16.66666667","16.66666667"
"","","UGP2014NAM-OT03","","","","","","","","","UGP2014NAM-OT03-03603","","","","3","2","1","2","7","1","4","2","0","0","0","0","2","","","","","","","0","2","0","","","","0","0","0","0","0","0","1","0.666666667","","0","66.66666667","0","0","22.22222222","22.22222222","0","0","33.33333333","33.33333333"
"","","UGP2014NAM-OT03","","","","","","","","","UGP2014NAM-OT03-03604","","","","3","0","","","","","","0","0","0","0","0","0","","","","","","","0","0","0","","","","","0","","0","","0","","0","","","0","0","0","0","0","","","",""
"","","UGP2014NAM-OT03","","","","","","","","","UGP2014NAM-OT03-03605","","","","3","2","1","7","8","1","2","2","0","0","0","0","6","","","","","","","0","6","0","","","","0","0","0","0","0","0","3","2","","0","66.66666667","0","0","66.66666667","66.66666667","0","0","100","100"
"","","UGP2014NAM-OT03","","","","","","","","","UGP2014NAM-OT03-03606","","","","3","1","1","2","5","1","2","1","2","0","0.18","0","0.26","2","1","1","7","7","1.38","0.18","0.44","2","0.09","","0.09","2","0.666666667","2","0.666666667","0.18","0.06","0.26","0.086666667","100","40.90909091","33.33333333","2","2","2.888888889","4.888888889","6","6","8.666666667","14.66666667"
"","","UGP2014NAM-OT03","","","","","","","","","UGP2014NAM-OT03-03607","","","","3","2","1","2","6","4","7","2","2","0","0.12","0","0.7","6","1","1","2","7","0","0.12","0.82","2","0.06","","0.06","1","0.666666667","1","0.666666667","0.06","0.04","0.35","0.233333333","100","14.63414634","66.66666667","1.333333333","1.333333333","7.777777778","9.111111111","2","2","11.66666667","13.66666667"
"","","UGP2014NAM-OT03","","","","","","","","","UGP2014NAM-OT03-03608","","","","3","2","1","2","6","1","3","2","0","0","0","0","1.2","","","","","","","0","1.2","0","","","","0","0","0","0","0","0","0.6","0.4","","0","66.66666667","0","0","13.33333333","13.33333333","0","0","20","20"
"","","UGP2014NAM-OT03","","","","","","","","","UGP2014NAM-OT03-03609","","","","3","2","1","3","6","1","3","0","0","0","0","0","0","","","","","","","0","0","0","","","","","0","","0","","0","","0","","","0","0","0","0","0","","","",""
"","","UGP2014NAM-OT03","","","","","","","","","UGP2014NAM-OT03-03610","","","","3","2","1","4","6","2","4","2","0","0","0","0","6","","","","","","","0","6","0","","","","0","0","0","0","0","0","3","2","","0","66.66666667","0","0","66.66666667","66.66666667","0","0","100","100"
"","","UGP2014NAM-OT03","","","","","","","","","UGP2014NAM-OT03-03611","","","","3","0","","","","","","0","0","0","0","0","0","","","","","","","0","0","0","","","","","0","","0","","0","","0","","","0","0","0","0","0","","","",""
"","","UGP2014NAM-OT03","","","","","","","","","UGP2014NAM-OT03-03612","","","","3","3","2","4","7","2","4","3","4","4","0.36","0.08","3.5","2","1","1","5","5","0","0.44","3.94","8","0.09","0.02","0.055","2.666666667","2.666666667","1.333333333","1.333333333","0.146666667","0.146666667","1.166666667","1.166666667","50","11.16751269","100","4","4.888888889","38.88888889","43.77777778","4","4.888888889","38.88888889","43.77777778"
"","","UGP2014NAM-OT03","","","","","","","","","UGP2014NAM-OT03-03613","","","","3","0","","","","","","0","0","0","0","0","0","","","","","","","0","0","0","","","","","0","","0","","0","","0","","","0","0","0","0","0","","","",""
"","","UGP2014NAM-OT03","","","","","","","","","UGP2014NAM-OT03-03614","","","","3","3","1","3","5","1","2","1","0","1","0","0.04","1","8","1","1","2","9","0","0.04","1.04","1","","0.04","0.04","1","0.333333333","0","0","0.04","0.013333333","1","0.333333333","0","3.846153846","33.33333333","0","0.444444444","11.11111111","11.55555556","0","1.333333333","33.33333333","34.66666667"
"","","UGP2014NAM-OT03","","","","","","","","","UGP2014NAM-OT03-03615","","","","3","3","2","2","6","3","5","3","1","0","0.08","0","1.5","8","1","1","1","9","3.03","0.08","1.58","1","0.08","","0.08","0.333333333","0.333333333","0.333333333","0.333333333","0.026666667","0.026666667","0.5","0.5","100","5.063291139","100","0.888888889","0.888888889","16.66666667","17.55555556","0.888888889","0.888888889","16.66666667","17.55555556"
"","","UGP2014NAM-OT03","","","","","","","","","UGP2014NAM-OT03-03616","","","","3","3","1","5","5","1","3","3","2","4","0.24","0.04","1","6","1","1","2","5","3.03","0.28","1.28","6","0.12","0.01","0.046666667","2","2","0.666666667","0.666666667","0.093333333","0.093333333","0.333333333","0.333333333","33.33333333","21.875","100","2.666666667","3.111111111","11.11111111","14.22222222","2.666666667","3.111111111","11.11111111","14.22222222"
"","","UGP2014NAM-OT03","","","","","","","","","UGP2014NAM-OT03-03617","","","","3","2","3","4","7","1","3","2","7","4","0.96","0.06","2.2","6","2","1","1","3","0","1.02","3.22","11","0.137142857","0.015","0.092727273","5.5","3.666666667","3.5","2.333333333","0.51","0.34","1.1","0.733333333","63.63636364","31.67701863","66.66666667","10.66666667","11.33333333","24.44444444","35.77777778","16","17","36.66666667","53.66666667"
"","","UGP2014NAM-OT03","","","","","","","","","UGP2014NAM-OT03-03618","","","","3","0","","","","","","0","0","0","0","0","0","","","","","","","0","0","0","","","","","0","","0","","0","","0","","","0","0","0","0","0","","","",""
"","","UGP2014NAM-OT03","","","","","","","","","UGP2014NAM-OT03-03619","","","","3","2","1","3","6","1","2","2","1","0","0.08","0","3","6","2","1","2","7","0","0.08","3.08","1","0.08","","0.08","0.5","0.333333333","0.5","0.333333333","0.04","0.026666667","1.5","1","100","2.597402597","66.66666667","0.888888889","0.888888889","33.33333333","34.22222222","1.333333333","1.333333333","50","51.33333333"
"","","UGP2014NAM-OT03","","","","","","","","","UGP2014NAM-OT03-03620","","","","3","3","1","2","8","1","3","1","1","1","0.22","0.01","2","9","1","1","6","3","0.15","0.23","2.23","2","0.22","0.01","0.115","2","0.666666667","1","0.333333333","0.23","0.076666667","2","0.666666667","50","10.31390135","33.33333333","2.444444444","2.555555556","22.22222222","24.77777778","7.333333333","7.666666667","66.66666667","74.33333333"
"","","UGP2014NAM-OT03","","","","","","","","","UGP2014NAM-OT03-03621","","","","3","2","1","2","7","1","3","2","1","0","0.18","0","0.6","8","1","1","2","5","0.15","0.18","0.78","1","0.18","","0.18","0.5","0.333333333","0.5","0.333333333","0.09","0.06","0.3","0.2","100","23.07692308","66.66666667","2","2","6.666666667","8.666666667","3","3","10","13"
"","","UGP2014NAM-OT03","","","","","","","","","UGP2014NAM-OT03-03622","","","","3","1","1","2","7","2","4","1","0","0","0","0","1.5","","","","","","","0","1.5","0","","","","0","0","0","0","0","0","1.5","0.5","","0","33.33333333","0","0","16.66666667","16.66666667","0","0","50","50"
"","","UGP2014NAM-OT03","","","","","","","","","UGP2014NAM-OT03-03623","","","","3","0","","","","","","0","0","0","0","0","0","","","","","","","0","0","0","","","","","0","","0","","0","","0","","","0","0","0","0","0","","","",""
"","","UGP2014NAM-OT03","","","","","","","","","UGP2014NAM-OT03-03624","","","","3","2","1","2","5","4","7","2","1","1","0.08","0.01","2.7","2","1","1","3","9","0","0.09","2.79","2","0.08","0.01","0.045","1","0.666666667","0.5","0.333333333","0.045","0.03","1.35","0.9","50","3.225806452","66.66666667","0.888888889","1","30","31","1.333333333","1.5","45","46.5"
"","","UGP2014NAM-OT03","","","","","","","","","UGP2014NAM-OT03-03625","","","","3","0","","","","","","0","0","0","0","0","0","","","","","","","0","0","0","","","","","0","","0","","0","","0","","","0","0","0","0","0","","","",""
"","","UGP2014NAM-OT03","","","","","","","","","UGP2014NAM-OT03-03626","","","","3","3","1","4","8","1","3","3","10","7","1","0.1","3","9","1","1","5","3","0","1.1","4.1","17","0.1","0.014285714","0.064705882","5.666666667","5.666666667","3.333333333","3.333333333","0.366666667","0.366666667","1","1","58.82352941","26.82926829","100","11.11111111","12.22222222","33.33333333","45.55555556","11.11111111","12.22222222","33.33333333","45.55555556"
"","","UGP2014NAM-OT03","","","","","","","","","UGP2014NAM-OT03-03627","","","","3","3","1","2","8","1","3","3","2","0","1.12","0","10.7","2","1","1","1","1","0","1.12","11.82","2","0.56","","0.56","0.666666667","0.666666667","0.666666667","0.666666667","0.373333333","0.373333333","3.566666667","3.566666667","100","9.475465313","100","12.44444444","12.44444444","118.8888889","131.3333333","12.44444444","12.44444444","118.8888889","131.3333333"
"","","UGP2014NAM-OT03","","","","","","","","","UGP2014NAM-OT03-03628","","","","3","2","1","2","5","4","7","2","0","0","0","0","0.2","","","","","","","0","0.2","0","","","","0","0","0","0","0","0","0.1","0.066666667","","0","66.66666667","0","0","2.222222222","2.222222222","0","0","3.333333333","3.333333333"
"","","UGP2014NAM-OT03","","","","","","","","","UGP2014NAM-OT03-03629","","","","3","2","2","2","5","4","7","2","0","0","0","0","1.3","","","","","","","0","1.3","0","","","","0","0","0","0","0","0","0.65","0.433333333","","0","66.66666667","0","0","14.44444444","14.44444444","0","0","21.66666667","21.66666667"
"","","UGP2014NAM-OT03","","","","","","","","","UGP2014NAM-OT03-03630","","","","3","0","","","","","","0","0","0","0","0","0","","","","","","","0","0","0","","","","","0","","0","","0","","0","","","0","0","0","0","0","","","",""
"","","UGP2014NAM-OT03","","","","","","","","","UGP2014NAM-OT03-03631","","","","3","3","1","2","5","3","6","1","2","0","0.32","0","0.16","2","1","1","3","5","0.15","0.32","0.48","2","0.16","","0.16","2","0.666666667","2","0.666666667","0.32","0.106666667","0.16","0.053333333","100","66.66666667","33.33333333","3.555555556","3.555555556","1.777777778","5.333333333","10.66666667","10.66666667","5.333333333","16"
"","","UGP2014NAM-OT03","","","","","","","","","UGP2014NAM-OT03-03632","","","","3","2","1","2","6","2","4","2","0","0","0","0","2.2","","","","","","","0","2.2","0","","","","0","0","0","0","0","0","1.1","0.733333333","","0","66.66666667","0","0","24.44444444","24.44444444","0","0","36.66666667","36.66666667"
"","","UGP2014NAM-OT03","","","","","","","","","UGP2014NAM-OT03-03633","","","","3","2","2","2","5","3","6","2","3","0","0.38","0","0.1","8","1","1","2","5","0","0.38","0.48","3","0.126666667","","0.126666667","1.5","1","1.5","1","0.19","0.126666667","0.05","0.033333333","100","79.16666667","66.66666667","4.222222222","4.222222222","1.111111111","5.333333333","6.333333333","6.333333333","1.666666667","8"
"","","UGP2014NAM-OT03","","","","","","","","","UGP2014NAM-OT03-03634","","","","3","2","1","1","6","1","3","2","0","0","0","0","0.9","","","","","","","0","0.9","0","","","","0","0","0","0","0","0","0.45","0.3","","0","66.66666667","0","0","10","10","0","0","15","15"
"","","UGP2014NAM-OT03","","","","","","","","","UGP2014NAM-OT03-03635","","","","3","0","","","","","","0","0","0","0","0","0","","","","","","","0","0","0","","","","","0","","0","","0","","0","","","0","0","0","0","0","","","",""
"","","UGP2014NAM-OT03","","","","","","","","","UGP2014NAM-OT03-03636","","","","3","0","","","","","","0","0","0","0","0","0","","","","","","","0","0","0","","","","","0","","0","","0","","0","","","0","0","0","0","0","","","",""
"","","UGP2014NAM-OT03","","","","","","","","","UGP2014NAM-OT03-03637","","","","3","2","2","6","5","1","2","2","0","0","0","0","0.5","","","","","","","0","0.5","0","","","","0","0","0","0","0","0","0.25","0.166666667","","0","66.66666667","0","0","5.555555556","5.555555556","0","0","8.333333333","8.333333333"
"","","UGP2014NAM-OT03","","","","","","","","","UGP2014NAM-OT03-03638","","","","3","1","1","2","5","2","4","1","0","0","0","0","0.5","","","","","","","0","0.5","0","","","","0","0","0","0","0","0","0.5","0.166666667","","0","33.33333333","0","0","5.555555556","5.555555556","0","0","16.66666667","16.66666667"
"","","UGP2014NAM-OT03","","","","","","","","","UGP2014NAM-OT03-03639","","","","3","0","","","","","","0","0","0","0","0","0","","","","","","","0","0","0","","","","","0","","0","","0","","0","","","0","0","0","0","0","","","",""
"","","UGP2014NAM-OT03","","","","","","","","","UGP2014NAM-OT03-03640","","","","3","2","1","6","7","2","4","2","0","0","0","0","3.8","","","","","","","0","3.8","0","","","","0","0","0","0","0","0","1.9","1.266666667","","0","66.66666667","0","0","42.22222222","42.22222222","0","0","63.33333333","63.33333333"
"","","UGP2014NAM-OT03","","","","","","","","","UGP2014NAM-OT03-03641","","","","3","1","1","3","7","1","2","1","0","0","0","0","1.3","","","","","","","0","1.3","0","","","","0","0","0","0","0","0","1.3","0.433333333","","0","33.33333333","0","0","14.44444444","14.44444444","0","0","43.33333333","43.33333333"
"","","UGP2014NAM-OT03","","","","","","","","","UGP2014NAM-OT03-03642","","","","3","2","1","2","7","1","3","2","5","2","1.1","0.08","2.2","9","2","1","6","3","0","1.18","3.38","7","0.22","0.04","0.168571429","3.5","2.333333333","2.5","1.666666667","0.59","0.393333333","1.1","0.733333333","71.42857143","34.9112426","66.66666667","12.22222222","13.11111111","24.44444444","37.55555556","18.33333333","19.66666667","36.66666667","56.33333333"
"","","UGP2014NAM-OT03","","","","","","","","","UGP2014NAM-OT03-03643","","","","3","2","2","3","5","1","2","2","0","0","0","0","1.2","","","","","","","0","1.2","0","","","","0","0","0","0","0","0","0.6","0.4","","0","66.66666667","0","0","13.33333333","13.33333333","0","0","20","20"
"","","UGP2014NAM-OT03","","","","","","","","","UGP2014NAM-OT03-03644","","","","3","0","","","","","","0","0","0","0","0","0","","","","","","","0","0","0","","","","","0","","0","","0","","0","","","0","0","0","0","0","","","",""
"","","UGP2014NAM-OT03","","","","","","","","","UGP2014NAM-OT03-03645","","","","3","3","2","2","7","2","4","3","0","0","0","0","2.2","","","","","","","0","2.2","0","","","","0","0","0","0","0","0","0.733333333","0.733333333","","0","100","0","0","24.44444444","24.44444444","0","0","24.44444444","24.44444444"
"","","UGP2014NAM-OT03","","","","","","","","","UGP2014NAM-OT03-03646","","","","3","0","","","","","","0","0","0","0","0","0","","","","","","","0","0","0","","","","","0","","0","","0","","0","","","0","0","0","0","0","","","",""
"","","UGP2014NAM-OT03","","","","","","","","","UGP2014NAM-OT03-03647","","","","3","0","","","","","","0","0","0","0","0","0","","","","","","","0","0","0","","","","","0","","0","","0","","0","","","0","0","0","0","0","","","",""
"","","UGP2014NAM-OT03","","","","","","","","","UGP2014NAM-OT03-03648","","","","3","2","1","2","6","1","3","2","1","0","0.12","0","4.5","9","1","2","1","7","0","0.12","4.62","1","0.12","","0.12","0.5","0.333333333","0.5","0.333333333","0.06","0.04","2.25","1.5","100","2.597402597","66.66666667","1.333333333","1.333333333","50","51.33333333","2","2","75","77"
"","","UGP2014NAM-OT03","","","","","","","","","UGP2014NAM-OT03-03649","","","","3","1","1","2","5","1","2","1","1","0","0.18","0","0.12","6","1","1","1","5","11.03","0.18","0.3","1","0.18","","0.18","1","0.333333333","1","0.333333333","0.18","0.06","0.12","0.04","100","60","33.33333333","2","2","1.333333333","3.333333333","6","6","4","10"
"","","UGP2014NAM-OT03","","","","","","","","","UGP2014NAM-OT03-03650","","","","3","2","1","2","5","1","2","2","1","1","0.06","0.04","1.5","6","1","1","2","5","7.23","0.1","1.6","2","0.06","0.04","0.05","1","0.666666667","0.5","0.333333333","0.05","0.033333333","0.75","0.5","50","6.25","66.66666667","0.666666667","1.111111111","16.66666667","17.77777778","1","1.666666667","25","26.66666667"
"","","UGP2014NAM-OT03","","","","","","","","","UGP2014NAM-OT03-03651","","","","3","1","1","2","6","1","2","1","0","0","0","0","1.2","","","","","","","0","1.2","0","","","","0","0","0","0","0","0","1.2","0.4","","0","33.33333333","0","0","13.33333333","13.33333333","0","0","40","40"
"","","UGP2014NAM-OT03","","","","","","","","","UGP2014NAM-OT03-03652","","","","3","1","3","4","7","1","2","1","4","1","0.86","0.03","1","9","2","1","4","1","7.76","0.89","1.89","5","0.215","0.03","0.178","5","1.666666667","4","1.333333333","0.89","0.296666667","1","0.333333333","80","47.08994709","33.33333333","9.555555556","9.888888889","11.11111111","21","28.66666667","29.66666667","33.33333333","63"
"","","UGP2014NAM-OT03","","","","","","","","","UGP2014NAM-OT03-03653","","","","3","2","2","2","6","2","3","2","0","0","0","0","1","","","","","","","0","1","0","","","","0","0","0","0","0","0","0.5","0.333333333","","0","66.66666667","0","0","11.11111111","11.11111111","0","0","16.66666667","16.66666667"
"","","UGP2014NAM-OT03","","","","","","","","","UGP2014NAM-OT03-03654","","","","3","0","","","","","","0","0","0","0","0","0","","","","","","","0","0","0","","","","","0","","0","","0","","0","","","0","0","0","0","0","","","",""
"","","UGP2014NAM-OT03","","","","","","","","","UGP2014NAM-OT03-03655","","","","3","3","2","3","8","3","5","0","0","0","0","0","0","","","","","","","0","0","0","","","","","0","","0","","0","","0","","","0","0","0","0","0","","","",""
"","","UGP2014NAM-OT03","","","","","","","","","UGP2014NAM-OT03-03656","","","","3","0","","","","","","0","0","0","0","0","0","","","","","","","0","0","0","","","","","0","","0","","0","","0","","","0","0","0","0","0","","","",""
"","","UGP2014NAM-OT03","","","","","","","","","UGP2014NAM-OT03-03657","","","","3","0","","","","","","0","0","0","0","0","0","","","","","","","0","0","0","","","","","0","","0","","0","","0","","","0","0","0","0","0","","","",""
"","","UGP2014NAM-OT03","","","","","","","","","UGP2014NAM-OT03-03658","","","","3","1","1","3","5","1","2","1","0","0","0","0","1","","","","","","","0","1","0","","","","0","0","0","0","0","0","1","0.333333333","","0","33.33333333","0","0","11.11111111","11.11111111","0","0","33.33333333","33.33333333"
"","","UGP2014NAM-OT03","","","","","","","","","UGP2014NAM-OT03-03659","","","","3","3","1","2","5","1","2","1","0","0","0","0","1.5","","","","","","","0","1.5","0","","","","0","0","0","0","0","0","1.5","0.5","","0","33.33333333","0","0","16.66666667","16.66666667","0","0","50","50"
"","","UGP2014NAM-OT03","","","","","","","","","UGP2014NAM-OT03-03660","","","","3","1","3","6","8","1","2","1","6","3","0.88","0.08","5","9","1","1","5","3","0.02","0.96","5.96","9","0.146666667","0.026666667","0.106666667","9","3","6","2","0.96","0.32","5","1.666666667","66.66666667","16.10738255","33.33333333","9.777777778","10.66666667","55.55555556","66.22222222","29.33333333","32","166.6666667","198.6666667"
"","","UGP2014NAM-OT03","","","","","","","","","UGP2014NAM-OT03-03661","","","","3","2","3","6","8","1","3","2","0","3","0","0.1","4.5","8","1","1","9","9","0","0.1","4.6","3","","0.033333333","0.033333333","1.5","1","0","0","0.05","0.033333333","2.25","1.5","0","2.173913043","66.66666667","0","1.111111111","50","51.11111111","0","1.666666667","75","76.66666667"
"","","UGP2014NAM-OT03","","","","","","","","","UGP2014NAM-OT03-03662","","","","3","2","3","3","9","1","2","2","8","1","2.6","0.03","5","9","2","3","6","3","0","2.63","7.63","9","0.325","0.03","0.292222222","4.5","3","4","2.666666667","1.315","0.876666667","2.5","1.666666667","88.88888889","34.46920052","66.66666667","28.88888889","29.22222222","55.55555556","84.77777778","43.33333333","43.83333333","83.33333333","127.1666667"
"","","UGP2014NAM-OT03","","","","","","","","","UGP2014NAM-OT03-03663","","","","3","2","3","3","8","1","3","2","0","0","0","0","5.2","","","","","","","0","5.2","0","","","","0","0","0","0","0","0","2.6","1.733333333","","0","66.66666667","0","0","57.77777778","57.77777778","0","0","86.66666667","86.66666667"
"","","UGP2014NAM-OT03","","","","","","","","","UGP2014NAM-OT03-03664","","","","3","0","","","","","","0","0","0","0","0","0","","","","","","","0","0","0","","","","","0","","0","","0","","0","","","0","0","0","0","0","","","",""
"","","UGP2014NAM-OT03","","","","","","","","","UGP2014NAM-OT03-03665","","","","3","2","1","6","7","2","4","2","2","0","0.24","0","3.4","2","1","1","4","5","0","0.24","3.64","2","0.12","","0.12","1","0.666666667","1","0.666666667","0.12","0.08","1.7","1.133333333","100","6.593406593","66.66666667","2.666666667","2.666666667","37.77777778","40.44444444","4","4","56.66666667","60.66666667"
"","","UGP2014NAM-OT03","","","","","","","","","UGP2014NAM-OT03-03666","","","","3","1","1","2","6","1","2","1","0","0","0","0","1.5","","","","","","","0","1.5","0","","","","0","0","0","0","0","0","1.5","0.5","","0","33.33333333","0","0","16.66666667","16.66666667","0","0","50","50"
"","","UGP2014NAM-OT03","","","","","","","","","UGP2014NAM-OT03-03667","","","","3","2","1","2","7","1","3","2","0","0","0","0","1.3","","","","","","","0","1.3","0","","","","0","0","0","0","0","0","0.65","0.433333333","","0","66.66666667","0","0","14.44444444","14.44444444","0","0","21.66666667","21.66666667"
"","","UGP2014NAM-OT03","","","","","","","","","UGP2014NAM-OT03-03668","","","","3","1","2","2","8","1","2","1","0","0","0","0","6","","","","","","","0","6","0","","","","0","0","0","0","0","0","6","2","","0","33.33333333","0","0","66.66666667","66.66666667","0","0","200","200"
"","","UGP2014NAM-OT03","","","","","","","","","UGP2014NAM-OT03-03669","","","","3","0","","","","","","0","0","0","0","0","0","","","","","","","0","0","0","","","","","0","","0","","0","","0","","","0","0","0","0","0","","","",""
"","","UGP2014NAM-OT03","","","","","","","","","UGP2014NAM-OT03-03670","","","","3","1","1","2","7","3","6","1","0","0","0","0","1","","","","","","","0","1","0","","","","0","0","0","0","0","0","1","0.333333333","","0","33.33333333","0","0","11.11111111","11.11111111","0","0","33.33333333","33.33333333"
"","","UGP2014NAM-OT03","","","","","","","","","UGP2014NAM-OT03-03671","","","","3","2","1","2","7","2","4","2","1","0","0.14","0","1.5","2","1","1","5","5","0","0.14","1.64","1","0.14","","0.14","0.5","0.333333333","0.5","0.333333333","0.07","0.046666667","0.75","0.5","100","8.536585366","66.66666667","1.555555556","1.555555556","16.66666667","18.22222222","2.333333333","2.333333333","25","27.33333333"
"","","UGP2014NAM-OT03","","","","","","","","","UGP2014NAM-OT03-03672","","","","3","3","1","2","8","1","3","3","5","0","0.88","0","5.5","2","1","1","2","3","0.15","0.88","6.38","5","0.176","","0.176","1.666666667","1.666666667","1.666666667","1.666666667","0.293333333","0.293333333","1.833333333","1.833333333","100","13.79310345","100","9.777777778","9.777777778","61.11111111","70.88888889","9.777777778","9.777777778","61.11111111","70.88888889"
"","","UGP2014NAM-OT03","","","","","","","","","UGP2014NAM-OT03-03673","","","","3","2","1","2","8","1","2","2","6","0","0.12","0","2.6","9","1","1","9","9","1.5","0.12","2.72","6","0.02","","0.02","3","2","3","2","0.06","0.04","1.3","0.866666667","100","4.411764706","66.66666667","1.333333333","1.333333333","28.88888889","30.22222222","2","2","43.33333333","45.33333333"
"","","UGP2014NAM-OT03","","","","","","","","","UGP2014NAM-OT03-03674","","","","3","2","1","2","8","1","2","2","0","0","0","0","3","","","","","","","0","3","0","","","","0","0","0","0","0","0","1.5","1","","0","66.66666667","0","0","33.33333333","33.33333333","0","0","50","50"
"","","UGP2014NAM-OT03","","","","","","","","","UGP2014NAM-OT03-03675","","","","3","0","","","","","","0","0","0","0","0","0","","","","","","","0","0","0","","","","","0","","0","","0","","0","","","0","0","0","0","0","","","",""
"","","UGP2014NAM-OT03","","","","","","","","","UGP2014NAM-OT03-03677","","","","3","0","","","","","","0","0","0","0","0","0","","","","","","","0","0","0","","","","","0","","0","","0","","0","","","0","0","0","0","0","","","",""
"","","UGP2014NAM-OT03","","","","","","","","","UGP2014NAM-OT03-03678","","","","3","2","1","2","8","1","3","2","2","0","0.14","0","2.1","2","1","1","7","7","0","0.14","2.24","2","0.07","","0.07","1","0.666666667","1","0.666666667","0.07","0.046666667","1.05","0.7","100","6.25","66.66666667","1.555555556","1.555555556","23.33333333","24.88888889","2.333333333","2.333333333","35","37.33333333"
"","","UGP2014NAM-OT03","","","","","","","","","UGP2014NAM-OT03-03679","","","","3","1","3","6","8","1","3","1","2","1","0.08","0.04","1.7","9","1","1","8","9","0","0.12","1.82","3","0.04","0.04","0.04","3","1","2","0.666666667","0.12","0.04","1.7","0.566666667","66.66666667","6.593406593","33.33333333","0.888888889","1.333333333","18.88888889","20.22222222","2.666666667","4","56.66666667","60.66666667"
"","","UGP2014NAM-OT03","","","","","","","","","UGP2014NAM-OT03-03680","","","","3","2","4","6","8","1","2","2","0","0","0","0","3","","","","","","","0","3","0","","","","0","0","0","0","0","0","1.5","1","","0","66.66666667","0","0","33.33333333","33.33333333","0","0","50","50"
"","","UGP2014NAM-OT03","","","","","","","","","UGP2014NAM-OT03-03681","","","","3","1","2","3","6","1","2","1","0","0","0","0","1.6","","","","","","","0","1.6","0","","","","0","0","0","0","0","0","1.6","0.533333333","","0","33.33333333","0","0","17.77777778","17.77777778","0","0","53.33333333","53.33333333"
"","","UGP2014NAM-OT03","","","","","","","","","UGP2014NAM-OT03-03682","","","","3","2","1","2","5","2","4","2","0","0","0","0","1.5","","","","","","","0","1.5","0","","","","0","0","0","0","0","0","0.75","0.5","","0","66.66666667","0","0","16.66666667","16.66666667","0","0","25","25"
"","","UGP2014NAM-OT03","","","","","","","","","UGP2014NAM-OT03-03683","","","","3","2","1","2","8","1","2","2","0","0","0","0","1.7","","","","","","","0","1.7","0","","","","0","0","0","0","0","0","0.85","0.566666667","","0","66.66666667","0","0","18.88888889","18.88888889","0","0","28.33333333","28.33333333"
"","","UGP2014NAM-OT03","","","","","","","","","UGP2014NAM-OT03-03684","","","","3","1","1","2","6","2","4","1","2","1","0.14","0.04","1.1","2","1","1","2","7","0","0.18","1.28","3","0.07","0.04","0.06","3","1","2","0.666666667","0.18","0.06","1.1","0.366666667","66.66666667","14.0625","33.33333333","1.555555556","2","12.22222222","14.22222222","4.666666667","6","36.66666667","42.66666667"
"","","UGP2014NAM-OT03","","","","","","","","","UGP2014NAM-OT03-03685","","","","3","0","","","","","","0","0","0","0","0","0","","","","","","","0","0","0","","","","","0","","0","","0","","0","","","0","0","0","0","0","","","",""
"","","UGP2014NAM-OT03","","","","","","","","","UGP2014NAM-OT03-03686","","","","3","1","1","2","8","1","2","1","0","0","0","0","2.5","","","","","","","0","2.5","0","","","","0","0","0","0","0","0","2.5","0.833333333","","0","33.33333333","0","0","27.77777778","27.77777778","0","0","83.33333333","83.33333333"
"","","UGP2014NAM-OT03","","","","","","","","","UGP2014NAM-OT03-03687","","","","3","2","1","2","6","3","6","2","2","0","0.7","0","1.2","9","1","1","5","1","0","0.7","1.9","2","0.35","","0.35","1","0.666666667","1","0.666666667","0.35","0.233333333","0.6","0.4","100","36.84210526","66.66666667","7.777777778","7.777777778","13.33333333","21.11111111","11.66666667","11.66666667","20","31.66666667"
"","","UGP2014NAM-OT03","","","","","","","","","UGP2014NAM-OT03-03688","","","","3","3","1","2","5","1","2","1","1","1","0.16","0.03","0.18","9","1","1","2","7","7.76","0.19","0.37","2","0.16","0.03","0.095","2","0.666666667","1","0.333333333","0.19","0.063333333","0.18","0.06","50","51.35135135","33.33333333","1.777777778","2.111111111","2","4.111111111","5.333333333","6.333333333","6","12.33333333"
"","","UGP2014NAM-OT03","","","","","","","","","UGP2014NAM-OT03-03689","","","","3","0","","","","","","0","0","0","0","0","0","","","","","","","0","0","0","","","","","0","","0","","0","","0","","","0","0","0","0","0","","","",""
"","","UGP2014NAM-OT03","","","","","","","","","UGP2014NAM-OT03-03691","","","","3","0","","","","","","0","0","0","0","0","0","","","","","","","0","0","0","","","","","0","","0","","0","","0","","","0","0","0","0","0","","","",""
"","","UGP2014NAM-OT03","","","","","","","","","UGP2014NAM-OT03-03692","","","","3","2","1","2","6","1","2","1","2","0","0.2","0","0.2","2","1","1","3","3","0","0.2","0.4","2","0.1","","0.1","2","0.666666667","2","0.666666667","0.2","0.066666667","0.2","0.066666667","100","50","33.33333333","2.222222222","2.222222222","2.222222222","4.444444444","6.666666667","6.666666667","6.666666667","13.33333333"
"","","UGP2014NAM-OT03","","","","","","","","","UGP2014NAM-OT03-03693","","","","3","2","1","2","8","1","2","2","0","0","0","0","3.5","","","","","","","0","3.5","0","","","","0","0","0","0","0","0","1.75","1.166666667","","0","66.66666667","0","0","38.88888889","38.88888889","0","0","58.33333333","58.33333333"
"","","UGP2014NAM-OT03","","","","","","","","","UGP2014NAM-OT03-03694","","","","3","3","1","2","6","2","4","3","0","0","0","0","1","","","","","","","0","1","0","","","","0","0","0","0","0","0","0.333333333","0.333333333","","0","100","0","0","11.11111111","11.11111111","0","0","11.11111111","11.11111111"
"","","UGP2014NAM-OT03","","","","","","","","","UGP2014NAM-OT03-03695","","","","3","3","1","2","7","2","2","3","4","4","1.12","0.1","3","8","1","1","8","3","0","1.22","4.22","8","0.28","0.025","0.1525","2.666666667","2.666666667","1.333333333","1.333333333","0.406666667","0.406666667","1","1","50","28.90995261","100","12.44444444","13.55555556","33.33333333","46.88888889","12.44444444","13.55555556","33.33333333","46.88888889"
"","","UGP2014NAM-OT03","","","","","","","","","UGP2014NAM-OT03-03696","","","","3","2","2","3","8","1","3","2","3","0","0.18","0","9","9","1","1","3","7","1.5","0.18","9.18","3","0.06","","0.06","1.5","1","1.5","1","0.09","0.06","4.5","3","100","1.960784314","66.66666667","2","2","100","102","3","3","150","153"
"","","UGP2014NAM-OT03","","","","","","","","","UGP2014NAM-OT03-03697","","","","3","2","1","2","7","1","2","2","0","0","0","0","1.5","","","","","","","0","1.5","0","","","","0","0","0","0","0","0","0.75","0.5","","0","66.66666667","0","0","16.66666667","16.66666667","0","0","25","25"
"","","UGP2014NAM-OT03","","","","","","","","","UGP2014NAM-OT03-03698","","","","3","0","","","","","","0","0","0","0","0","0","","","","","","","0","0","0","","","","","0","","0","","0","","0","","","0","0","0","0","0","","","",""
"","","UGP2014NAM-OT03","","","","","","","","","UGP2014NAM-OT03-03699","","","","3","1","2","4","5","1","2","1","2","0","0.3","0","0.3","2","1","1","2","5","4.41","0.3","0.6","2","0.15","","0.15","2","0.666666667","2","0.666666667","0.3","0.1","0.3","0.1","100","50","33.33333333","3.333333333","3.333333333","3.333333333","6.666666667","10","10","10","20"
"","","UGP2014NAM-OT03","","","","","","","","","UGP2014NAM-OT03-03700","","","","3","0","","","","","","0","0","0","0","0","0","","","","","","","0","0","0","","","","","0","","0","","0","","0","","","0","0","0","0","0","","","",""
"","","UGP2014NAM-OT03","","","","","","","","","UGP2014NAM-OT03-03701","","","","3","1","2","3","7","1","2","1","0","0","0","0","2","","","","","","","0","2","0","","","","0","0","0","0","0","0","2","0.666666667","","0","33.33333333","0","0","22.22222222","22.22222222","0","0","66.66666667","66.66666667"
"","","UGP2014NAM-OT03","","","","","","","","","UGP2014NAM-OT03-03702","","","","3","2","1","6","6","1","3","2","1","0","0.8","0","2.5","2","1","1","7","1","0.02","0.8","3.3","1","0.8","","0.8","0.5","0.333333333","0.5","0.333333333","0.4","0.266666667","1.25","0.833333333","100","24.24242424","66.66666667","8.888888889","8.888888889","27.77777778","36.66666667","13.33333333","13.33333333","41.66666667","55"
"","","UGP2014NAM-OT03","","","","","","","","","UGP2014NAM-OT03-03703","","","","3","0","","","","","","0","0","0","0","0","0","","","","","","","0","0","0","","","","","0","","0","","0","","0","","","0","0","0","0","0","","","",""
"","","UGP2014NAM-OT03","","","","","","","","","UGP2014NAM-OT03-03704","","","","3","1","1","4","8","1","3","1","3","2","0.2","0.06","2","2","1","1","3","7","0.15","0.26","2.26","5","0.066666667","0.03","0.052","5","1.666666667","3","1","0.26","0.086666667","2","0.666666667","60","11.50442478","33.33333333","2.222222222","2.888888889","22.22222222","25.11111111","6.666666667","8.666666667","66.66666667","75.33333333"
"","","UGP2014NAM-OT03","","","","","","","","","UGP2014NAM-OT03-03705","","","","3","2","2","2","5","1","3","2","11","2","0.64","0.04","1","9","1","1","2","5","0","0.68","1.68","13","0.058181818","0.02","0.052307692","6.5","4.333333333","5.5","3.666666667","0.34","0.226666667","0.5","0.333333333","84.61538462","40.47619048","66.66666667","7.111111111","7.555555556","11.11111111","18.66666667","10.66666667","11.33333333","16.66666667","28"
"","","UGP2014NAM-OT03","","","","","","","","","UGP2014NAM-OT03-03706","","","","3","0","","","","","","0","0","0","0","0","0","","","","","","","0","0","0","","","","","0","","0","","0","","0","","","0","0","0","0","0","","","",""
"","","UGP2014NAM-OT03","","","","","","","","","UGP2014NAM-OT03-03707","","","","3","0","","","","","","0","0","0","0","0","0","","","","","","","0","0","0","","","","","0","","0","","0","","0","","","0","0","0","0","0","","","",""
"","","UGP2014NAM-OT03","","","","","","","","","UGP2014NAM-OT03-03708","","","","3","0","","","","","","0","0","0","0","0","0","","","","","","","0","0","0","","","","","0","","0","","0","","0","","","0","0","0","0","0","","","",""
"","","UGP2014NAM-OT03","","","","","","","","","UGP2014NAM-OT03-03709","","","","3","0","","","","","","0","0","0","0","0","0","","","","","","","0","0","0","","","","","0","","0","","0","","0","","","0","0","0","0","0","","","",""
"","","UGP2014NAM-OT03","","","","","","","","","UGP2014NAM-OT03-03710","","","","3","0","","","","","","0","0","0","0","0","0","","","","","","","0","0","0","","","","","0","","0","","0","","0","","","0","0","0","0","0","","","",""
"","","UGP2014NAM-OT03","","","","","","","","","UGP2014NAM-OT03-03711","","","","3","2","1","3","8","1","3","2","11","6","0.7","0.12","1.3","2","2","2","2","5","0.12","0.82","2.12","17","0.063636364","0.02","0.048235294","8.5","5.666666667","5.5","3.666666667","0.41","0.273333333","0.65","0.433333333","64.70588235","38.67924528","66.66666667","7.777777778","9.111111111","14.44444444","23.55555556","11.66666667","13.66666667","21.66666667","35.33333333"
"","","UGP2014NAM-OT03","","","","","","","","","UGP2014NAM-OT03-03712","","","","3","0","","","","","","0","0","0","0","0","0","","","","","","","0","0","0","","","","","0","","0","","0","","0","","","0","0","0","0","0","","","",""
"","","UGP2014NAM-OT03","","","","","","","","","UGP2014NAM-OT03-03713","","","","3","0","","","","","","0","0","0","0","0","0","","","","","","","0","0","0","","","","","0","","0","","0","","0","","","0","0","0","0","0","","","",""
"","","UGP2014NAM-OT03","","","","","","","","","UGP2014NAM-OT03-03714","","","","3","2","2","2","8","1","2","0","0","0","0","0","0","","","","","","","0","0","0","","","","","0","","0","","0","","0","","","0","0","0","0","0","","","",""
"","","UGP2014NAM-OT03","","","","","","","","","UGP2014NAM-OT03-03715","","","","3","0","","","","","","0","0","0","0","0","0","","","","","","","0","0","0","","","","","0","","0","","0","","0","","","0","0","0","0","0","","","",""
"","","UGP2014NAM-OT03","","","","","","","","","UGP2014NAM-OT03-03716","","","","3","2","2","6","8","1","2","2","2","3","0.1","0.1","3","2","1","1","3","9","0","0.2","3.2","5","0.05","0.033333333","0.04","2.5","1.666666667","1","0.666666667","0.1","0.066666667","1.5","1","40","6.25","66.66666667","1.111111111","2.222222222","33.33333333","35.55555556","1.666666667","3.333333333","50","53.33333333"
"","","UGP2014NAM-OT03","","","","","","","","","UGP2014NAM-OT03-03717","","","","3","2","2","2","6","3","5","2","0","0","0","0","0.5","","","","","","","0","0.5","0","","","","0","0","0","0","0","0","0.25","0.166666667","","0","66.66666667","0","0","5.555555556","5.555555556","0","0","8.333333333","8.333333333"
"","","UGP2014NAM-OT03","","","","","","","","","UGP2014NAM-OT03-03718","","","","3","1","3","4","9","1","2","1","3","0","0.12","0","3.5","2","1","1","9","9","0","0.12","3.62","3","0.04","","0.04","3","1","3","1","0.12","0.04","3.5","1.166666667","100","3.314917127","33.33333333","1.333333333","1.333333333","38.88888889","40.22222222","4","4","116.6666667","120.6666667"
"","","UGP2014NAM-OT03","","","","","","","","","UGP2014NAM-OT03-03719","","","","3","1","1","2","6","4","7","1","0","0","0","0","1.4","","","","","","","0","1.4","0","","","","0","0","0","0","0","0","1.4","0.466666667","","0","33.33333333","0","0","15.55555556","15.55555556","0","0","46.66666667","46.66666667"
"","","UGP2014NAM-OT03","","","","","","","","","UGP2014NAM-OT03-03720","","","","3","1","2","3","7","2","3","1","1","0","0.2","0","2.2","2","1","1","7","2","0","0.2","2.4","1","0.2","","0.2","1","0.333333333","1","0.333333333","0.2","0.066666667","2.2","0.733333333","100","8.333333333","33.33333333","2.222222222","2.222222222","24.44444444","26.66666667","6.666666667","6.666666667","73.33333333","80"
"","","UGP2014NAM-OT03","","","","","","","","","UGP2014NAM-OT03-03721","","","","3","1","2","2","8","1","2","1","1","2","0.3","0.06","2","9","1","1","1","3","0","0.36","2.36","3","0.3","0.03","0.12","3","1","1","0.333333333","0.36","0.12","2","0.666666667","33.33333333","15.25423729","33.33333333","3.333333333","4","22.22222222","26.22222222","10","12","66.66666667","78.66666667"
"","","UGP2014NAM-OT03","","","","","","","","","UGP2014NAM-OT03-03722","","","","3","2","1","2","8","1","2","2","7","2","1.4","0.08","2.5","2","1","1","5","1","0","1.48","3.98","9","0.2","0.04","0.164444444","4.5","3","3.5","2.333333333","0.74","0.493333333","1.25","0.833333333","77.77777778","37.18592965","66.66666667","15.55555556","16.44444444","27.77777778","44.22222222","23.33333333","24.66666667","41.66666667","66.33333333"
"","","UGP2014NAM-OT03","","","","","","","","","UGP2014NAM-OT03-03723","","","","3","0","","","","","","0","0","0","0","0","0","","","","","","","0","0","0","","","","","0","","0","","0","","0","","","0","0","0","0","0","","","",""
"","","UGP2014NAM-OT03","","","","","","","","","UGP2014NAM-OT03-03724","","","","3","1","1","2","6","1","2","1","0","0","0","0","0.08","","","","","","","0","0.08","0","","","","0","0","0","0","0","0","0.08","0.026666667","","0","33.33333333","0","0","0.888888889","0.888888889","0","0","2.666666667","2.666666667"
"","","UGP2014NAM-OT03","","","","","","","","","UGP2014NAM-OT03-03725","","","","3","3","1","2","5","4","7","1","1","0","0.06","0","0.2","6","3","1","3","7","1.38","0.06","0.26","1","0.06","","0.06","1","0.333333333","1","0.333333333","0.06","0.02","0.2","0.066666667","100","23.07692308","33.33333333","0.666666667","0.666666667","2.222222222","2.888888889","2","2","6.666666667","8.666666667"
"","","UGP2014NAM-OT03","","","","","","","","","UGP2014NAM-OT03-03726","","","","3","2","1","2","5","1","2","1","2","0","0.2","0","5","6","1","1","3","7","0.15","0.2","5.2","2","0.1","","0.1","2","0.666666667","2","0.666666667","0.2","0.066666667","5","1.666666667","100","3.846153846","33.33333333","2.222222222","2.222222222","55.55555556","57.77777778","6.666666667","6.666666667","166.6666667","173.3333333"
"","","UGP2014NAM-OT03","","","","","","","","","UGP2014NAM-OT03-03727","","","","3","1","3","6","5","1","2","1","2","0","0.24","0","0.16","8","3","2","3","5","0","0.24","0.4","2","0.12","","0.12","2","0.666666667","2","0.666666667","0.24","0.08","0.16","0.053333333","100","60","33.33333333","2.666666667","2.666666667","1.777777778","4.444444444","8","8","5.333333333","13.33333333"
"","","UGP2014NAM-OT03","","","","","","","","","UGP2014NAM-OT03-03728","","","","3","2","1","2","5","4","7","1","0","0","0","0","0.4","","","","","","","0","0.4","0","","","","0","0","0","0","0","0","0.4","0.133333333","","0","33.33333333","0","0","4.444444444","4.444444444","0","0","13.33333333","13.33333333"
"","","UGP2014NAM-OT03","","","","","","","","","UGP2014NAM-OT03-03729","","","","3","2","2","3","5","3","6","2","0","0","0","0","1.1","","","","","","","0","1.1","0","","","","0","0","0","0","0","0","0.55","0.366666667","","0","66.66666667","0","0","12.22222222","12.22222222","0","0","18.33333333","18.33333333"
"","","UGP2014NAM-OT03","","","","","","","","","UGP2014NAM-OT03-03730","","","","3","3","2","3","5","3","6","3","7","0","0.7","0","1.5","6","1","1","2","3","0","0.7","2.2","7","0.1","","0.1","2.333333333","2.333333333","2.333333333","2.333333333","0.233333333","0.233333333","0.5","0.5","100","31.81818182","100","7.777777778","7.777777778","16.66666667","24.44444444","7.777777778","7.777777778","16.66666667","24.44444444"
"","","UGP2014NAM-OT03","","","","","","","","","UGP2014NAM-OT03-03731","","","","3","3","1","2","6","4","7","3","0","0","0","0","2.5","","","","","","","0","2.5","0","","","","0","0","0","0","0","0","0.833333333","0.833333333","","0","100","0","0","27.77777778","27.77777778","0","0","27.77777778","27.77777778"
"","","UGP2014NAM-OT03","","","","","","","","","UGP2014NAM-OT03-03732","","","","3","1","1","3","5","1","3","1","0","0","0","0","23","","","","","","","0","23","0","","","","0","0","0","0","0","0","23","7.666666667","","0","33.33333333","0","0","255.5555556","255.5555556","0","0","766.6666667","766.6666667"
"","","UGP2014NAM-OT03","","","","","","","","","UGP2014NAM-OT03-03733","","","","3","2","2","2","6","2","4","2","0","0","0","0","0.28","","","","","","","0","0.28","0","","","","0","0","0","0","0","0","0.14","0.093333333","","0","66.66666667","0","0","3.111111111","3.111111111","0","0","4.666666667","4.666666667"
"","","UGP2014NAM-OT03","","","","","","","","","UGP2014NAM-OT03-03734","","","","3","2","1","3","8","2","4","2","0","0","0","0","1.5","","","","","","","0","1.5","0","","","","0","0","0","0","0","0","0.75","0.5","","0","66.66666667","0","0","16.66666667","16.66666667","0","0","25","25"
"","","UGP2014NAM-OT03","","","","","","","","","UGP2014NAM-OT03-03735","","","","3","1","1","2","5","1","2","1","1","0","0.08","0","0.24","2","1","1","7","7","0","0.08","0.32","1","0.08","","0.08","1","0.333333333","1","0.333333333","0.08","0.026666667","0.24","0.08","100","25","33.33333333","0.888888889","0.888888889","2.666666667","3.555555556","2.666666667","2.666666667","8","10.66666667"
"","","UGP2014NAM-OT03","","","","","","","","","UGP2014NAM-OT03-03736","","","","3","2","1","2","7","2","4","2","0","0","0","0","4.5","","","","","","","0","4.5","0","","","","0","0","0","0","0","0","2.25","1.5","","0","66.66666667","0","0","50","50","0","0","75","75"
"","","UGP2014NAM-OT03","","","","","","","","","UGP2014NAM-OT03-03737","","","","3","2","1","2","7","1","3","2","0","0","0","0","1.2","","","","","","","0","1.2","0","","","","0","0","0","0","0","0","0.6","0.4","","0","66.66666667","0","0","13.33333333","13.33333333","0","0","20","20"
"","","UGP2014NAM-OT03","","","","","","","","","UGP2014NAM-OT03-03738","","","","3","2","1","2","7","1","3","2","8","1","1.28","0.02","1.6","6","1","1","5","3","0.15","1.3","2.9","9","0.16","0.02","0.144444444","4.5","3","4","2.666666667","0.65","0.433333333","0.8","0.533333333","88.88888889","44.82758621","66.66666667","14.22222222","14.44444444","17.77777778","32.22222222","21.33333333","21.66666667","26.66666667","48.33333333"
"","","UGP2014NAM-OT03","","","","","","","","","UGP2014NAM-OT03-03739","","","","3","1","3","6","9","1","2","1","2","2","0.28","0.06","1.5","9","1","1","5","5","0","0.34","1.84","4","0.14","0.03","0.085","4","1.333333333","2","0.666666667","0.34","0.113333333","1.5","0.5","50","18.47826087","33.33333333","3.111111111","3.777777778","16.66666667","20.44444444","9.333333333","11.33333333","50","61.33333333"
"","","UGP2014NAM-OT03","","","","","","","","","UGP2014NAM-OT03-03740","","","","3","1","2","2","6","2","4","1","2","0","0.24","0","2.5","2","2","1","5","7","0","0.24","2.74","2","0.12","","0.12","2","0.666666667","2","0.666666667","0.24","0.08","2.5","0.833333333","100","8.759124088","33.33333333","2.666666667","2.666666667","27.77777778","30.44444444","8","8","83.33333333","91.33333333"
"","","UGP2014NAM-OT03","","","","","","","","","UGP2014NAM-OT03-03741","","","","3","0","","","","","","0","0","0","0","0","0","","","","","","","0","0","0","","","","","0","","0","","0","","0","","","0","0","0","0","0","","","",""
"","","UGP2014NAM-OT03","","","","","","","","","UGP2014NAM-OT03-03742","","","","3","1","3","4","7","3","5","1","3","1","0.78","0.04","1.5","2","1","1","5","1","0.15","0.82","2.32","4","0.26","0.04","0.205","4","1.333333333","3","1","0.82","0.273333333","1.5","0.5","75","35.34482759","33.33333333","8.666666667","9.111111111","16.66666667","25.77777778","26","27.33333333","50","77.33333333"
"","","UGP2014NAM-OT03","","","","","","","","","UGP2014NAM-OT03-03743","","","","3","2","1","2","6","1","3","2","0","0","0","0","4","","","","","","","0","4","0","","","","0","0","0","0","0","0","2","1.333333333","","0","66.66666667","0","0","44.44444444","44.44444444","0","0","66.66666667","66.66666667"
"","","UGP2014NAM-OT03","","","","","","","","","UGP2014NAM-OT03-03744","","","","3","1","1","2","6","1","2","1","0","0","0","0","0.5","","","","","","","0","0.5","0","","","","0","0","0","0","0","0","0.5","0.166666667","","0","33.33333333","0","0","5.555555556","5.555555556","0","0","16.66666667","16.66666667"
"","","UGP2014NAM-OT03","","","","","","","","","UGP2014NAM-OT03-03745","","","","3","1","1","2","7","1","2","1","0","0","0","0","1","","","","","","","0","1","0","","","","0","0","0","0","0","0","1","0.333333333","","0","33.33333333","0","0","11.11111111","11.11111111","0","0","33.33333333","33.33333333"
"","","UGP2014NAM-OT03","","","","","","","","","UGP2014NAM-OT03-03746","","","","3","3","1","3","9","1","2","3","0","0","0","0","8","","","","","","","0","8","0","","","","0","0","0","0","0","0","2.666666667","2.666666667","","0","100","0","0","88.88888889","88.88888889","0","0","88.88888889","88.88888889"
"","","UGP2014NAM-OT03","","","","","","","","","UGP2014NAM-OT03-03747","","","","3","2","3","6","7","2","4","2","6","10","0.44","0.14","2.5","2","1","1","3","5","0.02","0.58","3.08","16","0.073333333","0.014","0.03625","8","5.333333333","3","2","0.29","0.193333333","1.25","0.833333333","37.5","18.83116883","66.66666667","4.888888889","6.444444444","27.77777778","34.22222222","7.333333333","9.666666667","41.66666667","51.33333333"
"","","UGP2014NAM-OT03","","","","","","","","","UGP2014NAM-OT03-03748","","","","3","2","1","2","8","3","5","2","6","6","1.04","0.12","6.5","8","1","1","6","3","0","1.16","7.66","12","0.173333333","0.02","0.096666667","6","4","3","2","0.58","0.386666667","3.25","2.166666667","50","15.14360313","66.66666667","11.55555556","12.88888889","72.22222222","85.11111111","17.33333333","19.33333333","108.3333333","127.6666667"
"","","UGP2014NAM-OT03","","","","","","","","","UGP2014NAM-OT03-03749","","","","3","2","1","2","8","2","4","2","0","0","0","0","7","","","","","","","0","7","0","","","","0","0","0","0","0","0","3.5","2.333333333","","0","66.66666667","0","0","77.77777778","77.77777778","0","0","116.6666667","116.6666667"
"","","UGP2014NAM-OT03","","","","","","","","","UGP2014NAM-OT03-03750","","","","3","3","1","2","9","1","2","3","0","0","0","0","3","","","","","","","0","3","0","","","","0","0","0","0","0","0","1","1","","0","100","0","0","33.33333333","33.33333333","0","0","33.33333333","33.33333333"
"","","UGP2014NAM-OT03","","","","","","","","","UGP2014NAM-OT03-03751","","","","3","2","1","2","9","1","3","2","2","0","0.34","0","3.2","2","4","1","8","3","3.96","0.34","3.54","2","0.17","","0.17","1","0.666666667","1","0.666666667","0.17","0.113333333","1.6","1.066666667","100","9.604519774","66.66666667","3.777777778","3.777777778","35.55555556","39.33333333","5.666666667","5.666666667","53.33333333","59"
"","","UGP2014NAM-OT03","","","","","","","","","UGP2014NAM-OT03-03752","","","","3","2","1","2","6","2","4","1","1","1","0.1","0.04","0.3","2","1","1","6","7","0","0.14","0.44","2","0.1","0.04","0.07","2","0.666666667","1","0.333333333","0.14","0.046666667","0.3","0.1","50","31.81818182","33.33333333","1.111111111","1.555555556","3.333333333","4.888888889","3.333333333","4.666666667","10","14.66666667"
"","","UGP2014NAM-OT03","","","","","","","","","UGP2014NAM-OT03-03753","","","","3","3","1","2","7","2","4","1","0","0","0","0","2.5","","","","","","","0","2.5","0","","","","0","0","0","0","0","0","2.5","0.833333333","","0","33.33333333","0","0","27.77777778","27.77777778","0","0","83.33333333","83.33333333"
"","","UGP2014NAM-OT03","","","","","","","","","UGP2014NAM-OT03-03754","","","","3","2","3","3","7","1","2","1","0","0","0","0","0.4","","","","","","","0","0.4","0","","","","0","0","0","0","0","0","0.4","0.133333333","","0","33.33333333","0","0","4.444444444","4.444444444","0","0","13.33333333","13.33333333"
"","","UGP2014NAM-OT03","","","","","","","","","UGP2014NAM-OT03-03755","","","","3","0","","","","","","0","0","0","0","0","0","","","","","","","0","0","0","","","","","0","","0","","0","","0","","","0","0","0","0","0","","","",""
"","","UGP2014NAM-OT03","","","","","","","","","UGP2014NAM-OT03-03756","","","","3","1","2","3","7","1","3","1","0","0","0","0","1.5","","","","","","","0","1.5","0","","","","0","0","0","0","0","0","1.5","0.5","","0","33.33333333","0","0","16.66666667","16.66666667","0","0","50","50"
"","","UGP2014NAM-OT03","","","","","","","","","UGP2014NAM-OT03-03757","","","","3","0","","","","","","0","0","0","0","0","0","","","","","","","0","0","0","","","","","0","","0","","0","","0","","","0","0","0","0","0","","","",""
"","","UGP2014NAM-OT03","","","","","","","","","UGP2014NAM-OT03-03758","","","","3","1","1","2","4","1","2","1","0","0","0","0","0.04","","","","","","","0","0.04","0","","","","0","0","0","0","0","0","0.04","0.013333333","","0","33.33333333","0","0","0.444444444","0.444444444","0","0","1.333333333","1.333333333"
"","","UGP2014NAM-OT03","","","","","","","","","UGP2014NAM-OT03-03759","","","","3","0","","","","","","0","0","0","0","0","0","","","","","","","0","0","0","","","","","0","","0","","0","","0","","","0","0","0","0","0","","","",""
"","","UGP2014NAM-OT03","","","","","","","","","UGP2014NAM-OT03-03760","","","","3","2","1","2","7","1","2","2","0","0","0","0","1","","","","","","","0","1","0","","","","0","0","0","0","0","0","0.5","0.333333333","","0","66.66666667","0","0","11.11111111","11.11111111","0","0","16.66666667","16.66666667"
"","","UGP2014NAM-OT03","","","","","","","","","UGP2014NAM-OT03-03761","","","","3","1","1","2","6","1","2","1","0","0","0","0","1.5","","","","","","","0","1.5","0","","","","0","0","0","0","0","0","1.5","0.5","","0","33.33333333","0","0","16.66666667","16.66666667","0","0","50","50"
"","","UGP2014NAM-OT03","","","","","","","","","UGP2014NAM-OT03-03762","","","","3","1","1","2","5","1","3","1","1","","0.06","1","0.3","2","1","1","3","9","1.5","1.06","1.36","","0.06","","","","","1","0.333333333","1.06","0.353333333","0.3","0.1","","77.94117647","33.33333333","0.666666667","11.77777778","3.333333333","15.11111111","2","35.33333333","10","45.33333333"
"","","UGP2014NAM-OT03","","","","","","","","","UGP2014NAM-OT03-03763","","","","3","1","3","6","7","2","4","1","4","1","0.36","0.04","4.5","2","1","1","3","7","1.38","0.4","4.9","5","0.09","0.04","0.08","5","1.666666667","4","1.333333333","0.4","0.133333333","4.5","1.5","80","8.163265306","33.33333333","4","4.444444444","50","54.44444444","12","13.33333333","150","163.3333333"
"","","UGP2014NAM-OT03","","","","","","","","","UGP2014NAM-OT03-03764","","","","3","2","1","2","7","2","4","2","2","1","0.74","0.03","2.5","2","1","1","4","1","0.12","0.77","3.27","3","0.37","0.03","0.256666667","1.5","1","1","0.666666667","0.385","0.256666667","1.25","0.833333333","66.66666667","23.54740061","66.66666667","8.222222222","8.555555556","27.77777778","36.33333333","12.33333333","12.83333333","41.66666667","54.5"
"","","UGP2014NAM-OT03","","","","","","","","","UGP2014NAM-OT03-03765","","","","3","1","1","2","5","3","6","1","0","0","0","0","0.36","","","","","","","0","0.36","0","","","","0","0","0","0","0","0","0.36","0.12","","0","33.33333333","0","0","4","4","0","0","12","12"
"","","UGP2014NAM-OT03","","","","","","","","","UGP2014NAM-OT03-03766","","","","3","2","1","2","8","3","5","2","0","0","0","0","4.2","","","","","","","0","4.2","0","","","","0","0","0","0","0","0","2.1","1.4","","0","66.66666667","0","0","46.66666667","46.66666667","0","0","70","70"
"","","UGP2014NAM-OT03","","","","","","","","","UGP2014NAM-OT03-03767","","","","3","1","3","4","7","1","3","1","0","0","0","0","2","","","","","","","0","2","0","","","","0","0","0","0","0","0","2","0.666666667","","0","33.33333333","0","0","22.22222222","22.22222222","0","0","66.66666667","66.66666667"
"","","UGP2014NAM-OT03","","","","","","","","","UGP2014NAM-OT03-03768","","","","3","1","5","6","6","1","2","1","0","0","0","0","1","","","","","","","0","1","0","","","","0","0","0","0","0","0","1","0.333333333","","0","33.33333333","0","0","11.11111111","11.11111111","0","0","33.33333333","33.33333333"
"","","UGP2014NAM-OT03","","","","","","","","","UGP2014NAM-OT03-03769","","","","3","1","1","2","6","1","3","1","0","0","0","0","1","","","","","","","0","1","0","","","","0","0","0","0","0","0","1","0.333333333","","0","33.33333333","0","0","11.11111111","11.11111111","0","0","33.33333333","33.33333333"
"","","UGP2014NAM-OT03","","","","","","","","","UGP2014NAM-OT03-03770","","","","3","2","1","2","6","3","6","2","0","0","0","0","4.8","","","","","","","0","4.8","0","","","","0","0","0","0","0","0","2.4","1.6","","0","66.66666667","0","0","53.33333333","53.33333333","0","0","80","80"
"","","UGP2014NAM-OT03","","","","","","","","","UGP2014NAM-OT03-03771","","","","3","1","1","2","7","2","4","1","0","0","0","0","0.9","","","","","","","0","0.9","0","","","","0","0","0","0","0","0","0.9","0.3","","0","33.33333333","0","0","10","10","0","0","30","30"
"","","UGP2014NAM-OT03","","","","","","","","","UGP2014NAM-OT03-03772","","","","3","3","5","2","6","3","5","1","2","2","0.09","0.06","1","2","1","3","9","9","0","0.15","1.15","4","0.045","0.03","0.0375","4","1.333333333","2","0.666666667","0.15","0.05","1","0.333333333","50","13.04347826","33.33333333","1","1.666666667","11.11111111","12.77777778","3","5","33.33333333","38.33333333"
"","","UGP2014NAM-OT03","","","","","","","","","UGP2014NAM-OT03-03773","","","","3","1","4","2","6","2","4","1","0","0","0","0","1.5","","","","","","","0","1.5","0","","","","0","0","0","0","0","0","1.5","0.5","","0","33.33333333","0","0","16.66666667","16.66666667","0","0","50","50"
"","","UGP2014NAM-OT03","","","","","","","","","UGP2014NAM-OT03-03774","","","","3","2","4","2","6","3","5","2","0","0","0","0","0.7","","","","","","","0","0.7","0","","","","0","0","0","0","0","0","0.35","0.233333333","","0","66.66666667","0","0","7.777777778","7.777777778","0","0","11.66666667","11.66666667"
"","","UGP2014NAM-OT03","","","","","","","","","UGP2014NAM-OT03-03775","","","","3","1","5","3","8","2","4","1","1","0","0.06","0","3","8","1","1","2","9","0.02","0.06","3.06","1","0.06","","0.06","1","0.333333333","1","0.333333333","0.06","0.02","3","1","100","1.960784314","33.33333333","0.666666667","0.666666667","33.33333333","34","2","2","100","102"
"","","UGP2014NAM-OT03","","","","","","","","","UGP2014NAM-OT03-03776","","","","3","2","3","2","6","1","2","2","6","0","0.32","0","1.5","2","1","1","3","5","0","0.32","1.82","6","0.053333333","","0.053333333","3","2","3","2","0.16","0.106666667","0.75","0.5","100","17.58241758","66.66666667","3.555555556","3.555555556","16.66666667","20.22222222","5.333333333","5.333333333","25","30.33333333"
"","","UGP2014NAM-OT03","","","","","","","","","UGP2014NAM-OT03-03777","","","","3","0","","","","","","0","0","0","0","0","0","","","","","","","0","0","0","","","","","0","","0","","0","","0","","","0","0","0","0","0","","","",""
"","","UGP2014NAM-OT03","","","","","","","","","UGP2014NAM-OT03-03778","","","","3","2","1","2","7","1","2","2","0","0","0","0","3","","","","","","","0","3","0","","","","0","0","0","0","0","0","1.5","1","","0","66.66666667","0","0","33.33333333","33.33333333","0","0","50","50"
"","","UGP2014NAM-OT03","","","","","","","","","UGP2014NAM-OT03-03779","","","","3","1","1","2","6","1","3","1","0","0","0","0","1.5","","","","","","","0","1.5","0","","","","0","0","0","0","0","0","1.5","0.5","","0","33.33333333","0","0","16.66666667","16.66666667","0","0","50","50"
"","","UGP2014NAM-OT03","","","","","","","","","UGP2014NAM-OT03-03780","","","","3","0","","","","","","0","0","0","0","0","0","","","","","","","0","0","0","","","","","0","","0","","0","","0","","","0","0","0","0","0","","","",""
"","","UGP2014NAM-OT03","","","","","","","","","UGP2014NAM-OT03-03781","","","","3","1","1","2","9","2","4","1","0","0","0","0","9","","","","","","","0","9","0","","","","0","0","0","0","0","0","9","3","","0","33.33333333","0","0","100","100","0","0","300","300"
"","","UGP2014NAM-OT03","","","","","","","","","UGP2014NAM-OT03-03782","","","","3","2","1","2","5","1","2","2","0","0","0","0","1","","","","","","","0","1","0","","","","0","0","0","0","0","0","0.5","0.333333333","","0","66.66666667","0","0","11.11111111","11.11111111","0","0","16.66666667","16.66666667"
"","","UGP2014NAM-OT03","","","","","","","","","UGP2014NAM-OT03-03783","","","","3","1","1","3","5","1","3","1","3","0","0.24","0","1.4","2","1","1","2","3","0","0.24","1.64","3","0.08","","0.08","3","1","3","1","0.24","0.08","1.4","0.466666667","100","14.63414634","33.33333333","2.666666667","2.666666667","15.55555556","18.22222222","8","8","46.66666667","54.66666667"
"","","UGP2014NAM-OT03","","","","","","","","","UGP2014NAM-OT03-03784","","","","3","2","1","2","7","1","3","1","0","0","0","0","1.6","","","","","","","0","1.6","0","","","","0","0","0","0","0","0","1.6","0.533333333","","0","33.33333333","0","0","17.77777778","17.77777778","0","0","53.33333333","53.33333333"
"","","UGP2014NAM-OT03","","","","","","","","","UGP2014NAM-OT03-03785","","","","3","1","1","3","7","1","3","1","0","0","0","0","2","","","","","","","0","2","0","","","","0","0","0","0","0","0","2","0.666666667","","0","33.33333333","0","0","22.22222222","22.22222222","0","0","66.66666667","66.66666667"
"","","UGP2014NAM-OT03","","","","","","","","","UGP2014NAM-OT03-03786","","","","3","2","1","3","7","1","2","2","2","0","0.2","0","1","2","2","2","3","5","0","0.2","1.2","2","0.1","","0.1","1","0.666666667","1","0.666666667","0.1","0.066666667","0.5","0.333333333","100","16.66666667","66.66666667","2.222222222","2.222222222","11.11111111","13.33333333","3.333333333","3.333333333","16.66666667","20"
"","","UGP2014NAM-OT03","","","","","","","","","UGP2014NAM-OT03-03787","","","","3","0","","","","","","0","0","0","0","0","0","","","","","","","0","0","0","","","","","0","","0","","0","","0","","","0","0","0","0","0","","","",""
"","","UGP2014NAM-OT03","","","","","","","","","UGP2014NAM-OT03-03788","","","","3","2","2","3","7","2","4","2","0","0","0","0","2.6","","","","","","","0","2.6","0","","","","0","0","0","0","0","0","1.3","0.866666667","","0","66.66666667","0","0","28.88888889","28.88888889","0","0","43.33333333","43.33333333"
"","","UGP2014NAM-OT03","","","","","","","","","UGP2014NAM-OT03-03789","","","","3","0","","","","","","0","0","0","0","0","0","","","","","","","0","0","0","","","","","0","","0","","0","","0","","","0","0","0","0","0","","","",""
"","","UGP2014NAM-OT03","","","","","","","","","UGP2014NAM-OT03-03790","","","","3","2","2","2","7","2","4","2","5","3","0.6","0.04","8","9","2","3","5","5","1.5","0.64","8.64","8","0.12","0.013333333","0.08","4","2.666666667","2.5","1.666666667","0.32","0.213333333","4","2.666666667","62.5","7.407407407","66.66666667","6.666666667","7.111111111","88.88888889","96","10","10.66666667","133.3333333","144"
"","","UGP2014NAM-OT03","","","","","","","","","UGP2014NAM-OT03-03791","","","","3","0","","","","","","0","0","0","0","0","0","","","","","","","0","0","0","","","","","0","","0","","0","","0","","","0","0","0","0","0","","","",""
"","","UGP2014NAM-OT03","","","","","","","","","UGP2014NAM-OT03-03792","","","","3","2","2","2","7","2","4","2","18","12","0.86","0.18","2.5","2","1","1","9","5","1.38","1.04","3.54","30","0.047777778","0.015","0.034666667","15","10","9","6","0.52","0.346666667","1.25","0.833333333","60","29.37853107","66.66666667","9.555555556","11.55555556","27.77777778","39.33333333","14.33333333","17.33333333","41.66666667","59"
"","","UGP2014NAM-OT03","","","","","","","","","UGP2014NAM-OT03-03793","","","","3","0","","","","","","0","0","0","0","0","0","","","","","","","0","0","0","","","","","0","","0","","0","","0","","","0","0","0","0","0","","","",""
"","","UGP2014NAM-OT03","","","","","","","","","UGP2014NAM-OT03-03794","","","","3","0","","","","","","0","0","0","0","0","0","","","","","","","0","0","0","","","","","0","","0","","0","","0","","","0","0","0","0","0","","","",""
"","","UGP2014NAM-OT03","","","","","","","","","UGP2014NAM-OT03-03795","","","","3","0","","","","","","0","0","0","0","0","0","","","","","","","0","0","0","","","","","0","","0","","0","","0","","","0","0","0","0","0","","","",""
"","","UGP2014NAM-OT03","","","","","","","","","UGP2014NAM-OT03-03796","","","","3","0","","","","","","0","0","0","0","0","0","","","","","","","0","0","0","","","","","0","","0","","0","","0","","","0","0","0","0","0","","","",""
"","","UGP2014NAM-OT03","","","","","","","","","UGP2014NAM-OT03-03797","","","","3","0","","","","","","0","0","0","0","0","0","","","","","","","0","0","0","","","","","0","","0","","0","","0","","","0","0","0","0","0","","","",""
"","","UGP2014NAM-OT03","","","","","","","","","UGP2014NAM-OT03-03798","","","","3","1","1","2","8","1","2","1","0","0","0","0","1.5","","","","","","","0","1.5","0","","","","0","0","0","0","0","0","1.5","0.5","","0","33.33333333","0","0","16.66666667","16.66666667","0","0","50","50"
"","","UGP2014NAM-OT03","","","","","","","","","UGP2014NAM-OT03-03799","","","","3","2","1","3","6","1","3","2","1","0","0.08","0","2.5","6","1","1","6","7","14.37","0.08","2.58","1","0.08","","0.08","0.5","0.333333333","0.5","0.333333333","0.04","0.026666667","1.25","0.833333333","100","3.100775194","66.66666667","0.888888889","0.888888889","27.77777778","28.66666667","1.333333333","1.333333333","41.66666667","43"
"","","UGP2014NAM-OT03","","","","","","","","","UGP2014NAM-OT03-03800","","","","3","1","1","2","7","1","3","1","9","4","2","0.3","3","9","1","1","2","3","0","2.3","5.3","13","0.222222222","0.075","0.176923077","13","4.333333333","9","3","2.3","0.766666667","3","1","69.23076923","43.39622642","33.33333333","22.22222222","25.55555556","33.33333333","58.88888889","66.66666667","76.66666667","100","176.6666667"
"","","UGP2014NAM-OT03","","","","","","","","","UGP2014NAM-OT03-03801","","","","3","1","1","2","7","2","4","1","1","1","0.12","0.04","2","8","1","1","7","5","0","0.16","2.16","2","0.12","0.04","0.08","2","0.666666667","1","0.333333333","0.16","0.053333333","2","0.666666667","50","7.407407407","33.33333333","1.333333333","1.777777778","22.22222222","24","4","5.333333333","66.66666667","72"
"","","UGP2014NAM-OT03","","","","","","","","","UGP2014NAM-OT03-03802","","","","3","1","1","3","9","1","3","1","0","0","0","0","5","","","","","","","0","5","0","","","","0","0","0","0","0","0","5","1.666666667","","0","33.33333333","0","0","55.55555556","55.55555556","0","0","166.6666667","166.6666667"
"","","UGP2014NAM-OT03","","","","","","","","","UGP2014NAM-OT03-03803","","","","3","0","","","","","","0","0","0","0","0","0","","","","","","","0","0","0","","","","","0","","0","","0","","0","","","0","0","0","0","0","","","",""
"","","UGP2014NAM-OT03","","","","","","","","","UGP2014NAM-OT03-03804","","","","3","0","","","","","","0","0","0","0","0","0","","","","","","","0","0","0","","","","","0","","0","","0","","0","","","0","0","0","0","0","","","",""
"","","UGP2014NAM-OT03","","","","","","","","","UGP2014NAM-OT03-03805","","","","3","2","1","2","7","3","6","2","3","0","0.78","0","1","8","2","1","5","1","0","0.78","1.78","3","0.26","","0.26","1.5","1","1.5","1","0.39","0.26","0.5","0.333333333","100","43.82022472","66.66666667","8.666666667","8.666666667","11.11111111","19.77777778","13","13","16.66666667","29.66666667"
"","","UGP2014NAM-OT03","","","","","","","","","UGP2014NAM-OT03-03806","","","","3","2","2","3","7","1","3","2","6","8","0.36","0.18","4.7","9","1","1","2","5","0","0.54","5.24","14","0.06","0.0225","0.038571429","7","4.666666667","3","2","0.27","0.18","2.35","1.566666667","42.85714286","10.30534351","66.66666667","4","6","52.22222222","58.22222222","6","9","78.33333333","87.33333333"
"","","UGP2014NAM-OT03","","","","","","","","","UGP2014NAM-OT03-03807","","","","3","3","2","2","7","3","6","1","2","1","0.26","","1","6","1","1","2","7","0","","","3","0.13","","","3","1","2","0.666666667","","","1","0.333333333","66.66666667","","33.33333333","2.888888889","","11.11111111","","8.666666667","","33.33333333",""
"","","UGP2014NAM-OT03","","","","","","","","","UGP2014NAM-OT03-03808","","","","3","2","1","2","5","4","7","2","0","0","0","0","1.4","","","","","","","0","1.4","0","","","","0","0","0","0","0","0","0.7","0.466666667","","0","66.66666667","0","0","15.55555556","15.55555556","0","0","23.33333333","23.33333333"
"","","UGP2014NAM-OT03","","","","","","","","","UGP2014NAM-OT03-03809","","","","3","3","1","2","8","3","6","3","0","0","0","0","1","","","","","","","0","1","0","","","","0","0","0","0","0","0","0.333333333","0.333333333","","0","100","0","0","11.11111111","11.11111111","0","0","11.11111111","11.11111111"
"","","UGP2014NAM-OT03","","","","","","","","","UGP2014NAM-OT03-03810","","","","3","1","2","2","6","3","6","1","0","0","0","0","1.5","","","","","","","0","1.5","0","","","","0","0","0","0","0","0","1.5","0.5","","0","33.33333333","0","0","16.66666667","16.66666667","0","0","50","50"
"","","UGP2014NAM-OT03","","","","","","","","","UGP2014NAM-OT03-03811","","","","3","0","","","","","","0","0","0","0","0","0","","","","","","","0","0","0","","","","","0","","0","","0","","0","","","0","0","0","0","0","","","",""
"","","UGP2014NAM-OT03","","","","","","","","","UGP2014NAM-OT03-03812","","","","3","1","2","2","8","1","3","1","2","0","0.12","0","5","2","1","1","3","7","0","0.12","5.12","2","0.06","","0.06","2","0.666666667","2","0.666666667","0.12","0.04","5","1.666666667","100","2.34375","33.33333333","1.333333333","1.333333333","55.55555556","56.88888889","4","4","166.6666667","170.6666667"
"","","UGP2014NAM-OT03","","","","","","","","","UGP2014NAM-OT03-03813","","","","3","0","","","","","","0","0","0","0","0","0","","","","","","","0","0","0","","","","","0","","0","","0","","0","","","0","0","0","0","0","","","",""
"","","UGP2014NAM-OT03","","","","","","","","","UGP2014NAM-OT03-03814","","","","3","1","1","4","7","2","4","1","0","4","0","0.12","1","2","1","1","3","9","0.02","0.12","1.12","4","","0.03","0.03","4","1.333333333","0","0","0.12","0.04","1","0.333333333","0","10.71428571","33.33333333","0","1.333333333","11.11111111","12.44444444","0","4","33.33333333","37.33333333"
"","","UGP2014NAM-OT03","","","","","","","","","UGP2014NAM-OT03-03815","","","","3","1","1","3","5","5","8","1","0","0","0","0","0.5","","","","","","","0","0.5","0","","","","0","0","0","0","0","0","0.5","0.166666667","","0","33.33333333","0","0","5.555555556","5.555555556","0","0","16.66666667","16.66666667"
"","","UGP2014NAM-OT03","","","","","","","","","UGP2014NAM-OT03-03816","","","","3","1","1","2","7","3","5","1","1","0","0.1","0","0.9","2","1","1","3","7","0","0.1","1","1","0.1","","0.1","1","0.333333333","1","0.333333333","0.1","0.033333333","0.9","0.3","100","10","33.33333333","1.111111111","1.111111111","10","11.11111111","3.333333333","3.333333333","30","33.33333333"
"","","UGP2014NAM-OT03","","","","","","","","","UGP2014NAM-OT03-03817","","","","3","2","1","2","5","3","7","2","0","0","0","0","1.5","","","","","","","0","1.5","0","","","","0","0","0","0","0","0","0.75","0.5","","0","66.66666667","0","0","16.66666667","16.66666667","0","0","25","25"
"","","UGP2014NAM-OT03","","","","","","","","","UGP2014NAM-OT03-03818","","","","3","1","1","2","5","3","5","1","0","0","0","0","0.5","","","","","","","0","0.5","0","","","","0","0","0","0","0","0","0.5","0.166666667","","0","33.33333333","0","0","5.555555556","5.555555556","0","0","16.66666667","16.66666667"
"","","UGP2014NAM-OT03","","","","","","","","","UGP2014NAM-OT03-03819","","","","3","0","","","","","","0","0","0","0","0","0","","","","","","","0","0","0","","","","","0","","0","","0","","0","","","0","0","0","0","0","","","",""
"","","UGP2014NAM-OT03","","","","","","","","","UGP2014NAM-OT03-03820","","","","3","2","1","2","7","3","5","2","0","0","0","0","2","","","","","","","0","2","0","","","","0","0","0","0","0","0","1","0.666666667","","0","66.66666667","0","0","22.22222222","22.22222222","0","0","33.33333333","33.33333333"
"","","UGP2014NAM-OT03","","","","","","","","","UGP2014NAM-OT03-03821","","","","3","2","1","2","5","4","8","2","0","0","0","0","1.7","","","","","","","0","1.7","0","","","","0","0","0","0","0","0","0.85","0.566666667","","0","66.66666667","0","0","18.88888889","18.88888889","0","0","28.33333333","28.33333333"
"","","UGP2014NAM-OT03","","","","","","","","","UGP2014NAM-OT03-03822","","","","3","2","1","2","7","1","2","2","3","6","0.14","0.1","4","9","1","1","2","9","0.02","0.24","4.24","9","0.046666667","0.016666667","0.026666667","4.5","3","1.5","1","0.12","0.08","2","1.333333333","33.33333333","5.660377358","66.66666667","1.555555556","2.666666667","44.44444444","47.11111111","2.333333333","4","66.66666667","70.66666667"
"","","UGP2014NAM-OT03","","","","","","","","","UGP2014NAM-OT03-03823","","","","3","1","1","3","8","1","3","1","0","0","0","0","3.2","","","","","","","0","3.2","0","","","","0","0","0","0","0","0","3.2","1.066666667","","0","33.33333333","0","0","35.55555556","35.55555556","0","0","106.6666667","106.6666667"
"","","UGP2014NAM-OT03","","","","","","","","","UGP2014NAM-OT03-03824","","","","3","2","3","6","9","1","2","2","20","36","2","0.32","3","8","1","1","4","5","0.15","2.32","5.32","56","0.1","0.008888889","0.041428571","28","18.66666667","10","6.666666667","1.16","0.773333333","1.5","1","35.71428571","43.60902256","66.66666667","22.22222222","25.77777778","33.33333333","59.11111111","33.33333333","38.66666667","50","88.66666667"
"","","UGP2014NAM-OT03","","","","","","","","","UGP2014NAM-OT03-03825","","","","3","1","1","3","6","1","3","1","0","0","0","0","4.5","","","","","","","0","4.5","0","","","","0","0","0","0","0","0","4.5","1.5","","0","33.33333333","0","0","50","50","0","0","150","150"
"","","UGP2014NAM-OT03","","","","","","","","","UGP2014NAM-OT03-03826","","","","3","2","1","2","7","2","4","2","2","0","0.8","0","1.7","2","1","1","2","9","0.15","0.8","2.5","2","0.4","","0.4","1","0.666666667","1","0.666666667","0.4","0.266666667","0.85","0.566666667","100","32","66.66666667","8.888888889","8.888888889","18.88888889","27.77777778","13.33333333","13.33333333","28.33333333","41.66666667"
"","","UGP2014NAM-OT03","","","","","","","","","UGP2014NAM-OT03-03827","","","","3","0","","","","","","0","0","0","0","0","0","","","","","","","0","0","0","","","","","0","","0","","0","","0","","","0","0","0","0","0","","","",""
"","","UGP2014NAM-OT03","","","","","","","","","UGP2014NAM-OT03-03828","","","","3","1","1","3","7","3","5","1","3","0","0.34","0","0.6","2","1","1","6","7","0","0.34","0.94","3","0.113333333","","0.113333333","3","1","3","1","0.34","0.113333333","0.6","0.2","100","36.17021277","33.33333333","3.777777778","3.777777778","6.666666667","10.44444444","11.33333333","11.33333333","20","31.33333333"
"","","UGP2014NAM-OT03","","","","","","","","","UGP2014NAM-OT03-03829","","","","3","1","1","4","6","1","3","1","0","0","0","0","1.3","","","","","","","0","1.3","0","","","","0","0","0","0","0","0","1.3","0.433333333","","0","33.33333333","0","0","14.44444444","14.44444444","0","0","43.33333333","43.33333333"
"","","UGP2014NAM-OT03","","","","","","","","","UGP2014NAM-OT03-03831","","","","3","1","2","3","7","3","6","1","0","0","0","0","3.3","","","","","","","0","3.3","0","","","","0","0","0","0","0","0","3.3","1.1","","0","33.33333333","0","0","36.66666667","36.66666667","0","0","110","110"
"","","UGP2014NAM-OT03","","","","","","","","","UGP2014NAM-OT03-03832","","","","3","1","1","2","9","1","2","1","10","0","3","0","11.2","9","1","1","8","1","0","3","14.2","10","0.3","","0.3","10","3.333333333","10","3.333333333","3","1","11.2","3.733333333","100","21.12676056","33.33333333","33.33333333","33.33333333","124.4444444","157.7777778","100","100","373.3333333","473.3333333"
"","","UGP2014NAM-OT03","","","","","","","","","UGP2014NAM-OT03-03833","","","","3","0","","","","","","0","0","0","0","0","0","","","","","","","0","0","0","","","","","0","","0","","0","","0","","","0","0","0","0","0","","","",""
"","","UGP2014NAM-OT03","","","","","","","","","UGP2014NAM-OT03-03834","","","","3","1","1","2","7","1","3","1","6","1","0.26","0.04","3.5","8","1","1","1","4","0","0.3","3.8","7","0.043333333","0.04","0.042857143","7","2.333333333","6","2","0.3","0.1","3.5","1.166666667","85.71428571","7.894736842","33.33333333","2.888888889","3.333333333","38.88888889","42.22222222","8.666666667","10","116.6666667","126.6666667"
"","","UGP2014NAM-OT03","","","","","","","","","UGP2014NAM-OT03-03835","","","","3","2","1","3","7","3","2","2","0","0","0","0","1.5","","","","","","","0","1.5","0","","","","0","0","0","0","0","0","0.75","0.5","","0","66.66666667","0","0","16.66666667","16.66666667","0","0","25","25"
"","","UGP2014NAM-OT03","","","","","","","","","UGP2014NAM-OT03-03836","","","","3","0","","","","","","0","0","0","0","0","0","","","","","","","0","0","0","","","","","0","","0","","0","","0","","","0","0","0","0","0","","","",""
"","","UGP2014NAM-OT03","","","","","","","","","UGP2014NAM-OT03-03837","","","","3","0","","","","","","0","0","0","0","0","0","","","","","","","0","0","0","","","","","0","","0","","0","","0","","","0","0","0","0","0","","","",""
"","","UGP2014NAM-OT03","","","","","","","","","UGP2014NAM-OT03-03838","","","","3","0","","","","","","0","0","0","0","0","0","","","","","","","0","0","0","","","","","0","","0","","0","","0","","","0","0","0","0","0","","","",""
"","","UGP2014NAM-OT03","","","","","","","","","UGP2014NAM-OT03-03839","","","","3","2","2","4","8","1","3","1","3","2","0.26","0.4","2","2","1","1","7","1","0","0.66","2.66","5","0.086666667","0.2","0.132","5","1.666666667","3","1","0.66","0.22","2","0.666666667","60","24.81203008","33.33333333","2.888888889","7.333333333","22.22222222","29.55555556","8.666666667","22","66.66666667","88.66666667"
"","","UGP2014NAM-OT03","","","","","","","","","UGP2014NAM-OT03-03840","","","","3","1","1","2","6","1","3","1","3","0","0.4","0","3.4","8","1","1","2","7","0","0.4","3.8","3","0.133333333","","0.133333333","3","1","3","1","0.4","0.133333333","3.4","1.133333333","100","10.52631579","33.33333333","4.444444444","4.444444444","37.77777778","42.22222222","13.33333333","13.33333333","113.3333333","126.6666667"
"","","UGP2014NAM-OT03","","","","","","","","","UGP2014NAM-OT03-03841","","","","3","2","1","2","8","2","4","2","5","1","0.48","0.4","11","9","1","1","6","3","0","0.88","11.88","6","0.096","0.4","0.146666667","3","2","2.5","1.666666667","0.44","0.293333333","5.5","3.666666667","83.33333333","7.407407407","66.66666667","5.333333333","9.777777778","122.2222222","132","8","14.66666667","183.3333333","198"
"","","UGP2014NAM-OT03","","","","","","","","","UGP2014NAM-OT03-03842","","","","3","1","1","2","5","1","2","1","0","0","0","0","0.2","","","","","","","0","0.2","0","","","","0","0","0","0","0","0","0.2","0.066666667","","0","33.33333333","0","0","2.222222222","2.222222222","0","0","6.666666667","6.666666667"
"","","UGP2014NAM-OT03","","","","","","","","","UGP2014NAM-OT03-03843","","","","3","3","1","2","7","1","3","3","1","1","0.08","0.03","4","2","1","1","9","7","0","0.11","4.11","2","0.08","0.03","0.055","0.666666667","0.666666667","0.333333333","0.333333333","0.036666667","0.036666667","1.333333333","1.333333333","50","2.676399027","100","0.888888889","1.222222222","44.44444444","45.66666667","0.888888889","1.222222222","44.44444444","45.66666667"
"","","UGP2014NAM-OT03","","","","","","","","","UGP2014NAM-OT03-03844","","","","3","2","1","2","7","3","6","2","3","4","0.16","0.06","1.5","9","1","1","9","7","0.02","0.22","1.72","7","0.053333333","0.015","0.031428571","3.5","2.333333333","1.5","1","0.11","0.073333333","0.75","0.5","42.85714286","12.79069767","66.66666667","1.777777778","2.444444444","16.66666667","19.11111111","2.666666667","3.666666667","25","28.66666667"
"","","UGP2014NAM-OT03","","","","","","","","","UGP2014NAM-OT03-03845","","","","3","2","1","2","4","1","2","2","0","0","0","0","1.8","","","","","","","0","1.8","0","","","","0","0","0","0","0","0","0.9","0.6","","0","66.66666667","0","0","20","20","0","0","30","30"
"","","UGP2014NAM-OT03","","","","","","","","","UGP2014NAM-OT03-03846","","","","3","1","1","2","5","3","6","1","1","0","0.4","0","0.2","9","1","1","4","1","1.5","0.4","0.6","1","0.4","","0.4","1","0.333333333","1","0.333333333","0.4","0.133333333","0.2","0.066666667","100","66.66666667","33.33333333","4.444444444","4.444444444","2.222222222","6.666666667","13.33333333","13.33333333","6.666666667","20"
"","","UGP2014NAM-OT03","","","","","","","","","UGP2014NAM-OT03-03847","","","","3","2","1","2","5","3","6","2","0","0","0","0","0.34","","","","","","","0","0.34","0","","","","0","0","0","0","0","0","0.17","0.113333333","","0","66.66666667","0","0","3.777777778","3.777777778","0","0","5.666666667","5.666666667"
"","","UGP2014NAM-OT03","","","","","","","","","UGP2014NAM-OT03-03848","","","","3","3","1","2","4","2","4","1","0","0","0","0","0.4","","","","","","","0","0.4","0","","","","0","0","0","0","0","0","0.4","0.133333333","","0","33.33333333","0","0","4.444444444","4.444444444","0","0","13.33333333","13.33333333"
"","","UGP2014NAM-OT03","","","","","","","","","UGP2014NAM-OT03-03849","","","","3","2","2","2","7","3","5","2","0","0","0","0","6","","","","","","","0","6","0","","","","0","0","0","0","0","0","3","2","","0","66.66666667","0","0","66.66666667","66.66666667","0","0","100","100"
"","","UGP2014NAM-OT03","","","","","","","","","UGP2014NAM-OT03-03850","","","","3","0","","","","","","0","0","0","0","0","0","","","","","","","0","0","0","","","","","0","","0","","0","","0","","","0","0","0","0","0","","","",""
"","","UGP2014NAM-OT03","","","","","","","","","UGP2014NAM-OT03-03851","","","","3","2","2","2","5","5","8","2","5","2","0.34","0.04","0.14","6","1","1","3","7","0.02","0.38","0.52","7","0.068","0.02","0.054285714","3.5","2.333333333","2.5","1.666666667","0.19","0.126666667","0.07","0.046666667","71.42857143","73.07692308","66.66666667","3.777777778","4.222222222","1.555555556","5.777777778","5.666666667","6.333333333","2.333333333","8.666666667"
"","","UGP2014NAM-OT03","","","","","","","","","UGP2014NAM-OT03-03853","","","","3","1","1","2","7","4","6","1","2","2","0.2","0.06","1.5","8","1","","9","7","0","0.26","1.76","4","0.1","0.03","0.065","4","1.333333333","2","0.666666667","0.26","0.086666667","1.5","0.5","50","14.77272727","33.33333333","2.222222222","2.888888889","16.66666667","19.55555556","6.666666667","8.666666667","50","58.66666667"
"","","UGP2014NAM-OT03","","","","","","","","","UGP2014NAM-OT03-03854","","","","3","0","","","","","","0","0","0","0","0","0","","","","","","","0","0","0","","","","","0","","0","","0","","0","","","0","0","0","0","0","","","",""
"","","UGP2014NAM-OT03","","","","","","","","","UGP2014NAM-OT03-03855","","","","3","2","2","2","6","1","3","2","0","0","0","0","1","","","","","","","0","1","0","","","","0","0","0","0","0","0","0.5","0.333333333","","0","66.66666667","0","0","11.11111111","11.11111111","0","0","16.66666667","16.66666667"
"","","UGP2014NAM-OT03","","","","","","","","","UGP2014NAM-OT03-03856","","","","3","0","","","","","","0","0","0","0","0","0","","","","","","","0","0","0","","","","","0","","0","","0","","0","","","0","0","0","0","0","","","",""
"","","UGP2014NAM-OT03","","","","","","","","","UGP2014NAM-OT03-03857","","","","3","2","2","4","6","2","4","2","0","0","0","0","2","","","","","","","0","2","0","","","","0","0","0","0","0","0","1","0.666666667","","0","66.66666667","0","0","22.22222222","22.22222222","0","0","33.33333333","33.33333333"
"","","UGP2014NAM-OT03","","","","","","","","","UGP2014NAM-OT03-03858","","","","3","1","2","3","8","1","2","1","0","0","0","0","1.5","","","","","","","0","1.5","0","","","","0","0","0","0","0","0","1.5","0.5","","0","33.33333333","0","0","16.66666667","16.66666667","0","0","50","50"
"","","UGP2014NAM-OT03","","","","","","","","","UGP2014NAM-OT03-03859","","","","3","2","1","3","8","1","3","2","0","0","0","0","4","","","","","","","0","4","0","","","","0","0","0","0","0","0","2","1.333333333","","0","66.66666667","0","0","44.44444444","44.44444444","0","0","66.66666667","66.66666667"
"","","UGP2014NAM-OT03","","","","","","","","","UGP2014NAM-OT03-03860","","","","3","2","1","2","5","1","3","2","0","2","0","0.6","0.3","9","1","1","9","9","3.96","0.6","0.9","2","","0.3","0.3","1","0.666666667","0","0","0.3","0.2","0.15","0.1","0","66.66666667","66.66666667","0","6.666666667","3.333333333","10","0","10","5","15"
"","","UGP2014NAM-OT03","","","","","","","","","UGP2014NAM-OT03-03861","","","","3","1","1","2","5","4","7","1","0","0","0","0","0.4","","","","","","","0","0.4","0","","","","0","0","0","0","0","0","0.4","0.133333333","","0","33.33333333","0","0","4.444444444","4.444444444","0","0","13.33333333","13.33333333"
"","","UGP2014NAM-OT03","","","","","","","","","UGP2014NAM-OT03-03862","","","","3","2","3","6","8","2","4","2","1","1","0.06","0.03","2.7","2","1","1","3","7","1.76","0.09","2.79","2","0.06","0.03","0.045","1","0.666666667","0.5","0.333333333","0.045","0.03","1.35","0.9","50","3.225806452","66.66666667","0.666666667","1","30","31","1","1.5","45","46.5"
"","","UGP2014NAM-OT03","","","","","","","","","UGP2014NAM-OT03-03863","","","","3","1","1","2","5","5","8","1","0","0","0","0","1.2","","","","","","","0","1.2","0","","","","0","0","0","0","0","0","1.2","0.4","","0","33.33333333","0","0","13.33333333","13.33333333","0","0","40","40"
"","","UGP2014NAM-OT03","","","","","","","","","UGP2014NAM-OT03-03864","","","","3","2","1","3","7","2","4","2","2","0","0.68","0","1","9","1","1","3","9","0","0.68","1.68","2","0.34","","0.34","1","0.666666667","1","0.666666667","0.34","0.226666667","0.5","0.333333333","100","40.47619048","66.66666667","7.555555556","7.555555556","11.11111111","18.66666667","11.33333333","11.33333333","16.66666667","28"
"","","UGP2014NAM-OT03","","","","","","","","","UGP2014NAM-OT03-03865","","","","3","0","","","","","","0","0","0","0","0","0","","","","","","","0","0","0","","","","","0","","0","","0","","0","","","0","0","0","0","0","","","",""
"","","UGP2014NAM-OT03","","","","","","","","","UGP2014NAM-OT03-03866","","","","3","0","","","","","","0","0","0","0","0","0","","","","","","","0","0","0","","","","","0","","0","","0","","0","","","0","0","0","0","0","","","",""
"","","UGP2014NAM-OT03","","","","","","","","","UGP2014NAM-OT03-03867","","","","3","0","","","","","","0","0","0","0","0","0","","","","","","","0","0","0","","","","","0","","0","","0","","0","","","0","0","0","0","0","","","",""
"","","UGP2014NAM-OT03","","","","","","","","","UGP2014NAM-OT03-03868","","","","3","2","2","2","5","4","7","2","0","0","0","0","1.5","","","","","","","0","1.5","0","","","","0","0","0","0","0","0","0.75","0.5","","0","66.66666667","0","0","16.66666667","16.66666667","0","0","25","25"
"","","UGP2014NAM-OT03","","","","","","","","","UGP2014NAM-OT03-03869","","","","3","2","2","2","6","1","3","2","0","0","0","0","1.5","","","","","","","0","1.5","0","","","","0","0","0","0","0","0","0.75","0.5","","0","66.66666667","0","0","16.66666667","16.66666667","0","0","25","25"
"","","UGP2014NAM-OT03","","","","","","","","","UGP2014NAM-OT03-03870","","","","3","3","2","2","7","2","4","1","0","0","0","0","1.2","","","","","","","0","1.2","0","","","","0","0","0","0","0","0","1.2","0.4","","0","33.33333333","0","0","13.33333333","13.33333333","0","0","40","40"
"","","UGP2014NAM-OT03","","","","","","","","","UGP2014NAM-OT03-03871","","","","3","2","2","2","5","1","2","2","0","0","0","0","1","","","","","","","0","1","0","","","","0","0","0","0","0","0","0.5","0.333333333","","0","66.66666667","0","0","11.11111111","11.11111111","0","0","16.66666667","16.66666667"
"","","UGP2014NAM-OT03","","","","","","","","","UGP2014NAM-OT03-03872","","","","3","2","2","2","6","1","2","2","0","0","0","0","3","","","","","","","0","3","0","","","","0","0","0","0","0","0","1.5","1","","0","66.66666667","0","0","33.33333333","33.33333333","0","0","50","50"
"","","UGP2014NAM-OT03","","","","","","","","","UGP2014NAM-OT03-03873","","","","3","0","","","","","","0","0","0","0","0","0","","","","","","","0","0","0","","","","","0","","0","","0","","0","","","0","0","0","0","0","","","",""
"","","UGP2014NAM-OT03","","","","","","","","","UGP2014NAM-OT03-03874","","","","3","2","2","6","6","4","7","2","0","0","0","0","2","","","","","","","0","2","0","","","","0","0","0","0","0","0","1","0.666666667","","0","66.66666667","0","0","22.22222222","22.22222222","0","0","33.33333333","33.33333333"
"","","UGP2014NAM-OT03","","","","","","","","","UGP2014NAM-OT03-03875","","","","3","0","","","","","","0","0","0","0","0","0","","","","","","","0","0","0","","","","","0","","0","","0","","0","","","0","0","0","0","0","","","",""
"","","UGP2014NAM-OT03","","","","","","","","","UGP2014NAM-OT03-03876","","","","3","1","1","2","7","2","4","1","1","0","0.06","0","1","2","1","1","8","9","0","0.06","1.06","1","0.06","","0.06","1","0.333333333","1","0.333333333","0.06","0.02","1","0.333333333","100","5.660377358","33.33333333","0.666666667","0.666666667","11.11111111","11.77777778","2","2","33.33333333","35.33333333"
"","","UGP2014NAM-OT03","","","","","","","","","UGP2014NAM-OT03-03877","","","","3","0","","","","","","0","0","0","0","0","0","","","","","","","0","0","0","","","","","0","","0","","0","","0","","","0","0","0","0","0","","","",""
"","","UGP2014NAM-OT03","","","","","","","","","UGP2014NAM-OT03-03878","","","","3","2","1","2","8","1","3","2","3","1","0.26","0.03","2.5","9","1","1","8","7","0","0.29","2.79","4","0.086666667","0.03","0.0725","2","1.333333333","1.5","1","0.145","0.096666667","1.25","0.833333333","75","10.39426523","66.66666667","2.888888889","3.222222222","27.77777778","31","4.333333333","4.833333333","41.66666667","46.5"
"","","UGP2014NAM-OT03","","","","","","","","","UGP2014NAM-OT03-03879","","","","3","2","2","3","7","1","2","2","0","0","0","0","6","","","","","","","0","6","0","","","","0","0","0","0","0","0","3","2","","0","66.66666667","0","0","66.66666667","66.66666667","0","0","100","100"
"","","UGP2014NAM-OT03","","","","","","","","","UGP2014NAM-OT03-03880","","","","3","0","","","","","","0","0","0","0","0","0","","","","","","","0","0","0","","","","","0","","0","","0","","0","","","0","0","0","0","0","","","",""
"","","UGP2014NAM-OT03","","","","","","","","","UGP2014NAM-OT03-03881","","","","3","1","3","4","6","1","2","1","0","0","0","0","2","","","","","","","0","2","0","","","","0","0","0","0","0","0","2","0.666666667","","0","33.33333333","0","0","22.22222222","22.22222222","0","0","66.66666667","66.66666667"
"","","UGP2014NAM-OT03","","","","","","","","","UGP2014NAM-OT03-03882","","","","3","1","1","2","6","1","3","1","0","0","0","0","2.1","","","","","","","0","2.1","0","","","","0","0","0","0","0","0","2.1","0.7","","0","33.33333333","0","0","23.33333333","23.33333333","0","0","70","70"
"","","UGP2014NAM-OT03","","","","","","","","","UGP2014NAM-OT03-03883","","","","3","1","3","3","6","1","3","1","4","0","0.24","0","6","2","3","2","7","2","0","0.24","6.24","4","0.06","","0.06","4","1.333333333","4","1.333333333","0.24","0.08","6","2","100","3.846153846","33.33333333","2.666666667","2.666666667","66.66666667","69.33333333","8","8","200","208"
"","","UGP2014NAM-OT03","","","","","","","","","UGP2014NAM-OT03-03884","","","","3","1","3","3","6","3","6","1","1","0","0.3","0","3.7","9","2","1","9","7","0.02","0.3","4","1","0.3","","0.3","1","0.333333333","1","0.333333333","0.3","0.1","3.7","1.233333333","100","7.5","33.33333333","3.333333333","3.333333333","41.11111111","44.44444444","10","10","123.3333333","133.3333333"
"","","UGP2014NAM-OT03","","","","","","","","","UGP2014NAM-OT03-03885","","","","3","2","1","2","7","1","3","2","2","0","0.6","0","1.5","2","2","1","8","3","0","0.6","2.1","2","0.3","","0.3","1","0.666666667","1","0.666666667","0.3","0.2","0.75","0.5","100","28.57142857","66.66666667","6.666666667","6.666666667","16.66666667","23.33333333","10","10","25","35"
"","","UGP2014NAM-OT03","","","","","","","","","UGP2014NAM-OT03-03886","","","","3","1","2","2","6","1","3","1","1","0","0.36","0","0.6","8","2","1","1","1","3.03","0.36","0.96","1","0.36","","0.36","1","0.333333333","1","0.333333333","0.36","0.12","0.6","0.2","100","37.5","33.33333333","4","4","6.666666667","10.66666667","12","12","20","32"
"","","UGP2014NAM-OT03","","","","","","","","","UGP2014NAM-OT03-03887","","","","3","1","1","2","7","1","2","1","1","1","0.11","0.04","1.2","2","3","3","3","5","0","0.15","1.35","2","0.11","0.04","0.075","2","0.666666667","1","0.333333333","0.15","0.05","1.2","0.4","50","11.11111111","33.33333333","1.222222222","1.666666667","13.33333333","15","3.666666667","5","40","45"
"","","UGP2014NAM-OT03","","","","","","","","","UGP2014NAM-OT03-03888","","","","3","2","1","2","6","1","3","2","0","0","0","0","1","","","","","","","0","1","0","","","","0","0","0","0","0","0","0.5","0.333333333","","0","66.66666667","0","0","11.11111111","11.11111111","0","0","16.66666667","16.66666667"
"","","UGP2014NAM-OT03","","","","","","","","","UGP2014NAM-OT03-03889","","","","3","2","1","2","7","1","3","2","3","2","0.3","0.08","2","8","1","1","3","5","1.5","0.38","2.38","5","0.1","0.04","0.076","2.5","1.666666667","1.5","1","0.19","0.126666667","1","0.666666667","60","15.96638655","66.66666667","3.333333333","4.222222222","22.22222222","26.44444444","5","6.333333333","33.33333333","39.66666667"
"","","UGP2014NAM-OT03","","","","","","","","","UGP2014NAM-OT03-03890","","","","3","2","1","2","8","1","2","2","9","5","0.5","0.12","4","8","1","1","3","7","0","0.62","4.62","14","0.055555556","0.024","0.044285714","7","4.666666667","4.5","3","0.31","0.206666667","2","1.333333333","64.28571429","13.41991342","66.66666667","5.555555556","6.888888889","44.44444444","51.33333333","8.333333333","10.33333333","66.66666667","77"
"","","UGP2014NAM-OT03","","","","","","","","","UGP2014NAM-OT03-03891","","","","3","1","1","2","7","1","2","1","1","0","0.18","0","4.3","9","1","1","7","7","0.02","0.18","4.48","1","0.18","","0.18","1","0.333333333","1","0.333333333","0.18","0.06","4.3","1.433333333","100","4.017857143","33.33333333","2","2","47.77777778","49.77777778","6","6","143.3333333","149.3333333"
"","","UGP2014NAM-OT03","","","","","","","","","UGP2014NAM-OT03-03892","","","","3","0","","","","","","0","0","0","0","0","0","","","","","","","0","0","0","","","","","0","","0","","0","","0","","","0","0","0","0","0","","","",""
"","","UGP2014NAM-OT03","","","","","","","","","UGP2014NAM-OT03-03893","","","","3","1","1","2","5","3","7","1","1","0","0.12","0","1.2","6","1","1","3","7","0","0.12","1.32","1","0.12","","0.12","1","0.333333333","1","0.333333333","0.12","0.04","1.2","0.4","100","9.090909091","33.33333333","1.333333333","1.333333333","13.33333333","14.66666667","4","4","40","44"
"","","UGP2014NAM-OT03","","","","","","","","","UGP2014NAM-OT03-03894","","","","3","2","1","2","7","2","4","2","0","0","0","0","1.5","","","","","","","0","1.5","0","","","","0","0","0","0","0","0","0.75","0.5","","0","66.66666667","0","0","16.66666667","16.66666667","0","0","25","25"
"","","UGP2014NAM-OT03","","","","","","","","","UGP2014NAM-OT03-03895","","","","3","3","1","2","6","3","7","3","0","0","0","0","1","","","","","","","0","1","0","","","","0","0","0","0","0","0","0.333333333","0.333333333","","0","100","0","0","11.11111111","11.11111111","0","0","11.11111111","11.11111111"
"","","UGP2014NAM-OT03","","","","","","","","","UGP2014NAM-OT03-03896","","","","3","2","1","2","8","1","3","2","0","0","0","0","1.5","","","","","","","0","1.5","0","","","","0","0","0","0","0","0","0.75","0.5","","0","66.66666667","0","0","16.66666667","16.66666667","0","0","25","25"
"","","UGP2014NAM-OT03","","","","","","","","","UGP2014NAM-OT03-03897","","","","3","2","1","2","7","1","3","1","0","0","0","0","1.3","","","","","","","0","1.3","0","","","","0","0","0","0","0","0","1.3","0.433333333","","0","33.33333333","0","0","14.44444444","14.44444444","0","0","43.33333333","43.33333333"
"","","UGP2014NAM-OT03","","","","","","","","","UGP2014NAM-OT03-03898","","","","3","3","1","3","5","1","2","1","0","0","0","0","0.12","","","","","","","0","0.12","0","","","","0","0","0","0","0","0","0.12","0.04","","0","33.33333333","0","0","1.333333333","1.333333333","0","0","4","4"
"","","UGP2014NAM-OT03","","","","","","","","","UGP2014NAM-OT03-03899","","","","3","2","1","2","7","2","4","2","0","0","0","0","0.52","","","","","","","0","0.52","0","","","","0","0","0","0","0","0","0.26","0.173333333","","0","66.66666667","0","0","5.777777778","5.777777778","0","0","8.666666667","8.666666667"
"","","UGP2014NAM-OT03","","","","","","","","","UGP2014NAM-OT03-03900","","","","3","2","1","3","7","2","4","2","2","5","0.12","0.08","2","2","1","1","9","9","1.5","0.2","2.2","7","0.06","0.016","0.028571429","3.5","2.333333333","1","0.666666667","0.1","0.066666667","1","0.666666667","28.57142857","9.090909091","66.66666667","1.333333333","2.222222222","22.22222222","24.44444444","2","3.333333333","33.33333333","36.66666667"
"","","UGP2014NAM-OT03","","","","","","","","","UGP2014NAM-OT03-03901","","","","3","2","2","3","6","1","3","2","1","0","0.3","0","4.1","2","1","1","1","1","0.02","0.3","4.4","1","0.3","","0.3","0.5","0.333333333","0.5","0.333333333","0.15","0.1","2.05","1.366666667","100","6.818181818","66.66666667","3.333333333","3.333333333","45.55555556","48.88888889","5","5","68.33333333","73.33333333"
"","","UGP2014NAM-OT03","","","","","","","","","UGP2014NAM-OT03-03902","","","","3","3","2","2","5","5","9","3","0","0","0","0","0.2","","","","","","","0","0.2","0","","","","0","0","0","0","0","0","0.066666667","0.066666667","","0","100","0","0","2.222222222","2.222222222","0","0","2.222222222","2.222222222"
"","","UGP2014NAM-OT03","","","","","","","","","UGP2014NAM-OT03-03903","","","","3","0","","","","","","0","0","0","0","0","0","","","","","","","0","0","0","","","","","0","","0","","0","","0","","","0","0","0","0","0","","","",""
"","","UGP2014NAM-OT03","","","","","","","","","UGP2014NAM-OT03-03904","","","","3","3","1","2","6","3","6","3","2","1","0.36","0.03","2.6","9","1","1","3","7","0","0.39","2.99","3","0.18","0.03","0.13","1","1","0.666666667","0.666666667","0.13","0.13","0.866666667","0.866666667","66.66666667","13.04347826","100","4","4.333333333","28.88888889","33.22222222","4","4.333333333","28.88888889","33.22222222"
"","","UGP2014NAM-OT03","","","","","","","","","UGP2014NAM-OT03-03905","","","","3","1","1","2","5","4","8","1","1","1","0.16","0.4","0.26","2","1","1","7","7","1.76","0.56","0.82","2","0.16","0.4","0.28","2","0.666666667","1","0.333333333","0.56","0.186666667","0.26","0.086666667","50","68.29268293","33.33333333","1.777777778","6.222222222","2.888888889","9.111111111","5.333333333","18.66666667","8.666666667","27.33333333"
"","","UGP2014NAM-OT03","","","","","","","","","UGP2014NAM-OT03-03906","","","","3","3","1","2","9","1","3","3","0","0","0","0","4.7","","","","","","","0","4.7","0","","","","0","0","0","0","0","0","1.566666667","1.566666667","","0","100","0","0","52.22222222","52.22222222","0","0","52.22222222","52.22222222"
"","","UGP2014NAM-OT03","","","","","","","","","UGP2014NAM-OT03-03907","","","","3","2","1","2","5","1","2","2","0","0","0","0","4.5","","","","","","","0","4.5","0","","","","0","0","0","0","0","0","2.25","1.5","","0","66.66666667","0","0","50","50","0","0","75","75"
"","","UGP2014NAM-OT03","","","","","","","","","UGP2014NAM-OT03-03908","","","","3","1","1","2","6","2","4","1","0","0","0","0","3","","","","","","","0","3","0","","","","0","0","0","0","0","0","3","1","","0","33.33333333","0","0","33.33333333","33.33333333","0","0","100","100"
"","","UGP2014NAM-OT03","","","","","","","","","UGP2014NAM-OT03-03909","","","","3","2","2","2","6","3","6","2","0","0","0","0","1","","","","","","","0","1","0","","","","0","0","0","0","0","0","0.5","0.333333333","","0","66.66666667","0","0","11.11111111","11.11111111","0","0","16.66666667","16.66666667"
"","","UGP2014NAM-OT03","","","","","","","","","UGP2014NAM-OT03-03910","","","","3","1","1","2","8","1","2","1","0","0","0","0","3.2","","","","","","","0","3.2","0","","","","0","0","0","0","0","0","3.2","1.066666667","","0","33.33333333","0","0","35.55555556","35.55555556","0","0","106.6666667","106.6666667"
"","","UGP2014NAM-OT03","","","","","","","","","UGP2014NAM-OT03-03911","","","","3","2","1","4","7","1","2","2","3","1","0.5","0.01","0.7","6","1","1","1","5","11.03","0.51","1.21","4","0.166666667","0.01","0.1275","2","1.333333333","1.5","1","0.255","0.17","0.35","0.233333333","75","42.14876033","66.66666667","5.555555556","5.666666667","7.777777778","13.44444444","8.333333333","8.5","11.66666667","20.16666667"
"","","UGP2014NAM-OT03","","","","","","","","","UGP2014NAM-OT03-03912","","","","3","1","1","2","7","2","4","1","4","0","0.88","0","1.5","6","2","5","4","1","3.96","0.88","2.38","4","0.22","","0.22","4","1.333333333","4","1.333333333","0.88","0.293333333","1.5","0.5","100","36.97478992","33.33333333","9.777777778","9.777777778","16.66666667","26.44444444","29.33333333","29.33333333","50","79.33333333"
"","","UGP2014NAM-OT03","","","","","","","","","UGP2014NAM-OT03-03913","","","","3","2","3","6","6","2","4","2","1","0","0.2","0","2.8","6","1","1","4","3","0","0.2","3","1","0.2","","0.2","0.5","0.333333333","0.5","0.333333333","0.1","0.066666667","1.4","0.933333333","100","6.666666667","66.66666667","2.222222222","2.222222222","31.11111111","33.33333333","3.333333333","3.333333333","46.66666667","50"
"","","UGP2014NAM-OT03","","","","","","","","","UGP2014NAM-OT03-03914","","","","3","0","","","","","","0","0","0","0","0","0","","","","","","","0","0","0","","","","","0","","0","","0","","0","","","0","0","0","0","0","","","",""
"","","UGP2014NAM-OT03","","","","","","","","","UGP2014NAM-OT03-03915","","","","3","0","","","","","","0","0","0","0","0","0","","","","","","","0","0","0","","","","","0","","0","","0","","0","","","0","0","0","0","0","","","",""
"","","UGP2014NAM-OT03","","","","","","","","","UGP2014NAM-OT03-03916","","","","3","1","2","3","8","1","","1","5","5","0.73","0.1","5.5","2","2","1","6","3","0","0.83","6.33","10","0.146","0.02","0.083","10","3.333333333","5","1.666666667","0.83","0.276666667","5.5","1.833333333","50","13.1121643","33.33333333","8.111111111","9.222222222","61.11111111","70.33333333","24.33333333","27.66666667","183.3333333","211"
"","","UGP2014NAM-OT03","","","","","","","","","UGP2014NAM-OT03-03917","","","","3","1","1","2","9","1","2","1","3","0","0.55","0","5","9","1","1","3","7","5.46","0.55","5.55","3","0.183333333","","0.183333333","3","1","3","1","0.55","0.183333333","5","1.666666667","100","9.90990991","33.33333333","6.111111111","6.111111111","55.55555556","61.66666667","18.33333333","18.33333333","166.6666667","185"
"","","UGP2014NAM-OT03","","","","","","","","","UGP2014NAM-OT03-03918","","","","3","2","1","2","8","2","4","2","0","0","0","0","0.92","","","","","","","0","0.92","0","","","","0","0","0","0","0","0","0.46","0.306666667","","0","66.66666667","0","0","10.22222222","10.22222222","0","0","15.33333333","15.33333333"
"","","UGP2014NAM-OT03","","","","","","","","","UGP2014NAM-OT03-03919","","","","3","2","1","2","6","3","7","2","0","1","0","0.02","1","8","1","1","2","9","1.76","0.02","1.02","1","","0.02","0.02","0.5","0.333333333","0","0","0.01","0.006666667","0.5","0.333333333","0","1.960784314","66.66666667","0","0.222222222","11.11111111","11.33333333","0","0.333333333","16.66666667","17"
"","","UGP2014NAM-OT03","","","","","","","","","UGP2014NAM-OT03-03920","","","","3","1","1","2","5","2","4","1","0","0","0","0","0.28","","","","","","","0","0.28","0","","","","0","0","0","0","0","0","0.28","0.093333333","","0","33.33333333","0","0","3.111111111","3.111111111","0","0","9.333333333","9.333333333"
"","","UGP2014NAM-OT03","","","","","","","","","UGP2014NAM-OT03-03921","","","","3","3","1","2","6","1","2","1","0","0","0","0","1.5","","","","","","","0","1.5","0","","","","0","0","0","0","0","0","1.5","0.5","","0","33.33333333","0","0","16.66666667","16.66666667","0","0","50","50"
"","","UGP2014NAM-OT03","","","","","","","","","UGP2014NAM-OT03-03922","","","","3","2","1","2","6","3","5","2","1","2","0.08","0.06","1","5","2","3","9","9","0.02","0.14","1.14","3","0.08","0.03","0.046666667","1.5","1","0.5","0.333333333","0.07","0.046666667","0.5","0.333333333","33.33333333","12.28070175","66.66666667","0.888888889","1.555555556","11.11111111","12.66666667","1.333333333","2.333333333","16.66666667","19"
"","","UGP2014NAM-OT03","","","","","","","","","UGP2014NAM-OT03-03923","","","","3","2","3","4","5","1","2","2","0","0","0","0","2.7","","","","","","","0","2.7","0","","","","0","0","0","0","0","0","1.35","0.9","","0","66.66666667","0","0","30","30","0","0","45","45"
"","","UGP2014NAM-OT03","","","","","","","","","UGP2014NAM-OT03-03924","","","","3","1","1","3","9","1","2","1","7","2","1.28","0.03","","9","1","1","5","3","1.5","1.31","","9","0.182857143","0.015","0.145555556","9","3","7","2.333333333","1.31","0.436666667","","","77.77777778","","33.33333333","14.22222222","14.55555556","","","42.66666667","43.66666667","",""
"","","UGP2014NAM-OT03","","","","","","","","","UGP2014NAM-OT03-03925","","","","3","0","","","","","","0","0","0","0","0","0","","","","","","","0","0","0","","","","","0","","0","","0","","0","","","0","0","0","0","0","","","",""
"","","UGP2014NAM-OT03","","","","","","","","","UGP2014NAM-OT03-03926","","","","3","2","1","6","6","1","2","2","2","0","0.28","0","2","2","2","1","4","7","0","0.28","2.28","2","0.14","","0.14","1","0.666666667","1","0.666666667","0.14","0.093333333","1","0.666666667","100","12.28070175","66.66666667","3.111111111","3.111111111","22.22222222","25.33333333","4.666666667","4.666666667","33.33333333","38"
"","","UGP2014NAM-OT03","","","","","","","","","UGP2014NAM-OT03-03927","","","","3","2","1","3","7","1","3","1","1","0","0.12","0","1.7","9","1","1","2","7","0.12","0.12","1.82","1","0.12","","0.12","1","0.333333333","1","0.333333333","0.12","0.04","1.7","0.566666667","100","6.593406593","33.33333333","1.333333333","1.333333333","18.88888889","20.22222222","4","4","56.66666667","60.66666667"
"","","UGP2014NAM-OT03","","","","","","","","","UGP2014NAM-OT03-03928","","","","3","0","","","","","","0","0","0","0","0","0","","","","","","","0","0","0","","","","","0","","0","","0","","0","","","0","0","0","0","0","","","",""
"","","UGP2014NAM-OT03","","","","","","","","","UGP2014NAM-OT03-03929","","","","3","0","","","","","","0","0","0","0","0","0","","","","","","","0","0","0","","","","","0","","0","","0","","0","","","0","0","0","0","0","","","",""
"","","UGP2014NAM-OT03","","","","","","","","","UGP2014NAM-OT03-03930","","","","3","0","","","","","","0","0","0","0","0","0","","","","","","","0","0","0","","","","","0","","0","","0","","0","","","0","0","0","0","0","","","",""
"","","UGP2014NAM-OT03","","","","","","","","","UGP2014NAM-OT03-03931","","","","3","3","1","2","5","4","7","3","0","0","0","0","0.56","","","","","","","0","0.56","0","","","","0","0","0","0","0","0","0.186666667","0.186666667","","0","100","0","0","6.222222222","6.222222222","0","0","6.222222222","6.222222222"
"","","UGP2014NAM-OT03","","","","","","","","","UGP2014NAM-OT03-03932","","","","3","1","1","2","5","2","4","1","2","0","0.5","0","0.26","6","1","1","3","3","0","0.5","0.76","2","0.25","","0.25","2","0.666666667","2","0.666666667","0.5","0.166666667","0.26","0.086666667","100","65.78947368","33.33333333","5.555555556","5.555555556","2.888888889","8.444444444","16.66666667","16.66666667","8.666666667","25.33333333"
"","","UGP2014NAM-OT03","","","","","","","","","UGP2014NAM-OT03-03933","","","","3","3","1","2","5","4","7","3","2","2","0.15","0.16","0.24","6","1","1","3","7","0","0.31","0.55","4","0.075","0.08","0.0775","1.333333333","1.333333333","0.666666667","0.666666667","0.103333333","0.103333333","0.08","0.08","50","56.36363636","100","1.666666667","3.444444444","2.666666667","6.111111111","1.666666667","3.444444444","2.666666667","6.111111111"
"","","UGP2014NAM-OT03","","","","","","","","","UGP2014NAM-OT03-03934","","","","3","1","1","2","8","2","4","1","0","0","0","0","5.5","","","","","","","0","5.5","0","","","","0","0","0","0","0","0","5.5","1.833333333","","0","33.33333333","0","0","61.11111111","61.11111111","0","0","183.3333333","183.3333333"
"","","UGP2014NAM-OT03","","","","","","","","","UGP2014NAM-OT03-03935","","","","3","2","1","2","7","3","6","2","0","0","0","0","2","","","","","","","0","2","0","","","","0","0","0","0","0","0","1","0.666666667","","0","66.66666667","0","0","22.22222222","22.22222222","0","0","33.33333333","33.33333333"
"","","UGP2014NAM-OT03","","","","","","","","","UGP2014NAM-OT03-03936","","","","3","1","1","2","6","3","5","1","0","0","0","0","1.5","","","","","","","0","1.5","0","","","","0","0","0","0","0","0","1.5","0.5","","0","33.33333333","0","0","16.66666667","16.66666667","0","0","50","50"
"","","UGP2014NAM-OT03","","","","","","","","","UGP2014NAM-OT03-03937","","","","3","1","1","2","8","1","2","1","1","0","0.88","0","1","6","2","1","1","1","0","0.88","1.88","1","0.88","","0.88","1","0.333333333","1","0.333333333","0.88","0.293333333","1","0.333333333","100","46.80851064","33.33333333","9.777777778","9.777777778","11.11111111","20.88888889","29.33333333","29.33333333","33.33333333","62.66666667"
"","","UGP2014NAM-OT03","","","","","","","","","UGP2014NAM-OT03-03938","","","","3","1","1","2","7","1","3","1","2","1","0.18","0.03","1.5","2","1","1","9","9","0","0.21","1.71","3","0.09","0.03","0.07","3","1","2","0.666666667","0.21","0.07","1.5","0.5","66.66666667","12.28070175","33.33333333","2","2.333333333","16.66666667","19","6","7","50","57"
"","","UGP2014NAM-OT03","","","","","","","","","UGP2014NAM-OT03-03939","","","","3","1","1","2","7","1","3","1","0","0","0","0","0.8","","","","","","","0","0.8","0","","","","0","0","0","0","0","0","0.8","0.266666667","","0","33.33333333","0","0","8.888888889","8.888888889","0","0","26.66666667","26.66666667"
"","","UGP2014NAM-OT03","","","","","","","","","UGP2014NAM-OT03-03940","","","","3","0","","","","","","0","0","0","0","0","0","","","","","","","0","0","0","","","","","0","","0","","0","","0","","","0","0","0","0","0","","","",""
"","","UGP2014NAM-OT03","","","","","","","","","UGP2014NAM-OT03-03941","","","","3","1","1","2","5","4","7","1","0","0","0","0","0.7","","","","","","","0","0.7","0","","","","0","0","0","0","0","0","0.7","0.233333333","","0","33.33333333","0","0","7.777777778","7.777777778","0","0","23.33333333","23.33333333"
"","","UGP2014NAM-OT03","","","","","","","","","UGP2014NAM-OT03-03942","","","","3","0","","","","","","0","0","0","0","0","0","","","","","","","0","0","0","","","","","0","","0","","0","","0","","","0","0","0","0","0","","","",""
"","","UGP2014NAM-OT03","","","","","","","","","UGP2014NAM-OT03-03943","","","","3","2","1","2","7","1","3","2","0","0","0","0","5","","","","","","","0","5","0","","","","0","0","0","0","0","0","2.5","1.666666667","","0","66.66666667","0","0","55.55555556","55.55555556","0","0","83.33333333","83.33333333"
"","","UGP2014NAM-OT03","","","","","","","","","UGP2014NAM-OT03-03944","","","","3","1","1","2","7","2","4","1","0","3","0","0.06","3","9","1","1","3","9","3.96","0.06","3.06","3","","0.02","0.02","3","1","0","0","0.06","0.02","3","1","0","1.960784314","33.33333333","0","0.666666667","33.33333333","34","0","2","100","102"
"","","UGP2014NAM-OT03","","","","","","","","","UGP2014NAM-OT03-03945","","","","3","2","1","2","6","1","3","2","1","0","0.1","0","0.28","9","1","1","3","7","0","0.1","0.38","1","0.1","","0.1","0.5","0.333333333","0.5","0.333333333","0.05","0.033333333","0.14","0.093333333","100","26.31578947","66.66666667","1.111111111","1.111111111","3.111111111","4.222222222","1.666666667","1.666666667","4.666666667","6.333333333"
"","","UGP2014NAM-OT03","","","","","","","","","UGP2014NAM-OT03-03946","","","","3","1","1","4","4","1","3","1","0","0","0","0","1.4","","","","","","","0","1.4","0","","","","0","0","0","0","0","0","1.4","0.466666667","","0","33.33333333","0","0","15.55555556","15.55555556","0","0","46.66666667","46.66666667"
"","","UGP2014NAM-OT03","","","","","","","","","UGP2014NAM-OT03-03947","","","","3","3","1","6","7","3","5","3","1","1","0.1","0.04","9","9","1","1","3","7","0","0.14","9.14","2","0.1","0.04","0.07","0.666666667","0.666666667","0.333333333","0.333333333","0.046666667","0.046666667","3","3","50","1.531728665","100","1.111111111","1.555555556","100","101.5555556","1.111111111","1.555555556","100","101.5555556"
"","","UGP2014NAM-OT03","","","","","","","","","UGP2014NAM-OT03-03948","","","","3","2","1","2","5","4","6","2","0","0","0","0","1","","","","","","","0","1","0","","","","0","0","0","0","0","0","0.5","0.333333333","","0","66.66666667","0","0","11.11111111","11.11111111","0","0","16.66666667","16.66666667"
"","","UGP2014NAM-OT03","","","","","","","","","UGP2014NAM-OT03-03949","","","","3","1","1","2","6","1","3","1","0","0","0","0","1.5","","","","","","","0","1.5","0","","","","0","0","0","0","0","0","1.5","0.5","","0","33.33333333","0","0","16.66666667","16.66666667","0","0","50","50"
"","","UGP2014NAM-OT03","","","","","","","","","UGP2014NAM-OT03-03950","","","","3","3","2","3","8","1","2","1","2","4","0.16","0.1","3","2","1","1","5","9","0.02","0.26","3.26","6","0.08","0.025","0.043333333","6","2","2","0.666666667","0.26","0.086666667","3","1","33.33333333","7.975460123","33.33333333","1.777777778","2.888888889","33.33333333","36.22222222","5.333333333","8.666666667","100","108.6666667"
"","","UGP2014NAM-OT03","","","","","","","","","UGP2014NAM-OT03-03951","","","","3","3","4","8","6","1","2","1","0","0","0","0","1.5","","","","","","","0","1.5","0","","","","0","0","0","0","0","0","1.5","0.5","","0","33.33333333","0","0","16.66666667","16.66666667","0","0","50","50"
"","","UGP2014NAM-OT03","","","","","","","","","UGP2014NAM-OT03-03952","","","","3","2","3","6","8","1","2","2","4","3","0.38","0.1","0.2","6","1","1","5","5","7.76","0.48","0.68","7","0.095","0.033333333","0.068571429","3.5","2.333333333","2","1.333333333","0.24","0.16","0.1","0.066666667","57.14285714","70.58823529","66.66666667","4.222222222","5.333333333","2.222222222","7.555555556","6.333333333","8","3.333333333","11.33333333"
"","","UGP2014NAM-OT03","","","","","","","","","UGP2014NAM-OT03-03953","","","","3","1","1","2","6","3","6","1","0","0","0","0","0.3","","","","","","","0","0.3","0","","","","0","0","0","0","0","0","0.3","0.1","","0","33.33333333","0","0","3.333333333","3.333333333","0","0","10","10"
"","","UGP2014NAM-OT03","","","","","","","","","UGP2014NAM-OT03-03954","","","","3","3","1","3","6","1","3","3","1","1","0.04","0.1","1","9","1","1","2","7","0.15","0.14","1.14","2","0.04","0.1","0.07","0.666666667","0.666666667","0.333333333","0.333333333","0.046666667","0.046666667","0.333333333","0.333333333","50","12.28070175","100","0.444444444","1.555555556","11.11111111","12.66666667","0.444444444","1.555555556","11.11111111","12.66666667"
"","","UGP2014NAM-OT03","","","","","","","","","UGP2014NAM-OT03-03955","","","","3","2","2","7","6","4","6","2","3","0","0.34","0","2.7","9","3","4","1","5","0","0.34","3.04","3","0.113333333","","0.113333333","1.5","1","1.5","1","0.17","0.113333333","1.35","0.9","100","11.18421053","66.66666667","3.777777778","3.777777778","30","33.77777778","5.666666667","5.666666667","45","50.66666667"
"","","UGP2014NAM-OT03","","","","","","","","","UGP2014NAM-OT03-03956","","","","3","0","","","","","","0","0","0","0","0","0","","","","","","","0","0","0","","","","","0","","0","","0","","0","","","0","0","0","0","0","","","",""
"","","UGP2014NAM-OT03","","","","","","","","","UGP2014NAM-OT03-03957","","","","3","1","1","2","7","1","2","1","3","0","0.18","0","1","2","1","1","1","7","0","0.18","1.18","3","0.06","","0.06","3","1","3","1","0.18","0.06","1","0.333333333","100","15.25423729","33.33333333","2","2","11.11111111","13.11111111","6","6","33.33333333","39.33333333"
"","","UGP2014NAM-OT03","","","","","","","","","UGP2014NAM-OT03-03958","","","","3","1","1","2","9","1","2","1","5","0","1","0","2","9","2","1","5","3","1.5","1","3","5","0.2","","0.2","5","1.666666667","5","1.666666667","1","0.333333333","2","0.666666667","100","33.33333333","33.33333333","11.11111111","11.11111111","22.22222222","33.33333333","33.33333333","33.33333333","66.66666667","100"
"","","UGP2014NAM-OT03","","","","","","","","","UGP2014NAM-OT03-03959","","","","3","3","1","2","7","3","6","3","0","1","0","0.3","8","2","1","3","3","9","0.02","0.3","8.3","1","","0.3","0.3","0.333333333","0.333333333","0","0","0.1","0.1","2.666666667","2.666666667","0","3.614457831","100","0","3.333333333","88.88888889","92.22222222","0","3.333333333","88.88888889","92.22222222"
"","","UGP2014NAM-OT03","","","","","","","","","UGP2014NAM-OT03-03960","","","","3","1","1","2","5","3","6","1","0","0","0","0","0.3","","","","","","","0","0.3","0","","","","0","0","0","0","0","0","0.3","0.1","","0","33.33333333","0","0","3.333333333","3.333333333","0","0","10","10"
"","","UGP2014NAM-OT03","","","","","","","","","UGP2014NAM-OT03-03961","","","","3","2","1","2","7","1","2","2","2","1","0.24","0.04","2","6","1","1","2","9","5.46","0.28","2.28","3","0.12","0.04","0.093333333","1.5","1","1","0.666666667","0.14","0.093333333","1","0.666666667","66.66666667","12.28070175","66.66666667","2.666666667","3.111111111","22.22222222","25.33333333","4","4.666666667","33.33333333","38"
"","","UGP2014NAM-OT03","","","","","","","","","UGP2014NAM-OT03-03962","","","","3","1","1","2","6","1","3","1","0","0","0","0","1","","","","","","","0","1","0","","","","0","0","0","0","0","0","1","0.333333333","","0","33.33333333","0","0","11.11111111","11.11111111","0","0","33.33333333","33.33333333"
"","","UGP2014NAM-OT03","","","","","","","","","UGP2014NAM-OT03-03963","","","","3","2","1","2","6","3","5","2","0","0","0","0","7","","","","","","","0","7","0","","","","0","0","0","0","0","0","3.5","2.333333333","","0","66.66666667","0","0","77.77777778","77.77777778","0","0","116.6666667","116.6666667"
"","","UGP2014NAM-OT03","","","","","","","","","UGP2014NAM-OT03-03964","","","","3","1","1","2","7","3","6","1","4","1","0.7","0.04","2","2","1","1","4","1","0.12","0.74","2.74","5","0.175","0.04","0.148","5","1.666666667","4","1.333333333","0.74","0.246666667","2","0.666666667","80","27.00729927","33.33333333","7.777777778","8.222222222","22.22222222","30.44444444","23.33333333","24.66666667","66.66666667","91.33333333"
"","","UGP2014NAM-OT03","","","","","","","","","UGP2014NAM-OT03-03965","","","","3","2","1","2","7","3","6","2","0","0","0","0","4","","","","","","","0","4","0","","","","0","0","0","0","0","0","2","1.333333333","","0","66.66666667","0","0","44.44444444","44.44444444","0","0","66.66666667","66.66666667"
"","","UGP2014NAM-OT03","","","","","","","","","UGP2014NAM-OT03-03966","","","","3","2","1","3","5","1","3","2","2","0","0.28","0","0.5","6","1","1","1","3","4.41","0.28","0.78","2","0.14","","0.14","1","0.666666667","1","0.666666667","0.14","0.093333333","0.25","0.166666667","100","35.8974359","66.66666667","3.111111111","3.111111111","5.555555556","8.666666667","4.666666667","4.666666667","8.333333333","13"
"","","UGP2014NAM-OT03","","","","","","","","","UGP2014NAM-OT03-03967","","","","3","1","3","6","7","1","3","1","5","4","0.26","0.1","9","6","1","1","3","9","1.38","0.36","9.36","9","0.052","0.025","0.04","9","3","5","1.666666667","0.36","0.12","9","3","55.55555556","3.846153846","33.33333333","2.888888889","4","100","104","8.666666667","12","300","312"
"","","UGP2014NAM-OT03","","","","","","","","","UGP2014NAM-OT03-03968","","","","3","1","2","2","9","1","2","1","3","0","0.3","0","6","9","1","1","2","5","1.5","0.3","6.3","3","0.1","","0.1","3","1","3","1","0.3","0.1","6","2","100","4.761904762","33.33333333","3.333333333","3.333333333","66.66666667","70","10","10","200","210"
"","","UGP2014NAM-OT03","","","","","","","","","UGP2014NAM-OT03-03969","","","","3","0","","","","","","0","0","0","0","0","0","","","","","","","0","0","0","","","","","0","","0","","0","","0","","","0","0","0","0","0","","","",""
"","","UGP2014NAM-OT03","","","","","","","","","UGP2014NAM-OT03-03970","","","","3","1","2","3","6","2","4","1","4","0","0.76","0","1","2","1","1","3","1","0.15","0.76","1.76","4","0.19","","0.19","4","1.333333333","4","1.333333333","0.76","0.253333333","1","0.333333333","100","43.18181818","33.33333333","8.444444444","8.444444444","11.11111111","19.55555556","25.33333333","25.33333333","33.33333333","58.66666667"
"","","UGP2014NAM-OT03","","","","","","","","","UGP2014NAM-OT03-03971","","","","3","3","1","2","6","2","4","3","0","0","0","0","2","","","","","","","0","2","0","","","","0","0","0","0","0","0","0.666666667","0.666666667","","0","100","0","0","22.22222222","22.22222222","0","0","22.22222222","22.22222222"
"","","UGP2014NAM-OT03","","","","","","","","","UGP2014NAM-OT03-03972","","","","3","1","1","3","8","1","2","1","0","0","0","0","2.5","","","","","","","0","2.5","0","","","","0","0","0","0","0","0","2.5","0.833333333","","0","33.33333333","0","0","27.77777778","27.77777778","0","0","83.33333333","83.33333333"
"","","UGP2014NAM-OT03","","","","","","","","","UGP2014NAM-OT03-03973","","","","3","2","1","2","7","3","6","2","2","0","0.74","0","2","5","1","1","5","3","4.41","0.74","2.74","2","0.37","","0.37","1","0.666666667","1","0.666666667","0.37","0.246666667","1","0.666666667","100","27.00729927","66.66666667","8.222222222","8.222222222","22.22222222","30.44444444","12.33333333","12.33333333","33.33333333","45.66666667"
"","","UGP2014NAM-OT03","","","","","","","","","UGP2014NAM-OT03-03974","","","","3","1","1","2","7","1","3","1","0","0","0","0","3.5","","","","","","","0","3.5","0","","","","0","0","0","0","0","0","3.5","1.166666667","","0","33.33333333","0","0","38.88888889","38.88888889","0","0","116.6666667","116.6666667"
"","","UGP2014NAM-OT03","","","","","","","","","UGP2014NAM-OT03-03975","","","","3","1","2","2","6","1","3","1","0","0","0","0","3","","","","","","","0","3","0","","","","0","0","0","0","0","0","3","1","","0","33.33333333","0","0","33.33333333","33.33333333","0","0","100","100"
"","","UGP2014NAM-OT03","","","","","","","","","UGP2014NAM-OT03-03976","","","","3","0","","","","","","0","0","0","0","0","0","","","","","","","0","0","0","","","","","0","","0","","0","","0","","","0","0","0","0","0","","","",""
"","","UGP2014NAM-OT03","","","","","","","","","UGP2014NAM-OT03-03977","","","","3","3","1","2","6","2","4","1","0","0","0","0","1","","","","","","","0","1","0","","","","0","0","0","0","0","0","1","0.333333333","","0","33.33333333","0","0","11.11111111","11.11111111","0","0","33.33333333","33.33333333"
"","","UGP2014NAM-OT03","","","","","","","","","UGP2014NAM-OT03-03978","","","","3","1","1","2","2","3","5","1","0","0","0","0","2.4","","","","","","","0","2.4","0","","","","0","0","0","0","0","0","2.4","0.8","","0","33.33333333","0","0","26.66666667","26.66666667","0","0","80","80"
"","","UGP2014NAM-OT03","","","","","","","","","UGP2014NAM-OT03-03979","","","","3","3","1","2","8","1","3","1","0","0","0","0","2","","","","","","","0","2","0","","","","0","0","0","0","0","0","2","0.666666667","","0","33.33333333","0","0","22.22222222","22.22222222","0","0","66.66666667","66.66666667"
"","","UGP2014NAM-OT03","","","","","","","","","UGP2014NAM-OT03-03980","","","","3","2","1","2","6","1","2","2","1","0","0.16","0","0.7","9","1","1","4","7","1.04","0.16","0.86","1","0.16","","0.16","0.5","0.333333333","0.5","0.333333333","0.08","0.053333333","0.35","0.233333333","100","18.60465116","66.66666667","1.777777778","1.777777778","7.777777778","9.555555556","2.666666667","2.666666667","11.66666667","14.33333333"
"","","UGP2014NAM-OT03","","","","","","","","","UGP2014NAM-OT03-03981","","","","3","1","1","2","7","2","4","1","0","0","0","0","1.5","","","","","","","0","1.5","0","","","","0","0","0","0","0","0","1.5","0.5","","0","33.33333333","0","0","16.66666667","16.66666667","0","0","50","50"
"","","UGP2014NAM-OT03","","","","","","","","","UGP2014NAM-OT03-03982","","","","3","2","1","2","7","1","2","2","1","0","0.4","0","2","6","1","1","1","3","0","0.4","2.4","1","0.4","","0.4","0.5","0.333333333","0.5","0.333333333","0.2","0.133333333","1","0.666666667","100","16.66666667","66.66666667","4.444444444","4.444444444","22.22222222","26.66666667","6.666666667","6.666666667","33.33333333","40"
"","","UGP2014NAM-OT03","","","","","","","","","UGP2014NAM-OT03-03983","","","","3","3","2","2","7","2","4","1","0","0","0","0","1.8","","","","","","","0","1.8","0","","","","0","0","0","0","0","0","1.8","0.6","","0","33.33333333","0","0","20","20","0","0","60","60"
"","","UGP2014NAM-OT03","","","","","","","","","UGP2014NAM-OT03-03984","","","","3","0","","","","","","0","0","0","0","0","0","","","","","","","0","0","0","","","","","0","","0","","0","","0","","","0","0","0","0","0","","","",""
"","","UGP2014NAM-OT03","","","","","","","","","UGP2014NAM-OT03-03985","","","","3","2","2","2","6","3","6","2","0","0","0","0","1","","","","","","","0","1","0","","","","0","0","0","0","0","0","0.5","0.333333333","","0","66.66666667","0","0","11.11111111","11.11111111","0","0","16.66666667","16.66666667"
"","","UGP2014NAM-OT03","","","","","","","","","UGP2014NAM-OT03-03986","","","","3","2","1","2","5","3","6","2","0","0","0","0","0.5","","","","","","","0","0.5","0","","","","0","0","0","0","0","0","0.25","0.166666667","","0","66.66666667","0","0","5.555555556","5.555555556","0","0","8.333333333","8.333333333"
"","","UGP2014NAM-OT03","","","","","","","","","UGP2014NAM-OT03-03987","","","","3","2","1","2","6","1","3","1","0","0","0","0","1.1","","","","","","","0","1.1","0","","","","0","0","0","0","0","0","1.1","0.366666667","","0","33.33333333","0","0","12.22222222","12.22222222","0","0","36.66666667","36.66666667"
"","","UGP2014NAM-OT03","","","","","","","","","UGP2014NAM-OT03-03988","","","","3","3","1","2","6","1","3","3","0","0","0","0","1","","","","","","","0","1","0","","","","0","0","0","0","0","0","0.333333333","0.333333333","","0","100","0","0","11.11111111","11.11111111","0","0","11.11111111","11.11111111"
"","","UGP2014NAM-OT03","","","","","","","","","UGP2014NAM-OT03-03989","","","","3","1","1","2","5","1","3","1","0","0","0","0","1.7","","","","","","","0","1.7","0","","","","0","0","0","0","0","0","1.7","0.566666667","","0","33.33333333","0","0","18.88888889","18.88888889","0","0","56.66666667","56.66666667"
"","","UGP2014NAM-OT03","","","","","","","","","UGP2014NAM-OT03-03990","","","","3","2","1","3","5","2","3","2","0","0","0","0","1.2","","","","","","","0","1.2","0","","","","0","0","0","0","0","0","0.6","0.4","","0","66.66666667","0","0","13.33333333","13.33333333","0","0","20","20"
"","","UGP2014NAM-OT03","","","","","","","","","UGP2014NAM-OT03-03991","","","","3","1","1","2","5","2","4","1","2","2","0.16","0.04","1","2","2","1","4","7","1.76","0.2","1.2","4","0.08","0.02","0.05","4","1.333333333","2","0.666666667","0.2","0.066666667","1","0.333333333","50","16.66666667","33.33333333","1.777777778","2.222222222","11.11111111","13.33333333","5.333333333","6.666666667","33.33333333","40"
"","","UGP2014NAM-OT03","","","","","","","","","UGP2014NAM-OT03-03992","","","","3","1","2","3","8","1","3","1","2","0","1.04","0","14","2","1","3","1","1","0","1.04","15.04","2","0.52","","0.52","2","0.666666667","2","0.666666667","1.04","0.346666667","14","4.666666667","100","6.914893617","33.33333333","11.55555556","11.55555556","155.5555556","167.1111111","34.66666667","34.66666667","466.6666667","501.3333333"
"","","UGP2014NAM-OT03","","","","","","","","","UGP2014NAM-OT03-03993","","","","3","0","","","","","","0","0","0","0","0","0","","","","","","","0","0","0","","","","","0","","0","","0","","0","","","0","0","0","0","0","","","",""
"","","UGP2014NAM-OT03","","","","","","","","","UGP2014NAM-OT03-03994","","","","3","2","1","6","7","1","2","2","0","2","0","0.04","1.5","6","1","1","2","9","0.02","0.04","1.54","2","","0.02","0.02","1","0.666666667","0","0","0.02","0.013333333","0.75","0.5","0","2.597402597","66.66666667","0","0.444444444","16.66666667","17.11111111","0","0.666666667","25","25.66666667"
"","","UGP2014NAM-OT03","","","","","","","","","UGP2014NAM-OT03-03995","","","","3","1","1","3","6","1","2","1","1","1","0.08","","1.5","2","1","1","3","9","3.96","","","2","0.08","","","2","0.666666667","1","0.333333333","","","1.5","0.5","50","","33.33333333","0.888888889","","16.66666667","","2.666666667","","50",""
"","","UGP2014NAM-OT03","","","","","","","","","UGP2014NAM-OT03-03996","","","","3","2","1","3","8","1","2","2","3","0","0.18","0","8","2","1","2","4","7","0.02","0.18","8.18","3","0.06","","0.06","1.5","1","1.5","1","0.09","0.06","4","2.666666667","100","2.200488998","66.66666667","2","2","88.88888889","90.88888889","3","3","133.3333333","136.3333333"
"","","UGP2014NAM-OT03","","","","","","","","","UGP2014NAM-OT03-03997","","","","3","1","1","2","7","1","2","1","4","3","0.6","0.06","0.7","6","1","1","3","3","0","0.66","1.36","7","0.15","0.02","0.094285714","7","2.333333333","4","1.333333333","0.66","0.22","0.7","0.233333333","57.14285714","48.52941176","33.33333333","6.666666667","7.333333333","7.777777778","15.11111111","20","22","23.33333333","45.33333333"
"","","UGP2014NAM-OT03","","","","","","","","","UGP2014NAM-OT03-03998","","","","3","0","","","","","","0","0","0","0","0","0","","","","","","","0","0","0","","","","","0","","0","","0","","0","","","0","0","0","0","0","","","",""
"","","UGP2014NAM-OT03","","","","","","","","","UGP2014NAM-OT03-03999","","","","3","0","","","","","","0","0","0","0","0","0","","","","","","","0","0","0","","","","","0","","0","","0","","0","","","0","0","0","0","0","","","",""
"","","UGP2014NAM-OT03","","","","","","","","","UGP2014NAM-OT03-04000","","","","3","2","1","2","7","1","2","2","30","30","4","0.38","5","9","1","1","3","5","11.03","4.38","9.38","60","0.133333333","0.012666667","0.073","30","20","15","10","2.19","1.46","2.5","1.666666667","50","46.69509595","66.66666667","44.44444444","48.66666667","55.55555556","104.2222222","66.66666667","73","83.33333333","156.3333333"
"","","UGP2014NAM-OT03","","","","","","","","","UGP2014NAM-OT03-04001","","","","3","1","1","2","5","2","4","1","3","2","0.03","0.08","2","2","1","1","1","7","0","0.11","2.11","5","0.01","0.04","0.022","5","1.666666667","3","1","0.11","0.036666667","2","0.666666667","60","5.213270142","33.33333333","0.333333333","1.222222222","22.22222222","23.44444444","1","3.666666667","66.66666667","70.33333333"
"","","UGP2014NAM-OT03","","","","","","","","","UGP2014NAM-OT03-04002","","","","3","2","2","3","6","4","7","2","3","1","0.48","0.04","1.7","2","2","1","6","3","0.15","0.52","2.22","4","0.16","0.04","0.13","2","1.333333333","1.5","1","0.26","0.173333333","0.85","0.566666667","75","23.42342342","66.66666667","5.333333333","5.777777778","18.88888889","24.66666667","8","8.666666667","28.33333333","37"
"","","UGP2014NAM-OT03","","","","","","","","","UGP2014NAM-OT03-04003","","","","3","2","2","4","7","2","4","2","0","0","0","0","1.5","","","","","","","0","1.5","0","","","","0","0","0","0","0","0","0.75","0.5","","0","66.66666667","0","0","16.66666667","16.66666667","0","0","25","25"
"","","UGP2014NAM-OT03","","","","","","","","","UGP2014NAM-OT03-04004","","","","3","2","1","2","5","3","5","2","1","3","0.08","0.08","1","2","1","1","9","9","0","0.16","1.16","4","0.08","0.026666667","0.04","2","1.333333333","0.5","0.333333333","0.08","0.053333333","0.5","0.333333333","25","13.79310345","66.66666667","0.888888889","1.777777778","11.11111111","12.88888889","1.333333333","2.666666667","16.66666667","19.33333333"
"","","UGP2014NAM-OT03","","","","","","","","","UGP2014NAM-OT03-04005","","","","3","0","","","","","","0","0","0","0","0","0","","","","","","","0","0","0","","","","","0","","0","","0","","0","","","0","0","0","0","0","","","",""
"","","UGP2014NAM-OT03","","","","","","","","","UGP2014NAM-OT03-04006","","","","3","0","","","","","","0","0","0","0","0","0","","","","","","","0","0","0","","","","","0","","0","","0","","0","","","0","0","0","0","0","","","",""
"","","UGP2014NAM-OT03","","","","","","","","","UGP2014NAM-OT03-04007","","","","3","1","1","2","5","3","5","1","0","0","0","0","0.3","","","","","","","0","0.3","0","","","","0","0","0","0","0","0","0.3","0.1","","0","33.33333333","0","0","3.333333333","3.333333333","0","0","10","10"
"","","UGP2014NAM-OT03","","","","","","","","","UGP2014NAM-OT03-04008","","","","3","1","1","3","8","1","3","1","0","0","0","0","3","","","","","","","0","3","0","","","","0","0","0","0","0","0","3","1","","0","33.33333333","0","0","33.33333333","33.33333333","0","0","100","100"
"","","UGP2014NAM-OT03","","","","","","","","","UGP2014NAM-OT03-04009","","","","3","2","1","3","7","1","3","2","0","0","0","0","6.7","","","","","","","0","6.7","0","","","","0","0","0","0","0","0","3.35","2.233333333","","0","66.66666667","0","0","74.44444444","74.44444444","0","0","111.6666667","111.6666667"
"","","UGP2014NAM-OT03","","","","","","","","","UGP2014NAM-OT03-04010","","","","3","3","2","","7","1","3","1","2","0","0.58","0","3","2","1","1","5","1","0","0.58","3.58","2","0.29","","0.29","2","0.666666667","2","0.666666667","0.58","0.193333333","3","1","100","16.20111732","33.33333333","6.444444444","6.444444444","33.33333333","39.77777778","19.33333333","19.33333333","100","119.3333333"
"","","UGP2014NAM-OT03","","","","","","","","","UGP2014NAM-OT03-04011","","","","3","1","1","2","5","3","6","1","0","0","0","0","0.6","","","","","","","0","0.6","0","","","","0","0","0","0","0","0","0.6","0.2","","0","33.33333333","0","0","6.666666667","6.666666667","0","0","20","20"
"","","UGP2014NAM-OT03","","","","","","","","","UGP2014NAM-OT03-04012","","","","3","2","1","2","7","2","4","1","0","0","0","0","1.5","","","","","","","0","1.5","0","","","","0","0","0","0","0","0","1.5","0.5","","0","33.33333333","0","0","16.66666667","16.66666667","0","0","50","50"
"","","UGP2014NAM-OT03","","","","","","","","","UGP2014NAM-OT03-04013","","","","3","1","1","2","5","2","4","1","0","0","0","0","1","","","","","","","0","1","0","","","","0","0","0","0","0","0","1","0.333333333","","0","33.33333333","0","0","11.11111111","11.11111111","0","0","33.33333333","33.33333333"
"","","UGP2014NAM-OT03","","","","","","","","","UGP2014NAM-OT03-04014","","","","3","3","1","2","4","3","5","1","1","0","0.3","0","0.4","2","2","1","4","3","0.15","0.3","0.7","1","0.3","","0.3","1","0.333333333","1","0.333333333","0.3","0.1","0.4","0.133333333","100","42.85714286","33.33333333","3.333333333","3.333333333","4.444444444","7.777777778","10","10","13.33333333","23.33333333"
"","","UGP2014NAM-OT03","","","","","","","","","UGP2014NAM-OT03-04015","","","","3","3","1","2","7","3","6","1","0","0","0","0","4","","","","","","","0","4","0","","","","0","0","0","0","0","0","4","1.333333333","","0","33.33333333","0","0","44.44444444","44.44444444","0","0","133.3333333","133.3333333"
"","","UGP2014NAM-OT03","","","","","","","","","UGP2014NAM-OT03-04016","","","","3","0","","","","","","0","0","0","0","0","0","","","","","","","0","0","0","","","","","0","","0","","0","","0","","","0","0","0","0","0","","","",""
"","","UGP2014NAM-OT03","","","","","","","","","UGP2014NAM-OT03-04017","","","","3","0","","","","","","0","0","0","0","0","0","","","","","","","0","0","0","","","","","0","","0","","0","","0","","","0","0","0","0","0","","","",""
"","","UGP2014NAM-OT03","","","","","","","","","UGP2014NAM-OT03-04018","","","","3","2","2","2","8","3","5","2","2","0","0.56","0","8","2","2","1","5","3","0","0.56","8.56","2","0.28","","0.28","1","0.666666667","1","0.666666667","0.28","0.186666667","4","2.666666667","100","6.542056075","66.66666667","6.222222222","6.222222222","88.88888889","95.11111111","9.333333333","9.333333333","133.3333333","142.6666667"
"","","UGP2014NAM-OT03","","","","","","","","","UGP2014NAM-OT03-04019","","","","3","2","1","2","7","1","3","2","2","0","0.32","0","1","2","2","2","1","5","0","0.32","1.32","2","0.16","","0.16","1","0.666666667","1","0.666666667","0.16","0.106666667","0.5","0.333333333","100","24.24242424","66.66666667","3.555555556","3.555555556","11.11111111","14.66666667","5.333333333","5.333333333","16.66666667","22"
"","","UGP2014NAM-OT03","","","","","","","","","UGP2014NAM-OT03-04020","","","","3","2","1","2","6","1","3","2","0","0","0","0","1.5","","","","","","","0","1.5","0","","","","0","0","0","0","0","0","0.75","0.5","","0","66.66666667","0","0","16.66666667","16.66666667","0","0","25","25"
"","","UGP2014NAM-OT03","","","","","","","","","UGP2014NAM-OT03-04021","","","","3","1","1","2","7","1","2","1","0","0","0","0","1","","","","","","","0","1","0","","","","0","0","0","0","0","0","1","0.333333333","","0","33.33333333","0","0","11.11111111","11.11111111","0","0","33.33333333","33.33333333"
"","","UGP2014NAM-OT03","","","","","","","","","UGP2014NAM-OT03-04022","","","","3","1","1","2","7","1","2","1","0","0","0","0","1.2","","","","","","","0","1.2","0","","","","0","0","0","0","0","0","1.2","0.4","","0","33.33333333","0","0","13.33333333","13.33333333","0","0","40","40"
"","","UGP2014NAM-OT03","","","","","","","","","UGP2014NAM-OT03-04023","","","","3","0","","","","","","0","0","0","0","0","0","","","","","","","0","0","0","","","","","0","","0","","0","","0","","","0","0","0","0","0","","","",""
"","","UGP2014NAM-OT03","","","","","","","","","UGP2014NAM-OT03-04024","","","","3","2","2","2","6","1","3","2","0","0","0","0","6","","","","","","","0","6","0","","","","0","0","0","0","0","0","3","2","","0","66.66666667","0","0","66.66666667","66.66666667","0","0","100","100"
"","","UGP2014NAM-OT03","","","","","","","","","UGP2014NAM-OT03-04025","","","","3","1","2","2","8","1","2","1","0","0","0","0","1.5","","","","","","","0","1.5","0","","","","0","0","0","0","0","0","1.5","0.5","","0","33.33333333","0","0","16.66666667","16.66666667","0","0","50","50"
"","","UGP2014NAM-OT03","","","","","","","","","UGP2014NAM-OT03-04026","","","","3","1","1","3","9","1","2","1","1","0","0.16","0","5.2","6","1","1","5","7","0","0.16","5.36","1","0.16","","0.16","1","0.333333333","1","0.333333333","0.16","0.053333333","5.2","1.733333333","100","2.985074627","33.33333333","1.777777778","1.777777778","57.77777778","59.55555556","5.333333333","5.333333333","173.3333333","178.6666667"
"","","UGP2014NAM-OT03","","","","","","","","","UGP2014NAM-OT03-04027","","","","3","0","","","","","","0","0","0","0","0","0","","","","","","","0","0","0","","","","","0","","0","","0","","0","","","0","0","0","0","0","","","",""
"","","UGP2014NAM-OT03","","","","","","","","","UGP2014NAM-OT03-04028","","","","3","3","1","2","5","3","6","3","0","0","0","0","0.18","","","","","","","0","0.18","0","","","","0","0","0","0","0","0","0.06","0.06","","0","100","0","0","2","2","0","0","2","2"
"","","UGP2014NAM-OT03","","","","","","","","","UGP2014NAM-OT03-04029","","","","3","2","2","3","8","1","3","2","15","3","1.08","0.24","1.3","9","1","1","4","3","1.5","1.32","2.62","18","0.072","0.08","0.073333333","9","6","7.5","5","0.66","0.44","0.65","0.433333333","83.33333333","50.38167939","66.66666667","12","14.66666667","14.44444444","29.11111111","18","22","21.66666667","43.66666667"
"","","UGP2014NAM-OT03","","","","","","","","","UGP2014NAM-OT03-04030","","","","3","0","","","","","","0","0","0","0","0","0","","","","","","","0","0","0","","","","","0","","0","","0","","0","","","0","0","0","0","0","","","",""
"","","UGP2014NAM-OT03","","","","","","","","","UGP2014NAM-OT03-04031","","","","3","2","1","2","9","1","2","2","7","","1","0.1","3","9","1","1","5","3","0","1.1","4.1","","0.142857143","","","","","3.5","2.333333333","0.55","0.366666667","1.5","1","","26.82926829","66.66666667","11.11111111","12.22222222","33.33333333","45.55555556","16.66666667","18.33333333","50","68.33333333"
"","","UGP2014NAM-OT03","","","","","","","","","UGP2014NAM-OT03-04032","","","","3","1","1","2","8","1","2","1","0","0","0","0","5.5","","","","","","","0","5.5","0","","","","0","0","0","0","0","0","5.5","1.833333333","","0","33.33333333","0","0","61.11111111","61.11111111","0","0","183.3333333","183.3333333"
"","","UGP2014NAM-OT03","","","","","","","","","UGP2014NAM-OT03-04033","","","","3","2","1","3","6","1","3","2","3","","0.19","0.08","3.5","9","1","1","5","7","0","0.27","3.77","","0.063333333","","","","","1.5","1","0.135","0.09","1.75","1.166666667","","7.161803714","66.66666667","2.111111111","3","38.88888889","41.88888889","3.166666667","4.5","58.33333333","62.83333333"
"","","UGP2014NAM-OT03","","","","","","","","","UGP2014NAM-OT03-04034","","","","3","1","1","2","5","3","5","1","0","0","0","0","0.06","","","","","","","0","0.06","0","","","","0","0","0","0","0","0","0.06","0.02","","0","33.33333333","0","0","0.666666667","0.666666667","0","0","2","2"
"","","UGP2014NAM-OT03","","","","","","","","","UGP2014NAM-OT03-04035","","","","3","0","","","","","","0","0","0","0","0","0","","","","","","","0","0","0","","","","","0","","0","","0","","0","","","0","0","0","0","0","","","",""
"","","UGP2014NAM-OT03","","","","","","","","","UGP2014NAM-OT03-04036","","","","3","3","1","2","7","2","4","3","0","0","0","0","3","","","","","","","0","3","0","","","","0","0","0","0","0","0","1","1","","0","100","0","0","33.33333333","33.33333333","0","0","33.33333333","33.33333333"
"","","UGP2014NAM-OT03","","","","","","","","","UGP2014NAM-OT03-04037","","","","3","2","2","3","7","2","4","2","0","0","0","0","4","","","","","","","0","4","0","","","","0","0","0","0","0","0","2","1.333333333","","0","66.66666667","0","0","44.44444444","44.44444444","0","0","66.66666667","66.66666667"
"","","UGP2014NAM-OT03","","","","","","","","","UGP2014NAM-OT03-04038","","","","3","0","","","","","","0","0","0","0","0","0","","","","","","","0","0","0","","","","","0","","0","","0","","0","","","0","0","0","0","0","","","",""
"","","UGP2014NAM-OT03","","","","","","","","","UGP2014NAM-OT03-04039","","","","3","1","1","2","6","2","4","1","0","0","0","0","0.2","","","","","","","0","0.2","0","","","","0","0","0","0","0","0","0.2","0.066666667","","0","33.33333333","0","0","2.222222222","2.222222222","0","0","6.666666667","6.666666667"
"","","UGP2014NAM-OT03","","","","","","","","","UGP2014NAM-OT03-04040","","","","3","2","1","3","8","1","2","2","1","1","0.1","0.03","4.5","6","1","1","3","9","0","0.13","4.63","2","0.1","0.03","0.065","1","0.666666667","0.5","0.333333333","0.065","0.043333333","2.25","1.5","50","2.807775378","66.66666667","1.111111111","1.444444444","50","51.44444444","1.666666667","2.166666667","75","77.16666667"
"","","UGP2014NAM-OT03","","","","","","","","","UGP2014NAM-OT03-04041","","","","3","2","1","2","5","4","7","2","2","0","0.1","0","0.39","6","1","1","4","9","4.61","0.1","0.49","2","0.05","","0.05","1","0.666666667","1","0.666666667","0.05","0.033333333","0.195","0.13","100","20.40816327","66.66666667","1.111111111","1.111111111","4.333333333","5.444444444","1.666666667","1.666666667","6.5","8.166666667"
"","","UGP2014NAM-OT03","","","","","","","","","UGP2014NAM-OT03-04042","","","","3","3","1","3","9","1","2","1","11","2","1.4","0.03","3.6","8","1","1","8","3","0","1.43","5.03","13","0.127272727","0.015","0.11","13","4.333333333","11","3.666666667","1.43","0.476666667","3.6","1.2","84.61538462","28.42942346","33.33333333","15.55555556","15.88888889","40","55.88888889","46.66666667","47.66666667","120","167.6666667"
"","","UGP2014NAM-OT03","","","","","","","","","UGP2014NAM-OT03-04043","","","","3","1","1","2","8","1","2","1","11","3","4","0.1","5","6","1","1","5","3","1.5","4.1","9.1","14","0.363636364","0.033333333","0.292857143","14","4.666666667","11","3.666666667","4.1","1.366666667","5","1.666666667","78.57142857","45.05494505","33.33333333","44.44444444","45.55555556","55.55555556","101.1111111","133.3333333","136.6666667","166.6666667","303.3333333"
"","","UGP2014NAM-OT03","","","","","","","","","UGP2014NAM-OT03-04044","","","","3","2","1","3","8","1","3","2","5","2","0.5","0.08","9.5","9","2","2","5","3","0","0.58","10.08","7","0.1","0.04","0.082857143","3.5","2.333333333","2.5","1.666666667","0.29","0.193333333","4.75","3.166666667","71.42857143","5.753968254","66.66666667","5.555555556","6.444444444","105.5555556","112","8.333333333","9.666666667","158.3333333","168"
"","","UGP2014NAM-OT03","","","","","","","","","UGP2014NAM-OT03-04045","","","","3","2","1","2","5","2","4","1","0","0","0","0","1.5","","","","","","","0","1.5","0","","","","0","0","0","0","0","0","1.5","0.5","","0","33.33333333","0","0","16.66666667","16.66666667","0","0","50","50"
"","","UGP2014NAM-OT03","","","","","","","","","UGP2014NAM-OT03-04046","","","","3","1","1","2","7","2","4","1","1","0","0.12","0","2.3","2","1","1","8","5","0","0.12","2.42","1","0.12","","0.12","1","0.333333333","1","0.333333333","0.12","0.04","2.3","0.766666667","100","4.958677686","33.33333333","1.333333333","1.333333333","25.55555556","26.88888889","4","4","76.66666667","80.66666667"
"","","UGP2014NAM-OT03","","","","","","","","","UGP2014NAM-OT03-04047","","","","3","3","2","2","3","5","9","3","0","0","0","0","0.2","","","","","","","0","0.2","0","","","","0","0","0","0","0","0","0.066666667","0.066666667","","0","100","0","0","2.222222222","2.222222222","0","0","2.222222222","2.222222222"
"","","UGP2014NAM-OT03","","","","","","","","","UGP2014NAM-OT03-04048","","","","3","2","3","6","6","3","6","2","0","0","0","0","2","","","","","","","0","2","0","","","","0","0","0","0","0","0","1","0.666666667","","0","66.66666667","0","0","22.22222222","22.22222222","0","0","33.33333333","33.33333333"
"","","UGP2014NAM-OT03","","","","","","","","","UGP2014NAM-OT03-04049","","","","3","1","3","3","6","1","2","1","1","0","0.12","0","0.5","9","1","1","3","7","0","0.12","0.62","1","0.12","","0.12","1","0.333333333","1","0.333333333","0.12","0.04","0.5","0.166666667","100","19.35483871","33.33333333","1.333333333","1.333333333","5.555555556","6.888888889","4","4","16.66666667","20.66666667"
"","","UGP2014NAM-OT03","","","","","","","","","UGP2014NAM-OT03-04050","","","","3","1","1","2","5","1","2","1","0","0","0","0","4","","","","","","","0","4","0","","","","0","0","0","0","0","0","4","1.333333333","","0","33.33333333","0","0","44.44444444","44.44444444","0","0","133.3333333","133.3333333"
"","","UGP2014NAM-OT03","","","","","","","","","UGP2014NAM-OT03-04051","","","","3","2","1","4","9","1","3","2","6","11","0.8","0.18","2.5","2","1","1","4","3","1.5","0.98","3.48","17","0.133333333","0.016363636","0.057647059","8.5","5.666666667","3","2","0.49","0.326666667","1.25","0.833333333","35.29411765","28.16091954","66.66666667","8.888888889","10.88888889","27.77777778","38.66666667","13.33333333","16.33333333","41.66666667","58"
"","","UGP2014NAM-OT03","","","","","","","","","UGP2014NAM-OT03-04052","","","","3","1","1","5","6","1","2","1","1","1","0.12","0.04","3","2","1","1","3","7","0","0.16","3.16","2","0.12","0.04","0.08","2","0.666666667","1","0.333333333","0.16","0.053333333","3","1","50","5.063291139","33.33333333","1.333333333","1.777777778","33.33333333","35.11111111","4","5.333333333","100","105.3333333"
"","","UGP2014NAM-OT03","","","","","","","","","UGP2014NAM-OT03-04053","","","","3","1","3","3","7","1","3","1","3","0","0.2","0","1.5","2","1","1","3","7","0.02","0.2","1.7","3","0.066666667","","0.066666667","3","1","3","1","0.2","0.066666667","1.5","0.5","100","11.76470588","33.33333333","2.222222222","2.222222222","16.66666667","18.88888889","6.666666667","6.666666667","50","56.66666667"
"","","UGP2014NAM-OT03","","","","","","","","","UGP2014NAM-OT03-04054","","","","3","3","3","3","7","1","2","1","2","0","0.1","0","1.2","9","1","1","2","7","0.02","0.1","1.3","2","0.05","","0.05","2","0.666666667","2","0.666666667","0.1","0.033333333","1.2","0.4","100","7.692307692","33.33333333","1.111111111","1.111111111","13.33333333","14.44444444","3.333333333","3.333333333","40","43.33333333"
"","","UGP2014NAM-OT03","","","","","","","","","UGP2014NAM-OT03-04055","","","","3","3","1","2","6","1","2","1","0","0","0","0","1.7","","","","","","","0","1.7","0","","","","0","0","0","0","0","0","1.7","0.566666667","","0","33.33333333","0","0","18.88888889","18.88888889","0","0","56.66666667","56.66666667"
"","","UGP2014NAM-OT03","","","","","","","","","UGP2014NAM-OT03-04056","","","","3","1","1","2","8","1","3","1","2","0","1.4","0","5.5","2","1","1","5","1","0.02","1.4","6.9","2","0.7","","0.7","2","0.666666667","2","0.666666667","1.4","0.466666667","5.5","1.833333333","100","20.28985507","33.33333333","15.55555556","15.55555556","61.11111111","76.66666667","46.66666667","46.66666667","183.3333333","230"
"","","UGP2014NAM-OT03","","","","","","","","","UGP2014NAM-OT03-04057","","","","3","3","1","2","5","2","3","1","0","0","0","0","0.2","","","","","","","0","0.2","0","","","","0","0","0","0","0","0","0.2","0.066666667","","0","33.33333333","0","0","2.222222222","2.222222222","0","0","6.666666667","6.666666667"
"","","UGP2014NAM-OT03","","","","","","","","","UGP2014NAM-OT03-04058","","","","3","1","1","2","7","1","3","1","0","0","0","0","1.5","","","","","","","0","1.5","0","","","","0","0","0","0","0","0","1.5","0.5","","0","33.33333333","0","0","16.66666667","16.66666667","0","0","50","50"
"","","UGP2014NAM-OT03","","","","","","","","","UGP2014NAM-OT03-04059","","","","3","2","1","2","5","4","7","1","0","0","0","0","2","","","","","","","0","2","0","","","","0","0","0","0","0","0","2","0.666666667","","0","33.33333333","0","0","22.22222222","22.22222222","0","0","66.66666667","66.66666667"
"","","UGP2014NAM-OT03","","","","","","","","","UGP2014NAM-OT03-04060","","","","3","1","1","2","6","1","3","1","1","0","0.12","0","0.28","2","1","1","3","7","4.41","0.12","0.4","1","0.12","","0.12","1","0.333333333","1","0.333333333","0.12","0.04","0.28","0.093333333","100","30","33.33333333","1.333333333","1.333333333","3.111111111","4.444444444","4","4","9.333333333","13.33333333"
"","","UGP2014NAM-OT03","","","","","","","","","UGP2014NAM-OT03-04061","","","","3","2","1","2","7","1","2","1","3","3","0.18","0.1","1.3","2","1","1","3","7","3.96","0.28","1.58","6","0.06","0.033333333","0.046666667","6","2","3","1","0.28","0.093333333","1.3","0.433333333","50","17.72151899","33.33333333","2","3.111111111","14.44444444","17.55555556","6","9.333333333","43.33333333","52.66666667"
"","","UGP2014NAM-OT03","","","","","","","","","UGP2014NAM-OT03-04062","","","","3","2","2","2","7","1","2","2","0","0","0","0","2","","","","","","","0","2","0","","","","0","0","0","0","0","0","1","0.666666667","","0","66.66666667","0","0","22.22222222","22.22222222","0","0","33.33333333","33.33333333"
"","","UGP2014NAM-OT03","","","","","","","","","UGP2014NAM-OT03-04063","","","","3","0","","","","","","0","0","0","0","0","0","","","","","","","0","0","0","","","","","0","","0","","0","","0","","","0","0","0","0","0","","","",""
"","","UGP2014NAM-OT03","","","","","","","","","UGP2014NAM-OT03-04064","","","","3","1","2","2","9","1","2","1","0","0","0","0","4.5","","","","","","","0","4.5","0","","","","0","0","0","0","0","0","4.5","1.5","","0","33.33333333","0","0","50","50","0","0","150","150"
"","","UGP2014NAM-OT03","","","","","","","","","UGP2014NAM-OT03-04065","","","","3","0","","","","","","0","0","0","0","0","0","","","","","","","0","0","0","","","","","0","","0","","0","","0","","","0","0","0","0","0","","","",""
"","","UGP2014NAM-OT03","","","","","","","","","UGP2014NAM-OT03-04066","","","","3","2","1","2","7","1","2","2","0","0","0","0","4","","","","","","","0","4","0","","","","0","0","0","0","0","0","2","1.333333333","","0","66.66666667","0","0","44.44444444","44.44444444","0","0","66.66666667","66.66666667"
"","","UGP2014NAM-OT03","","","","","","","","","UGP2014NAM-OT03-04067","","","","3","1","1","2","8","2","4","1","1","0","0.06","0","4.5","2","1","1","8","9","0","0.06","4.56","1","0.06","","0.06","1","0.333333333","1","0.333333333","0.06","0.02","4.5","1.5","100","1.315789474","33.33333333","0.666666667","0.666666667","50","50.66666667","2","2","150","152"
"","","UGP2014NAM-OT03","","","","","","","","","UGP2014NAM-OT03-04068","","","","3","2","1","2","7","2","4","2","0","0","0","0","4.7","","","","","","","0","4.7","0","","","","0","0","0","0","0","0","2.35","1.566666667","","0","66.66666667","0","0","52.22222222","52.22222222","0","0","78.33333333","78.33333333"
"","","UGP2014NAM-OT03","","","","","","","","","UGP2014NAM-OT03-04069","","","","3","1","1","3","6","1","3","1","1","0","0.16","0","0.5","6","1","1","4","3","0.02","0.16","0.66","1","0.16","","0.16","1","0.333333333","1","0.333333333","0.16","0.053333333","0.5","0.166666667","100","24.24242424","33.33333333","1.777777778","1.777777778","5.555555556","7.333333333","5.333333333","5.333333333","16.66666667","22"
"","","UGP2014NAM-OT03","","","","","","","","","UGP2014NAM-OT03-04070","","","","3","1","2","3","7","1","3","1","0","0","0","0","1.5","","","","","","","0","1.5","0","","","","0","0","0","0","0","0","1.5","0.5","","0","33.33333333","0","0","16.66666667","16.66666667","0","0","50","50"
"","","UGP2014NAM-OT03","","","","","","","","","UGP2014NAM-OT03-04071","","","","3","0","","","","","","0","0","0","0","0","0","","","","","","","0","0","0","","","","","0","","0","","0","","0","","","0","0","0","0","0","","","",""
"","","UGP2014NAM-OT03","","","","","","","","","UGP2014NAM-OT03-04072","","","","3","0","","","","","","0","0","0","0","0","0","","","","","","","0","0","0","","","","","0","","0","","0","","0","","","0","0","0","0","0","","","",""
"","","UGP2014NAM-OT03","","","","","","","","","UGP2014NAM-OT03-04073","","","","3","0","","","","","","0","0","0","0","0","0","","","","","","","0","0","0","","","","","0","","0","","0","","0","","","0","0","0","0","0","","","",""
"","","UGP2014NAM-OT03","","","","","","","","","UGP2014NAM-OT03-04074","","","","3","2","1","2","6","4","7","2","0","0","0","0","5.5","","","","","","","0","5.5","0","","","","0","0","0","0","0","0","2.75","1.833333333","","0","66.66666667","0","0","61.11111111","61.11111111","0","0","91.66666667","91.66666667"
"","","UGP2014NAM-OT03","","","","","","","","","UGP2014NAM-OT03-04075","","","","3","3","1","3","5","2","4","1","0","0","0","0","4","","","","","","","0","4","0","","","","0","0","0","0","0","0","4","1.333333333","","0","33.33333333","0","0","44.44444444","44.44444444","0","0","133.3333333","133.3333333"
"","","UGP2014NAM-OT03","","","","","","","","","UGP2014NAM-OT03-04076","","","","3","2","1","3","7","1","2","2","0","4","0","0.1","11","5","1","1","9","9","0","0.1","11.1","4","","0.025","0.025","2","1.333333333","0","0","0.05","0.033333333","5.5","3.666666667","0","0.900900901","66.66666667","0","1.111111111","122.2222222","123.3333333","0","1.666666667","183.3333333","185"
"","","UGP2014NAM-OT03","","","","","","","","","UGP2014NAM-OT03-04077","","","","3","1","1","3","9","1","2","1","2","3","0.7","0.06","8","2","3","1","1","1","1.5","0.76","8.76","5","0.35","0.02","0.152","5","1.666666667","2","0.666666667","0.76","0.253333333","8","2.666666667","40","8.675799087","33.33333333","7.777777778","8.444444444","88.88888889","97.33333333","23.33333333","25.33333333","266.6666667","292"
"","","UGP2014NAM-OT03","","","","","","","","","UGP2014NAM-OT03-04078","","","","3","1","1","2","5","1","3","1","3","0","0.36","0","0.5","9","1","1","7","5","0.02","0.36","0.86","3","0.12","","0.12","3","1","3","1","0.36","0.12","0.5","0.166666667","100","41.86046512","33.33333333","4","4","5.555555556","9.555555556","12","12","16.66666667","28.66666667"
"","","UGP2014NAM-OT03","","","","","","","","","UGP2014NAM-OT03-04079","","","","3","1","1","3","5","2","3","1","0","0","0","0","1.5","","","","","","","0","1.5","0","","","","0","0","0","0","0","0","1.5","0.5","","0","33.33333333","0","0","16.66666667","16.66666667","0","0","50","50"
"","","UGP2014NAM-OT03","","","","","","","","","UGP2014NAM-OT03-04080","","","","3","2","1","2","5","3","6","2","1","0","0.2","0","1","8","1","1","4","3","0.02","0.2","1.2","1","0.2","","0.2","0.5","0.333333333","0.5","0.333333333","0.1","0.066666667","0.5","0.333333333","100","16.66666667","66.66666667","2.222222222","2.222222222","11.11111111","13.33333333","3.333333333","3.333333333","16.66666667","20"
"","","UGP2014NAM-OT03","","","","","","","","","UGP2014NAM-OT03-04081","","","","3","2","1","4","8","2","4","2","4","6","0.2","0.12","1.5","9","1","1","3","7","0","0.32","1.82","10","0.05","0.02","0.032","5","3.333333333","2","1.333333333","0.16","0.106666667","0.75","0.5","40","17.58241758","66.66666667","2.222222222","3.555555556","16.66666667","20.22222222","3.333333333","5.333333333","25","30.33333333"
"","","UGP2014NAM-OT03","","","","","","","","","UGP2014NAM-OT03-04082","","","","3","2","1","6","7","1","2","2","0","2","0","0.08","3","2","1","1","3","9","0.12","0.08","3.08","2","","0.04","0.04","1","0.666666667","0","0","0.04","0.026666667","1.5","1","0","2.597402597","66.66666667","0","0.888888889","33.33333333","34.22222222","0","1.333333333","50","51.33333333"
"","","UGP2014NAM-OT03","","","","","","","","","UGP2014NAM-OT03-04083","","","","3","1","2","2","8","1","3","1","0","0","0","0","1.5","","","","","","","0","1.5","0","","","","0","0","0","0","0","0","1.5","0.5","","0","33.33333333","0","0","16.66666667","16.66666667","0","0","50","50"
"","","UGP2014NAM-OT03","","","","","","","","","UGP2014NAM-OT03-04084","","","","3","0","","","","","","0","0","0","0","0","0","","","","","","","0","0","0","","","","","0","","0","","0","","0","","","0","0","0","0","0","","","",""
"","","UGP2014NAM-OT03","","","","","","","","","UGP2014NAM-OT03-04085","","","","3","1","2","2","7","1","2","1","1","0","0.92","0","2","9","1","1","4","1","1.5","0.92","2.92","1","0.92","","0.92","1","0.333333333","1","0.333333333","0.92","0.306666667","2","0.666666667","100","31.50684932","33.33333333","10.22222222","10.22222222","22.22222222","32.44444444","30.66666667","30.66666667","66.66666667","97.33333333"
"","","UGP2014NAM-OT03","","","","","","","","","UGP2014NAM-OT03-04086","","","","3","0","","","","","","0","0","0","0","0","0","","","","","","","0","0","0","","","","","0","","0","","0","","0","","","0","0","0","0","0","","","",""
"","","UGP2014NAM-OT03","","","","","","","","","UGP2014NAM-OT03-04087","","","","3","1","2","2","7","1","2","1","0","0","0","0","3.5","","","","","","","0","3.5","0","","","","0","0","0","0","0","0","3.5","1.166666667","","0","33.33333333","0","0","38.88888889","38.88888889","0","0","116.6666667","116.6666667"
"","","UGP2014NAM-OT03","","","","","","","","","UGP2014NAM-OT03-04088","","","","3","1","2","4","6","1","3","1","0","0","0","0","1.7","","","","","","","0","1.7","0","","","","0","0","0","0","0","0","1.7","0.566666667","","0","33.33333333","0","0","18.88888889","18.88888889","0","0","56.66666667","56.66666667"
"","","UGP2014NAM-OT03","","","","","","","","","UGP2014NAM-OT03-04089","","","","3","3","2","3","7","2","4","1","0","0","0","0","1","","","","","","","0","1","0","","","","0","0","0","0","0","0","1","0.333333333","","0","33.33333333","0","0","11.11111111","11.11111111","0","0","33.33333333","33.33333333"
"","","UGP2014NAM-OT03","","","","","","","","","UGP2014NAM-OT03-04090","","","","3","2","1","2","6","1","3","1","0","0","0","0","0.28","","","","","","","0","0.28","0","","","","0","0","0","0","0","0","0.28","0.093333333","","0","33.33333333","0","0","3.111111111","3.111111111","0","0","9.333333333","9.333333333"
"","","UGP2014NAM-OT03","","","","","","","","","UGP2014NAM-OT03-04092","","","","3","0","","","","","","0","0","0","0","0","0","","","","","","","0","0","0","","","","","0","","0","","0","","0","","","0","0","0","0","0","","","",""
"","","UGP2014NAM-OT03","","","","","","","","","UGP2014NAM-OT03-04093","","","","3","0","","","","","","0","0","0","0","0","0","","","","","","","0","0","0","","","","","0","","0","","0","","0","","","0","0","0","0","0","","","",""
"","","UGP2014NAM-OT03","","","","","","","","","UGP2014NAM-OT03-04094","","","","3","3","1","2","7","2","4","2","5","0","0.4","0","1.5","9","1","1","3","5","0","0.4","1.9","5","0.08","","0.08","2.5","1.666666667","2.5","1.666666667","0.2","0.133333333","0.75","0.5","100","21.05263158","66.66666667","4.444444444","4.444444444","16.66666667","21.11111111","6.666666667","6.666666667","25","31.66666667"
"","","UGP2014NAM-OT03","","","","","","","","","UGP2014NAM-OT03-04095","","","","3","3","1","3","5","1","2","2","2","0","0.2","0","0.7","9","1","1","5","5","1.5","0.2","0.9","2","0.1","","0.1","1","0.666666667","1","0.666666667","0.1","0.066666667","0.35","0.233333333","100","22.22222222","66.66666667","2.222222222","2.222222222","7.777777778","10","3.333333333","3.333333333","11.66666667","15"
"","","UGP2014NAM-OT03","","","","","","","","","UGP2014NAM-OT03-04096","","","","3","2","1","2","6","3","5","2","0","0","0","0","1.2","","","","","","","0","1.2","0","","","","0","0","0","0","0","0","0.6","0.4","","0","66.66666667","0","0","13.33333333","13.33333333","0","0","20","20"
"","","UGP2014NAM-OT03","","","","","","","","","UGP2014NAM-OT03-04097","","","","3","1","1","2","8","1","2","1","0","0","0","0","2.2","","","","","","","0","2.2","0","","","","0","0","0","0","0","0","2.2","0.733333333","","0","33.33333333","0","0","24.44444444","24.44444444","0","0","73.33333333","73.33333333"
"","","UGP2014NAM-OT03","","","","","","","","","UGP2014NAM-OT03-04098","","","","3","0","","","","","","0","0","0","0","0","0","","","","","","","0","0","0","","","","","0","","0","","0","","0","","","0","0","0","0","0","","","",""
"","","UGP2014NAM-OT03","","","","","","","","","UGP2014NAM-OT03-04099","","","","3","2","1","3","8","1","3","2","9","4","1.1","0.14","5.6","9","1","1","5","3","1.5","1.24","6.84","13","0.122222222","0.035","0.095384615","6.5","4.333333333","4.5","3","0.62","0.413333333","2.8","1.866666667","69.23076923","18.12865497","66.66666667","12.22222222","13.77777778","62.22222222","76","18.33333333","20.66666667","93.33333333","114"
"","","UGP2014NAM-OT03","","","","","","","","","UGP2014NAM-OT03-04100","","","","3","3","1","3","7","1","3","3","2","2","0.36","0.04","2","9","1","1","2","5","0.02","0.4","2.4","4","0.18","0.02","0.1","1.333333333","1.333333333","0.666666667","0.666666667","0.133333333","0.133333333","0.666666667","0.666666667","50","16.66666667","100","4","4.444444444","22.22222222","26.66666667","4","4.444444444","22.22222222","26.66666667"
"","","UGP2014NAM-OT03","","","","","","","","","UGP2014NAM-OT03-04101","","","","3","1","2","4","6","1","2","1","0","0","0","0","3.5","","","","","","","0","3.5","0","","","","0","0","0","0","0","0","3.5","1.166666667","","0","33.33333333","0","0","38.88888889","38.88888889","0","0","116.6666667","116.6666667"
"","","UGP2014NAM-OT03","","","","","","","","","UGP2014NAM-OT03-04102","","","","3","0","","","","","","0","0","0","0","0","0","","","","","","","0","0","0","","","","","0","","0","","0","","0","","","0","0","0","0","0","","","",""
"","","UGP2014NAM-OT03","","","","","","","","","UGP2014NAM-OT03-04103","","","","3","1","1","2","5","2","4","1","0","0","0","0","0.2","","","","","","","0","0.2","0","","","","0","0","0","0","0","0","0.2","0.066666667","","0","33.33333333","0","0","2.222222222","2.222222222","0","0","6.666666667","6.666666667"
"","","UGP2014NAM-OT03","","","","","","","","","UGP2014NAM-OT03-04104","","","","3","0","","","","","","0","0","0","0","0","0","","","","","","","0","0","0","","","","","0","","0","","0","","0","","","0","0","0","0","0","","","",""
"","","UGP2014NAM-OT03","","","","","","","","","UGP2014NAM-OT03-04105","","","","3","1","1","3","7","2","4","1","0","0","0","0","1.5","","","","","","","0","1.5","0","","","","0","0","0","0","0","0","1.5","0.5","","0","33.33333333","0","0","16.66666667","16.66666667","0","0","50","50"
"","","UGP2014NAM-OT03","","","","","","","","","UGP2014NAM-OT03-04106","","","","3","0","","","","","","0","0","0","0","0","0","","","","","","","0","0","0","","","","","0","","0","","0","","0","","","0","0","0","0","0","","","",""
"","","UGP2014NAM-OT03","","","","","","","","","UGP2014NAM-OT03-04107","","","","3","2","1","2","7","3","6","2","1","2","0.28","0.06","1.5","9","1","1","4","3","0","0.34","1.84","3","0.28","0.03","0.113333333","1.5","1","0.5","0.333333333","0.17","0.113333333","0.75","0.5","33.33333333","18.47826087","66.66666667","3.111111111","3.777777778","16.66666667","20.44444444","4.666666667","5.666666667","25","30.66666667"
"","","UGP2014NAM-OT03","","","","","","","","","UGP2014NAM-OT03-04108","","","","3","0","","","","","","0","0","0","0","0","0","","","","","","","0","0","0","","","","","0","","0","","0","","0","","","0","0","0","0","0","","","",""
"","","UGP2014NAM-OT03","","","","","","","","","UGP2014NAM-OT03-04109","","","","3","1","2","6","5","3","6","1","0","0","0","0","0.5","","","","","","","0","0.5","0","","","","0","0","0","0","0","0","0.5","0.166666667","","0","33.33333333","0","0","5.555555556","5.555555556","0","0","16.66666667","16.66666667"
"","","UGP2014NAM-OT03","","","","","","","","","UGP2014NAM-OT03-04110","","","","3","0","","","","","","0","0","0","0","0","0","","","","","","","0","0","0","","","","","0","","0","","0","","0","","","0","0","0","0","0","","","",""
"","","UGP2014NAM-OT03","","","","","","","","","UGP2014NAM-OT03-04111","","","","3","3","1","2","6","2","4","2","0","0","0","0","1","","","","","","","0","1","0","","","","0","0","0","0","0","0","0.5","0.333333333","","0","66.66666667","0","0","11.11111111","11.11111111","0","0","16.66666667","16.66666667"
"","","UGP2014NAM-OT03","","","","","","","","","UGP2014NAM-OT03-04112","","","","3","2","1","3","7","1","3","2","0","0","0","0","3","","","","","","","0","3","0","","","","0","0","0","0","0","0","1.5","1","","0","66.66666667","0","0","33.33333333","33.33333333","0","0","50","50"
"","","UGP2014NAM-OT03","","","","","","","","","UGP2014NAM-OT03-04113","","","","3","0","","","","","","0","0","0","0","0","0","","","","","","","0","0","0","","","","","0","","0","","0","","0","","","0","0","0","0","0","","","",""
"","","UGP2014NAM-OT03","","","","","","","","","UGP2014NAM-OT03-04114","","","","3","0","","","","","","0","0","0","0","0","0","","","","","","","0","0","0","","","","","0","","0","","0","","0","","","0","0","0","0","0","","","",""
"","","UGP2014NAM-OT03","","","","","","","","","UGP2014NAM-OT03-04115","","","","3","3","1","2","7","1","2","2","3","0","0.5","0","0.9","6","1","1","4","1","0","0.5","1.4","3","0.166666667","","0.166666667","1.5","1","1.5","1","0.25","0.166666667","0.45","0.3","100","35.71428571","66.66666667","5.555555556","5.555555556","10","15.55555556","8.333333333","8.333333333","15","23.33333333"
"","","UGP2014NAM-OT03","","","","","","","","","UGP2014NAM-OT03-04116","","","","3","0","","","","","","0","0","0","0","0","0","","","","","","","0","0","0","","","","","0","","0","","0","","0","","","0","0","0","0","0","","","",""
"","","UGP2014NAM-OT03","","","","","","","","","UGP2014NAM-OT03-04117","","","","3","2","2","6","6","1","3","2","0","2","0","0.08","2","2","1","1","5","9","0.12","0.08","2.08","2","","0.04","0.04","1","0.666666667","0","0","0.04","0.026666667","1","0.666666667","0","3.846153846","66.66666667","0","0.888888889","22.22222222","23.11111111","0","1.333333333","33.33333333","34.66666667"
"","","UGP2014NAM-OT03","","","","","","","","","UGP2014NAM-OT03-04118","","","","3","0","","","","","","0","0","0","0","0","0","","","","","","","0","0","0","","","","","0","","0","","0","","0","","","0","0","0","0","0","","","",""
"","","UGP2014NAM-OT03","","","","","","","","","UGP2014NAM-OT03-04119","","","","3","0","","","","","","0","0","0","0","0","0","","","","","","","0","0","0","","","","","0","","0","","0","","0","","","0","0","0","0","0","","","",""
"","","UGP2014NAM-OT03","","","","","","","","","UGP2014NAM-OT03-04120","","","","3","0","","","","","","0","0","0","0","0","0","","","","","","","0","0","0","","","","","0","","0","","0","","0","","","0","0","0","0","0","","","",""
"","","UGP2014NAM-OT03","","","","","","","","","UGP2014NAM-OT03-04121","","","","3","1","1","6","5","1","2","1","1","0","0.02","0","0.2","5","2","1","1","3","0","0.02","0.22","1","0.02","","0.02","1","0.333333333","1","0.333333333","0.02","0.006666667","0.2","0.066666667","100","9.090909091","33.33333333","0.222222222","0.222222222","2.222222222","2.444444444","0.666666667","0.666666667","6.666666667","7.333333333"
"","","UGP2014NAM-OT03","","","","","","","","","UGP2014NAM-OT03-04122","","","","3","2","1","6","7","2","4","2","6","6","0.24","0.08","1.3","2","1","1","3","7","0.15","0.32","1.62","12","0.04","0.013333333","0.026666667","6","4","3","2","0.16","0.106666667","0.65","0.433333333","50","19.75308642","66.66666667","2.666666667","3.555555556","14.44444444","18","4","5.333333333","21.66666667","27"
"","","UGP2014NAM-OT03","","","","","","","","","UGP2014NAM-OT03-04123","","","","3","2","1","7","7","1","2","2","4","3","0.64","0.08","1","2","1","1","9","3","6.12","0.72","1.72","7","0.16","0.026666667","0.102857143","3.5","2.333333333","2","1.333333333","0.36","0.24","0.5","0.333333333","57.14285714","41.86046512","66.66666667","7.111111111","8","11.11111111","19.11111111","10.66666667","12","16.66666667","28.66666667"
"","","UGP2014NAM-OT03","","","","","","","","","UGP2014NAM-OT03-04124","","","","3","1","1","6","7","1","3","1","0","1","0","0.04","2","9","1","1","8","9","0","0.04","2.04","1","","0.04","0.04","1","0.333333333","0","0","0.04","0.013333333","2","0.666666667","0","1.960784314","33.33333333","0","0.444444444","22.22222222","22.66666667","0","1.333333333","66.66666667","68"
"","","UGP2014NAM-OT03","","","","","","","","","UGP2014NAM-OT03-04125","","","","3","2","1","2","6","4","6","2","0","0","0","0","1.5","","","","","","","0","1.5","0","","","","0","0","0","0","0","0","0.75","0.5","","0","66.66666667","0","0","16.66666667","16.66666667","0","0","25","25"
"","","UGP2014NAM-OT03","","","","","","","","","UGP2014NAM-OT03-04126","","","","3","3","1","3","7","1","2","3","2","0","3","0","8","2","1","1","6","1","0.12","3","11","2","1.5","","1.5","0.666666667","0.666666667","0.666666667","0.666666667","1","1","2.666666667","2.666666667","100","27.27272727","100","33.33333333","33.33333333","88.88888889","122.2222222","33.33333333","33.33333333","88.88888889","122.2222222"
"","","UGP2014NAM-OT03","","","","","","","","","UGP2014NAM-OT03-04127","","","","3","3","1","4","7","1","2","1","2","0","1.1","0","5","9","1","1","9","7","0.02","1.1","6.1","2","0.55","","0.55","2","0.666666667","2","0.666666667","1.1","0.366666667","5","1.666666667","100","18.03278689","33.33333333","12.22222222","12.22222222","55.55555556","67.77777778","36.66666667","36.66666667","166.6666667","203.3333333"
"","","UGP2014NAM-OT03","","","","","","","","","UGP2014NAM-OT03-04128","","","","3","1","1","3","7","1","2","1","1","0","0.2","0","1.5","9","1","1","4","1","0.12","0.2","1.7","1","0.2","","0.2","1","0.333333333","1","0.333333333","0.2","0.066666667","1.5","0.5","100","11.76470588","33.33333333","2.222222222","2.222222222","16.66666667","18.88888889","6.666666667","6.666666667","50","56.66666667"
"","","UGP2014NAM-OT03","","","","","","","","","UGP2014NAM-OT03-04129","","","","3","0","","","","","","0","0","0","0","0","0","","","","","","","0","0","0","","","","","0","","0","","0","","0","","","0","0","0","0","0","","","",""
"","","UGP2014NAM-OT03","","","","","","","","","UGP2014NAM-OT03-04130","","","","3","3","1","2","8","1","2","3","0","0","0","0","1","","","","","","","0","1","0","","","","0","0","0","0","0","0","0.333333333","0.333333333","","0","100","0","0","11.11111111","11.11111111","0","0","11.11111111","11.11111111"
"","","UGP2014NAM-OT03","","","","","","","","","UGP2014NAM-OT03-04131","","","","3","3","1","2","6","2","4","3","0","0","0","0","1.05","","","","","","","0","1.05","0","","","","0","0","0","0","0","0","0.35","0.35","","0","100","0","0","11.66666667","11.66666667","0","0","11.66666667","11.66666667"
"","","UGP2014NAM-OT03","","","","","","","","","UGP2014NAM-OT03-04132","","","","3","3","2","2","6","1","3","3","1","0","0.08","0","1","2","1","1","3","9","0","0.08","1.08","1","0.08","","0.08","0.333333333","0.333333333","0.333333333","0.333333333","0.026666667","0.026666667","0.333333333","0.333333333","100","7.407407407","100","0.888888889","0.888888889","11.11111111","12","0.888888889","0.888888889","11.11111111","12"
"","","UGP2014NAM-OT03","","","","","","","","","UGP2014NAM-OT03-04133","","","","3","0","","","","","","0","0","0","0","0","0","","","","","","","0","0","0","","","","","0","","0","","0","","0","","","0","0","0","0","0","","","",""
"","","UGP2014NAM-OT03","","","","","","","","","UGP2014NAM-OT03-04134","","","","3","2","1","3","5","1","3","2","0","0","0","0","0.5","","","","","","","0","0.5","0","","","","0","0","0","0","0","0","0.25","0.166666667","","0","66.66666667","0","0","5.555555556","5.555555556","0","0","8.333333333","8.333333333"
"","","UGP2014NAM-OT03","","","","","","","","","UGP2014NAM-OT03-04136","","","","3","2","1","2","5","5","8","2","0","0","0","0","1.2","","","","","","","0","1.2","0","","","","0","0","0","0","0","0","0.6","0.4","","0","66.66666667","0","0","13.33333333","13.33333333","0","0","20","20"
"","","UGP2014NAM-OT03","","","","","","","","","UGP2014NAM-OT03-04137","","","","3","1","1","2","5","5","7","1","0","0","0","0","0.1","","","","","","","0","0.1","0","","","","0","0","0","0","0","0","0.1","0.033333333","","0","33.33333333","0","0","1.111111111","1.111111111","0","0","3.333333333","3.333333333"
"","","UGP2014NAM-OT03","","","","","","","","","UGP2014NAM-OT03-04138","","","","3","0","","","","","","0","0","0","0","0","0","","","","","","","0","0","0","","","","","0","","0","","0","","0","","","0","0","0","0","0","","","",""
"","","UGP2014NAM-OT03","","","","","","","","","UGP2014NAM-OT03-04139","","","","3","2","1","2","5","3","5","1","0","0","0","0","1.5","","","","","","","0","1.5","0","","","","0","0","0","0","0","0","1.5","0.5","","0","33.33333333","0","0","16.66666667","16.66666667","0","0","50","50"
"","","UGP2014NAM-OT03","","","","","","","","","UGP2014NAM-OT03-04140","","","","3","2","1","6","7","2","4","2","0","0","0","0","3","","","","","","","0","3","0","","","","0","0","0","0","0","0","1.5","1","","0","66.66666667","0","0","33.33333333","33.33333333","0","0","50","50"
"","","UGP2014NAM-OT03","","","","","","","","","UGP2014NAM-OT03-04141","","","","3","3","1","2","5","2","4","1","2","0","0.14","0","1.5","9","1","1","4","7","0.02","0.14","1.64","2","0.07","","0.07","2","0.666666667","2","0.666666667","0.14","0.046666667","1.5","0.5","100","8.536585366","33.33333333","1.555555556","1.555555556","16.66666667","18.22222222","4.666666667","4.666666667","50","54.66666667"
"","","UGP2014NAM-OT03","","","","","","","","","UGP2014NAM-OT03-04142","","","","3","1","1","2","4","1","2","1","0","0","0","0","0.12","","","","","","","0","0.12","0","","","","0","0","0","0","0","0","0.12","0.04","","0","33.33333333","0","0","1.333333333","1.333333333","0","0","4","4"
"","","UGP2014NAM-OT03","","","","","","","","","UGP2014NAM-OT03-04143","","","","3","1","2","2","8","1","2","1","0","0","0","0","1.2","","","","","","","0","1.2","0","","","","0","0","0","0","0","0","1.2","0.4","","0","33.33333333","0","0","13.33333333","13.33333333","0","0","40","40"
"","","UGP2014NAM-OT03","","","","","","","","","UGP2014NAM-OT03-04144","","","","3","2","1","2","9","1","3","2","2","0","0.3","0","1.5","2","1","1","5","5","4.61","0.3","1.8","2","0.15","","0.15","1","0.666666667","1","0.666666667","0.15","0.1","0.75","0.5","100","16.66666667","66.66666667","3.333333333","3.333333333","16.66666667","20","5","5","25","30"
"","","UGP2014NAM-OT03","","","","","","","","","UGP2014NAM-OT03-04145","","","","3","2","1","2","6","1","3","2","0","0","0","0","0.5","","","","","","","0","0.5","0","","","","0","0","0","0","0","0","0.25","0.166666667","","0","66.66666667","0","0","5.555555556","5.555555556","0","0","8.333333333","8.333333333"
"","","UGP2014NAM-OT03","","","","","","","","","UGP2014NAM-OT03-04146","","","","3","1","1","2","5","3","6","1","0","0","0","0","0.13","","","","","","","0","0.13","0","","","","0","0","0","0","0","0","0.13","0.043333333","","0","33.33333333","0","0","1.444444444","1.444444444","0","0","4.333333333","4.333333333"
"","","UGP2014NAM-OT03","","","","","","","","","UGP2014NAM-OT03-04147","","","","3","1","2","2","4","4","7","1","0","0","0","0","0.09","","","","","","","0","0.09","0","","","","0","0","0","0","0","0","0.09","0.03","","0","33.33333333","0","0","1","1","0","0","3","3"
"","","UGP2014NAM-OT03","","","","","","","","","UGP2014NAM-OT03-04148","","","","3","2","3","6","6","3","6","1","0","0","0","0","1","","","","","","","0","1","0","","","","0","0","0","0","0","0","1","0.333333333","","0","33.33333333","0","0","11.11111111","11.11111111","0","0","33.33333333","33.33333333"
"","","UGP2014NAM-OT03","","","","","","","","","UGP2014NAM-OT03-04149","","","","3","3","1","2","7","2","4","1","0","0","0","0","1.2","","","","","","","0","1.2","0","","","","0","0","0","0","0","0","1.2","0.4","","0","33.33333333","0","0","13.33333333","13.33333333","0","0","40","40"
"","","UGP2014NAM-OT03","","","","","","","","","UGP2014NAM-OT03-04150","","","","3","3","1","2","6","2","4","1","0","0","0","0","4.5","","","","","","","0","4.5","0","","","","0","0","0","0","0","0","4.5","1.5","","0","33.33333333","0","0","50","50","0","0","150","150"
"","","UGP2014NAM-OT03","","","","","","","","","UGP2014NAM-OT03-04151","","","","3","1","1","2","5","1","3","1","0","0","0","0","0.5","","","","","","","0","0.5","0","","","","0","0","0","0","0","0","0.5","0.166666667","","0","33.33333333","0","0","5.555555556","5.555555556","0","0","16.66666667","16.66666667"
"","","UGP2014NAM-OT03","","","","","","","","","UGP2014NAM-OT03-04152","","","","3","1","1","3","6","1","2","1","0","0","0","0","1","","","","","","","0","1","0","","","","0","0","0","0","0","0","1","0.333333333","","0","33.33333333","0","0","11.11111111","11.11111111","0","0","33.33333333","33.33333333"
"","","UGP2014NAM-OT03","","","","","","","","","UGP2014NAM-OT03-04153","","","","3","2","3","3","6","2","4","2","0","0","0","0","1.2","","","","","","","0","1.2","0","","","","0","0","0","0","0","0","0.6","0.4","","0","66.66666667","0","0","13.33333333","13.33333333","0","0","20","20"
"","","UGP2014NAM-OT03","","","","","","","","","UGP2014NAM-OT03-04154","","","","3","3","1","2","6","1","2","1","0","0","0","0","2.5","","","","","","","0","2.5","0","","","","0","0","0","0","0","0","2.5","0.833333333","","0","33.33333333","0","0","27.77777778","27.77777778","0","0","83.33333333","83.33333333"
"","","UGP2014NAM-OT03","","","","","","","","","UGP2014NAM-OT03-04155","","","","3","3","1","2","8","2","4","1","8","2","0.68","0.03","1.5","2","1","1","8","3","0","0.71","2.21","10","0.085","0.015","0.071","10","3.333333333","8","2.666666667","0.71","0.236666667","1.5","0.5","80","32.12669683","33.33333333","7.555555556","7.888888889","16.66666667","24.55555556","22.66666667","23.66666667","50","73.66666667"
"","","UGP2014NAM-OT03","","","","","","","","","UGP2014NAM-OT03-04156","","","","3","0","","","","","","0","0","0","0","0","0","","","","","","","0","0","0","","","","","0","","0","","0","","0","","","0","0","0","0","0","","","",""
"","","UGP2014NAM-OT03","","","","","","","","","UGP2014NAM-OT03-04157","","","","3","2","1","3","7","2","3","2","2","0","0.1","0","1","9","2","1","9","7","1.65","0.1","1.1","2","0.05","","0.05","1","0.666666667","1","0.666666667","0.05","0.033333333","0.5","0.333333333","100","9.090909091","66.66666667","1.111111111","1.111111111","11.11111111","12.22222222","1.666666667","1.666666667","16.66666667","18.33333333"
"","","UGP2014NAM-OT03","","","","","","","","","UGP2014NAM-OT03-04158","","","","3","2","1","3","7","2","4","2","3","10","0.28","0.12","1.5","2","1","1","8","7","1.76","0.4","1.9","13","0.093333333","0.012","0.030769231","6.5","4.333333333","1.5","1","0.2","0.133333333","0.75","0.5","23.07692308","21.05263158","66.66666667","3.111111111","4.444444444","16.66666667","21.11111111","4.666666667","6.666666667","25","31.66666667"
"","","UGP2014NAM-OT03","","","","","","","","","UGP2014NAM-OT03-04159","","","","3","2","1","3","6","1","2","2","0","0","0","0","6","","","","","","","0","6","0","","","","0","0","0","0","0","0","3","2","","0","66.66666667","0","0","66.66666667","66.66666667","0","0","100","100"
"","","UGP2014NAM-OT03","","","","","","","","","UGP2014NAM-OT03-04160","","","","3","2","1","2","7","1","2","1","0","0","0","0","2","","","","","","","0","2","0","","","","0","0","0","0","0","0","2","0.666666667","","0","33.33333333","0","0","22.22222222","22.22222222","0","0","66.66666667","66.66666667"
"","","UGP2014NAM-OT03","","","","","","","","","UGP2014NAM-OT03-04161","","","","3","3","2","3","8","1","2","3","2","0","0.28","0","5.5","2","1","1","4","5","0.12","0.28","5.78","2","0.14","","0.14","0.666666667","0.666666667","0.666666667","0.666666667","0.093333333","0.093333333","1.833333333","1.833333333","100","4.844290657","100","3.111111111","3.111111111","61.11111111","64.22222222","3.111111111","3.111111111","61.11111111","64.22222222"
"","","UGP2014NAM-OT03","","","","","","","","","UGP2014NAM-OT03-04162","","","","3","3","1","3","7","2","3","1","2","0","0.4","0","0.5","2","1","1","3","3","4.41","0.4","0.9","2","0.2","","0.2","2","0.666666667","2","0.666666667","0.4","0.133333333","0.5","0.166666667","100","44.44444444","33.33333333","4.444444444","4.444444444","5.555555556","10","13.33333333","13.33333333","16.66666667","30"
"","","UGP2014NAM-OT03","","","","","","","","","UGP2014NAM-OT03-04163","","","","3","1","1","","","1","3","1","1","0","0.24","0","1.6","8","2","1","5","3","7.76","0.24","1.84","1","0.24","","0.24","1","0.333333333","1","0.333333333","0.24","0.08","1.6","0.533333333","100","13.04347826","33.33333333","2.666666667","2.666666667","17.77777778","20.44444444","8","8","53.33333333","61.33333333"
"","","UGP2014NAM-OT03","","","","","","","","","UGP2014NAM-OT03-04164","","","","3","0","","","","","","0","0","0","0","0","0","","","","","","","0","0","0","","","","","0","","0","","0","","0","","","0","0","0","0","0","","","",""
"","","UGP2014NAM-OT03","","","","","","","","","UGP2014NAM-OT03-04165","","","","3","0","","","","","","0","0","0","0","0","0","","","","","","","0","0","0","","","","","0","","0","","0","","0","","","0","0","0","0","0","","","",""
"","","UGP2014NAM-OT03","","","","","","","","","UGP2014NAM-OT03-04166","","","","3","3","2","2","5","3","5","1","0","0","0","0","3","","","","","","","0","3","0","","","","0","0","0","0","0","0","3","1","","0","33.33333333","0","0","33.33333333","33.33333333","0","0","100","100"
"","","UGP2014NAM-OT03","","","","","","","","","UGP2014NAM-OT03-04167","","","","3","3","1","3","5","1","2","1","0","0","0","0","2","","","","","","","0","2","0","","","","0","0","0","0","0","0","2","0.666666667","","0","33.33333333","0","0","22.22222222","22.22222222","0","0","66.66666667","66.66666667"
"","","UGP2014NAM-OT03","","","","","","","","","UGP2014NAM-OT03-04168","","","","3","2","1","4","8","2","4","1","4","2","0.32","0.05","9","2","1","1","2","5","0","0.37","9.37","6","0.08","0.025","0.061666667","6","2","4","1.333333333","0.37","0.123333333","9","3","66.66666667","3.948772679","33.33333333","3.555555556","4.111111111","100","104.1111111","10.66666667","12.33333333","300","312.3333333"
"","","UGP2014NAM-OT03","","","","","","","","","UGP2014NAM-OT03-04169","","","","3","1","1","3","6","1","3","1","0","0","0","0","4.3","","","","","","","0","4.3","0","","","","0","0","0","0","0","0","4.3","1.433333333","","0","33.33333333","0","0","47.77777778","47.77777778","0","0","143.3333333","143.3333333"
"","","UGP2014NAM-OT03","","","","","","","","","UGP2014NAM-OT03-04170","","","","3","1","","","","1","3","1","3","0","1","0","1.5","2","1","1","5","3","0","1","2.5","3","0.333333333","","0.333333333","3","1","3","1","1","0.333333333","1.5","0.5","100","40","33.33333333","11.11111111","11.11111111","16.66666667","27.77777778","33.33333333","33.33333333","50","83.33333333"
"","","UGP2014NAM-OT03","","","","","","","","","UGP2014NAM-OT03-04171","","","","3","0","","","","","","0","0","0","0","0","0","","","","","","","0","0","0","","","","","0","","0","","0","","0","","","0","0","0","0","0","","","",""
"","","UGP2014NAM-OT03","","","","","","","","","UGP2014NAM-OT03-04172","","","","3","0","","","","","","0","0","0","0","0","0","","","","","","","0","0","0","","","","","0","","0","","0","","0","","","0","0","0","0","0","","","",""
"","","UGP2014NAM-OT03","","","","","","","","","UGP2014NAM-OT03-04173","","","","3","3","2","2","7","2","5","3","1","4","0.16","0.08","2.5","2","1","1","7","5","0","0.24","2.74","5","0.16","0.02","0.048","1.666666667","1.666666667","0.333333333","0.333333333","0.08","0.08","0.833333333","0.833333333","20","8.759124088","100","1.777777778","2.666666667","27.77777778","30.44444444","1.777777778","2.666666667","27.77777778","30.44444444"
"","","UGP2014NAM-OT03","","","","","","","","","UGP2014NAM-OT03-04174","","","","3","3","2","2","8","3","5","0","0","0","0","0","0","","","","","","","0","0","0","","","","","0","","0","","0","","0","","","0","0","0","0","0","","","",""
"","","UGP2014NAM-OT03","","","","","","","","","UGP2014NAM-OT03-04175","","","","3","0","","","","","","0","0","0","0","0","0","","","","","","","0","0","0","","","","","0","","0","","0","","0","","","0","0","0","0","0","","","",""
"","","UGP2014NAM-OT03","","","","","","","","","UGP2014NAM-OT03-04176","","","","3","1","2","2","6","2","3","1","0","0","0","0","2","","","","","","","0","2","0","","","","0","0","0","0","0","0","2","0.666666667","","0","33.33333333","0","0","22.22222222","22.22222222","0","0","66.66666667","66.66666667"
"","","UGP2014NAM-OT03","","","","","","","","","UGP2014NAM-OT03-04177","","","","3","1","2","2","6","1","2","1","0","0","0","0","0.7","","","","","","","0","0.7","0","","","","0","0","0","0","0","0","0.7","0.233333333","","0","33.33333333","0","0","7.777777778","7.777777778","0","0","23.33333333","23.33333333"
"","","UGP2014NAM-OT03","","","","","","","","","UGP2014NAM-OT03-04178","","","","3","1","2","2","5","4","7","1","1","0","0.03","0","","6","2","2","1","5","10.5","0.03","","1","0.03","","0.03","1","0.333333333","1","0.333333333","0.03","0.01","","","100","","33.33333333","0.333333333","0.333333333","","","1","1","",""
"","","UGP2014NAM-OT03","","","","","","","","","UGP2014NAM-OT03-04179","","","","3","0","","","","","","0","0","0","0","0","0","","","","","","","0","0","0","","","","","0","","0","","0","","0","","","0","0","0","0","0","","","",""
"","","UGP2014NAM-OT03","","","","","","","","","UGP2014NAM-OT03-04180","","","","3","0","","","","","","0","0","0","0","0","0","","","","","","","0","0","0","","","","","0","","0","","0","","0","","","0","0","0","0","0","","","",""
"","","UGP2014NAM-OT03","","","","","","","","","UGP2014NAM-OT03-04181","","","","3","0","","","","","","0","0","0","0","0","0","","","","","","","0","0","0","","","","","0","","0","","0","","0","","","0","0","0","0","0","","","",""
"","","UGP2014NAM-OT03","","","","","","","","","UGP2014NAM-OT03-04182","","","","3","2","2","2","8","1","3","2","4","0","0.24","0","4","9","1","1","2","5","0","0.24","4.24","4","0.06","","0.06","2","1.333333333","2","1.333333333","0.12","0.08","2","1.333333333","100","5.660377358","66.66666667","2.666666667","2.666666667","44.44444444","47.11111111","4","4","66.66666667","70.66666667"
"","","UGP2014NAM-OT03","","","","","","","","","UGP2014NAM-OT03-04183","","","","3","1","2","2","7","1","2","1","0","0","0","0","1","","","","","","","0","1","0","","","","0","0","0","0","0","0","1","0.333333333","","0","33.33333333","0","0","11.11111111","11.11111111","0","0","33.33333333","33.33333333"
"","","UGP2014NAM-OT03","","","","","","","","","UGP2014NAM-OT03-04184","","","","3","0","","","","","","0","0","0","0","0","0","","","","","","","0","0","0","","","","","0","","0","","0","","0","","","0","0","0","0","0","","","",""
"","","UGP2014NAM-OT03","","","","","","","","","UGP2014NAM-OT03-04185","","","","3","2","2","2","7","3","6","2","1","1","0.16","0.04","1.2","9","1","1","9","9","0","0.2","1.4","2","0.16","0.04","0.1","1","0.666666667","0.5","0.333333333","0.1","0.066666667","0.6","0.4","50","14.28571429","66.66666667","1.777777778","2.222222222","13.33333333","15.55555556","2.666666667","3.333333333","20","23.33333333"
"","","UGP2014NAM-OT03","","","","","","","","","UGP2014NAM-OT03-04186","","","","3","1","2","2","6","1","3","1","0","0","0","0","1","","","","","","","0","1","0","","","","0","0","0","0","0","0","1","0.333333333","","0","33.33333333","0","0","11.11111111","11.11111111","0","0","33.33333333","33.33333333"
"","","UGP2014NAM-OT03","","","","","","","","","UGP2014NAM-OT03-04187","","","","3","3","2","2","7","2","4","1","1","1","0.1","","0.5","2","1","1","6","7","1.5","","","2","0.1","","","2","0.666666667","1","0.333333333","","","0.5","0.166666667","50","","33.33333333","1.111111111","","5.555555556","","3.333333333","","16.66666667",""
"","","UGP2014NAM-OT03","","","","","","","","","UGP2014NAM-OT03-04188","","","","3","3","2","2","7","","2","1","0","2","0","0.04","1.5","9","1","1","9","9","0.15","0.04","1.54","2","","0.02","0.02","2","0.666666667","0","0","0.04","0.013333333","1.5","0.5","0","2.597402597","33.33333333","0","0.444444444","16.66666667","17.11111111","0","1.333333333","50","51.33333333"
"","","UGP2014NAM-OT03","","","","","","","","","UGP2014NAM-OT03-04189","","","","3","0","","","","","","0","0","0","0","0","0","","","","","","","0","0","0","","","","","0","","0","","0","","0","","","0","0","0","0","0","","","",""
"","","UGP2014NAM-OT03","","","","","","","","","UGP2014NAM-OT03-04190","","","","3","0","","","","","","0","0","0","0","0","0","","","","","","","0","0","0","","","","","0","","0","","0","","0","","","0","0","0","0","0","","","",""
"","","UGP2014NAM-OT03","","","","","","","","","UGP2014NAM-OT03-04191","","","","3","1","2","2","6","2","4","1","0","0","0","0","0.7","","","","","","","0","0.7","0","","","","0","0","0","0","0","0","0.7","0.233333333","","0","33.33333333","0","0","7.777777778","7.777777778","0","0","23.33333333","23.33333333"
"","","UGP2014NAM-OT03","","","","","","","","","UGP2014NAM-OT03-04192","","","","3","3","2","2","5","4","7","3","3","0","0.18","0","0.5","8","1","4","1","7","7.76","0.18","0.68","3","0.06","","0.06","1","1","1","1","0.06","0.06","0.166666667","0.166666667","100","26.47058824","100","2","2","5.555555556","7.555555556","2","2","5.555555556","7.555555556"
"","","UGP2014NAM-OT03","","","","","","","","","UGP2014NAM-OT03-04193","","","","3","2","2","2","5","1","2","1","0","0","0","0","1","","","","","","","0","1","0","","","","0","0","0","0","0","0","1","0.333333333","","0","33.33333333","0","0","11.11111111","11.11111111","0","0","33.33333333","33.33333333"
"","","UGP2014NAM-OT03","","","","","","","","","UGP2014NAM-OT03-04194","","","","3","2","2","2","7","1","2","1","0","0","0","0","4.5","","","","","","","0","4.5","0","","","","0","0","0","0","0","0","4.5","1.5","","0","33.33333333","0","0","50","50","0","0","150","150"
"","","UGP2014NAM-OT03","","","","","","","","","UGP2014NAM-OT03-04195","","","","3","3","2","3","6","2","4","1","0","0","0","0","1.5","","","","","","","0","1.5","0","","","","0","0","0","0","0","0","1.5","0.5","","0","33.33333333","0","0","16.66666667","16.66666667","0","0","50","50"
"","","UGP2014NAM-OT03","","","","","","","","","UGP2014NAM-OT03-04196","","","","3","1","2","2","7","3","5","1","0","2","0","0.06","0.5","8","1","1","2","9","0.02","0.06","0.56","2","","0.03","0.03","2","0.666666667","0","0","0.06","0.02","0.5","0.166666667","0","10.71428571","33.33333333","0","0.666666667","5.555555556","6.222222222","0","2","16.66666667","18.66666667"
"","","UGP2014NAM-OT03","","","","","","","","","UGP2014NAM-OT03-04197","","","","3","2","2","4","6","1","3","2","0","0","0","0","2","","","","","","","0","2","0","","","","0","0","0","0","0","0","1","0.666666667","","0","66.66666667","0","0","22.22222222","22.22222222","0","0","33.33333333","33.33333333"
"","","UGP2014NAM-OT03","","","","","","","","","UGP2014NAM-OT03-04198","","","","3","1","2","3","7","2","4","1","1","0","0.3","0","1.5","2","1","1","3","1","0","0.3","1.8","1","0.3","","0.3","1","0.333333333","1","0.333333333","0.3","0.1","1.5","0.5","100","16.66666667","33.33333333","3.333333333","3.333333333","16.66666667","20","10","10","50","60"
"","","UGP2014NAM-OT03","","","","","","","","","UGP2014NAM-OT03-04199","","","","3","1","2","3","7","1","3","1","0","0","0","0","3.5","","","","","","","0","3.5","0","","","","0","0","0","0","0","0","3.5","1.166666667","","0","33.33333333","0","0","38.88888889","38.88888889","0","0","116.6666667","116.6666667"
"","","UGP2014NAM-OT03","","","","","","","","","UGP2014NAM-OT03-04200","","","","3","2","2","5","6","1","3","2","4","2","0.6","0.06","4.5","2","1","1","5","3","0.15","0.66","5.16","6","0.15","0.03","0.11","3","2","2","1.333333333","0.33","0.22","2.25","1.5","66.66666667","12.79069767","66.66666667","6.666666667","7.333333333","50","57.33333333","10","11","75","86"
"","","UGP2014NAM-OT03","","","","","","","","","UGP2014NAM-OT03-04201","","","","3","1","2","6","7","2","4","1","4","0","0.3","0","1.7","8","1","1","2","5","0.02","0.3","2","4","0.075","","0.075","4","1.333333333","4","1.333333333","0.3","0.1","1.7","0.566666667","100","15","33.33333333","3.333333333","3.333333333","18.88888889","22.22222222","10","10","56.66666667","66.66666667"
"","","UGP2014NAM-OT03","","","","","","","","","UGP2014NAM-OT03-04202","","","","3","3","2","3","6","1","2","3","3","0","0.28","0","7","2","1","1","2","7","5.46","0.28","7.28","3","0.093333333","","0.093333333","1","1","1","1","0.093333333","0.093333333","2.333333333","2.333333333","100","3.846153846","100","3.111111111","3.111111111","77.77777778","80.88888889","3.111111111","3.111111111","77.77777778","80.88888889"
"","","UGP2014NAM-OT03","","","","","","","","","UGP2014NAM-OT03-04203","","","","3","3","2","4","6","1","3","2","1","1","0.1","0.03","1.3","2","1","1","5","5","0","0.13","1.43","2","0.1","0.03","0.065","1","0.666666667","0.5","0.333333333","0.065","0.043333333","0.65","0.433333333","50","9.090909091","66.66666667","1.111111111","1.444444444","14.44444444","15.88888889","1.666666667","2.166666667","21.66666667","23.83333333"
"","","UGP2014NAM-OT03","","","","","","","","","UGP2014NAM-OT03-04204","","","","3","2","2","6","7","1","2","2","5","0","0.3","0","1.3","2","1","1","9","7","1.38","0.3","1.6","5","0.06","","0.06","2.5","1.666666667","2.5","1.666666667","0.15","0.1","0.65","0.433333333","100","18.75","66.66666667","3.333333333","3.333333333","14.44444444","17.77777778","5","5","21.66666667","26.66666667"
"","","UGP2014NAM-OT03","","","","","","","","","UGP2014NAM-OT03-04205","","","","3","3","2","3","6","1","2","3","0","2","0","0.05","1.7","2","1","1","2","9","0.02","0.05","1.75","2","","0.025","0.025","0.666666667","0.666666667","0","0","0.016666667","0.016666667","0.566666667","0.566666667","0","2.857142857","100","0","0.555555556","18.88888889","19.44444444","0","0.555555556","18.88888889","19.44444444"
"","","UGP2014NAM-OT03","","","","","","","","","UGP2014NAM-OT03-04206","","","","3","3","2","4","6","3","5","2","0","0","0","0","1","","","","","","","0","1","0","","","","0","0","0","0","0","0","0.5","0.333333333","","0","66.66666667","0","0","11.11111111","11.11111111","0","0","16.66666667","16.66666667"
"","","UGP2014NAM-OT03","","","","","","","","","UGP2014NAM-OT03-04207","","","","3","2","2","3","7","1","2","2","4","2","0.4","0.04","0.8","2","1","1","5","5","3.96","0.44","1.24","6","0.1","0.02","0.073333333","3","2","2","1.333333333","0.22","0.146666667","0.4","0.266666667","66.66666667","35.48387097","66.66666667","4.444444444","4.888888889","8.888888889","13.77777778","6.666666667","7.333333333","13.33333333","20.66666667"
"","","UGP2014NAM-OT03","","","","","","","","","UGP2014NAM-OT03-04208","","","","3","1","2","2","6","1","3","1","10","9","1","0.12","0.15","9","2","1","5","3","7.76","1.12","1.27","19","0.1","0.013333333","0.058947368","19","6.333333333","10","3.333333333","1.12","0.373333333","0.15","0.05","52.63157895","88.18897638","33.33333333","11.11111111","12.44444444","1.666666667","14.11111111","33.33333333","37.33333333","5","42.33333333"
"","","UGP2014NAM-OT03","","","","","","","","","UGP2014NAM-OT03-04209","","","","3","0","","","","","","0","0","0","0","0","0","","","","","","","0","0","0","","","","","0","","0","","0","","0","","","0","0","0","0","0","","","",""
"","","UGP2014NAM-OT03","","","","","","","","","UGP2014NAM-OT03-04210","","","","3","1","2","6","7","1","3","1","1","0","0.1","0","4","2","1","1","3","7","0","0.1","4.1","1","0.1","","0.1","1","0.333333333","1","0.333333333","0.1","0.033333333","4","1.333333333","100","2.43902439","33.33333333","1.111111111","1.111111111","44.44444444","45.55555556","3.333333333","3.333333333","133.3333333","136.6666667"
"","","UGP2014NAM-OT03","","","","","","","","","UGP2014NAM-OT03-04211","","","","3","0","","","","","","0","0","0","0","0","0","","","","","","","0","0","0","","","","","0","","0","","0","","0","","","0","0","0","0","0","","","",""
"","","UGP2014NAM-OT03","","","","","","","","","UGP2014NAM-OT03-04212","","","","3","3","2","4","8","1","3","3","4","2","0.3","0.04","5","2","1","1","2","2","0.02","0.34","5.34","6","0.075","0.02","0.056666667","2","2","1.333333333","1.333333333","0.113333333","0.113333333","1.666666667","1.666666667","66.66666667","6.367041199","100","3.333333333","3.777777778","55.55555556","59.33333333","3.333333333","3.777777778","55.55555556","59.33333333"
"","","UGP2014NAM-OT03","","","","","","","","","UGP2014NAM-OT03-04213","","","","3","1","2","2","7","4","7","1","2","0","0.6","0","1.5","2","1","1","8","3","0","0.6","2.1","2","0.3","","0.3","2","0.666666667","2","0.666666667","0.6","0.2","1.5","0.5","100","28.57142857","33.33333333","6.666666667","6.666666667","16.66666667","23.33333333","20","20","50","70"
"","","UGP2014NAM-OT03","","","","","","","","","UGP2014NAM-OT03-04214","","","","3","0","","","","","","0","0","0","0","0","0","","","","","","","0","0","0","","","","","0","","0","","0","","0","","","0","0","0","0","0","","","",""
"","","UGP2014NAM-OT03","","","","","","","","","UGP2014NAM-OT03-04215","","","","3","2","2","2","6","3","6","2","2","5","0.3","0.05","2","6","1","1","5","5","11.03","0.35","2.35","7","0.15","0.01","0.05","3.5","2.333333333","1","0.666666667","0.175","0.116666667","1","0.666666667","28.57142857","14.89361702","66.66666667","3.333333333","3.888888889","22.22222222","26.11111111","5","5.833333333","33.33333333","39.16666667"
"","","UGP2014NAM-OT03","","","","","","","","","UGP2014NAM-OT03-04216","","","","3","2","2","2","5","3","5","1","1","0","0.08","0","1","2","1","1","3","7","0","0.08","1.08","1","0.08","","0.08","1","0.333333333","1","0.333333333","0.08","0.026666667","1","0.333333333","100","7.407407407","33.33333333","0.888888889","0.888888889","11.11111111","12","2.666666667","2.666666667","33.33333333","36"
"","","UGP2014NAM-OT03","","","","","","","","","UGP2014NAM-OT03-04217","","","","3","3","2","2","7","1","3","1","1","1","0.08","0.03","1.6","9","1","1","4","7","0.02","0.11","1.71","2","0.08","0.03","0.055","2","0.666666667","1","0.333333333","0.11","0.036666667","1.6","0.533333333","50","6.432748538","33.33333333","0.888888889","1.222222222","17.77777778","19","2.666666667","3.666666667","53.33333333","57"
"","","UGP2014NAM-OT03","","","","","","","","","UGP2014NAM-OT03-04218","","","","3","1","2","2","6","2","4","1","0","0","0","0","0.3","","","","","","","0","0.3","0","","","","0","0","0","0","0","0","0.3","0.1","","0","33.33333333","0","0","3.333333333","3.333333333","0","0","10","10"
"","","UGP2014NAM-OT03","","","","","","","","","UGP2014NAM-OT03-04219","","","","3","2","2","2","7","1","2","2","2","1","0.16","0.01","2.5","9","1","1","2","7","0","0.17","2.67","3","0.08","0.01","0.056666667","1.5","1","1","0.666666667","0.085","0.056666667","1.25","0.833333333","66.66666667","6.367041199","66.66666667","1.777777778","1.888888889","27.77777778","29.66666667","2.666666667","2.833333333","41.66666667","44.5"
"","","UGP2014NAM-OT03","","","","","","","","","UGP2014NAM-OT03-04220","","","","3","2","2","3","8","2","3","2","3","0","0.5","0","1.5","9","1","1","1","3","3.96","0.5","2","3","0.166666667","","0.166666667","1.5","1","1.5","1","0.25","0.166666667","0.75","0.5","100","25","66.66666667","5.555555556","5.555555556","16.66666667","22.22222222","8.333333333","8.333333333","25","33.33333333"
"","","UGP2014NAM-OT03","","","","","","","","","UGP2014NAM-OT03-04221","","","","3","0","","","","","","0","0","0","0","0","0","","","","","","","0","0","0","","","","","0","","0","","0","","0","","","0","0","0","0","0","","","",""
"","","UGP2014NAM-OT03","","","","","","","","","UGP2014NAM-OT03-04222","","","","3","1","2","2","5","1","2","1","0","0","0","0","0.3","","","","","","","0","0.3","0","","","","0","0","0","0","0","0","0.3","0.1","","0","33.33333333","0","0","3.333333333","3.333333333","0","0","10","10"
"","","UGP2014NAM-OT03","","","","","","","","","UGP2014NAM-OT03-04223","","","","3","0","","","","","","0","0","0","0","0","0","","","","","","","0","0","0","","","","","0","","0","","0","","0","","","0","0","0","0","0","","","",""
"","","UGP2014NAM-OT03","","","","","","","","","UGP2014NAM-OT03-04224","","","","3","2","2","4","6","1","3","2","2","0","0.2","0","2","2","2","1","1","5","0","0.2","2.2","2","0.1","","0.1","1","0.666666667","1","0.666666667","0.1","0.066666667","1","0.666666667","100","9.090909091","66.66666667","2.222222222","2.222222222","22.22222222","24.44444444","3.333333333","3.333333333","33.33333333","36.66666667"
"","","UGP2014NAM-OT03","","","","","","","","","UGP2014NAM-OT03-04225","","","","3","0","","","","","","0","0","0","0","0","0","","","","","","","0","0","0","","","","","0","","0","","0","","0","","","0","0","0","0","0","","","",""
"","","UGP2014NAM-OT03","","","","","","","","","UGP2014NAM-OT03-04226","","","","3","2","2","3","6","1","2","2","2","0","0.3","0","1.5","6","1","1","1","3","11.03","0.3","1.8","2","0.15","","0.15","1","0.666666667","1","0.666666667","0.15","0.1","0.75","0.5","100","16.66666667","66.66666667","3.333333333","3.333333333","16.66666667","20","5","5","25","30"
"","","UGP2014NAM-OT03","","","","","","","","","UGP2014NAM-OT03-04227","","","","3","0","","","","","","0","0","0","0","0","0","","","","","","","0","0","0","","","","","0","","0","","0","","0","","","0","0","0","0","0","","","",""
"","","UGP2014NAM-OT03","","","","","","","","","UGP2014NAM-OT03-04228","","","","3","1","2","2","7","2","4","1","0","0","0","0","1.8","","","","","","","0","1.8","0","","","","0","0","0","0","0","0","1.8","0.6","","0","33.33333333","0","0","20","20","0","0","60","60"
"","","UGP2014NAM-OT03","","","","","","","","","UGP2014NAM-OT03-04229","","","","3","1","2","3","6","3","5","1","0","0","0","0","0.7","","","","","","","0","0.7","0","","","","0","0","0","0","0","0","0.7","0.233333333","","0","33.33333333","0","0","7.777777778","7.777777778","0","0","23.33333333","23.33333333"
"","","UGP2014NAM-OT03","","","","","","","","","UGP2014NAM-OT03-04230","","","","3","2","2","4","6","2","4","2","1","0","0.18","0","1.5","9","1","1","4","5","11.03","0.18","1.68","1","0.18","","0.18","0.5","0.333333333","0.5","0.333333333","0.09","0.06","0.75","0.5","100","10.71428571","66.66666667","2","2","16.66666667","18.66666667","3","3","25","28"
"","","UGP2014NAM-OT03","","","","","","","","","UGP2014NAM-OT03-04231","","","","3","1","2","2","6","3","6","1","0","0","0","0","1.1","","","","","","","0","1.1","0","","","","0","0","0","0","0","0","1.1","0.366666667","","0","33.33333333","0","0","12.22222222","12.22222222","0","0","36.66666667","36.66666667"
"","","UGP2014NAM-OT03","","","","","","","","","UGP2014NAM-OT03-04232","","","","3","0","","","","","","0","0","0","0","0","0","","","","","","","0","0","0","","","","","0","","0","","0","","0","","","0","0","0","0","0","","","",""
"","","UGP2014NAM-OT03","","","","","","","","","UGP2014NAM-OT03-04233","","","","3","1","2","3","6","4","7","1","1","0","0.28","0","0.5","6","1","1","1","3","11.03","0.28","0.78","1","0.28","","0.28","1","0.333333333","1","0.333333333","0.28","0.093333333","0.5","0.166666667","100","35.8974359","33.33333333","3.111111111","3.111111111","5.555555556","8.666666667","9.333333333","9.333333333","16.66666667","26"
"","","UGP2014NAM-OT03","","","","","","","","","UGP2014NAM-OT03-04234","","","","3","2","2","4","8","1","3","2","0","1","0","0.04","3","9","1","1","3","7","0.02","0.04","3.04","1","","0.04","0.04","0.5","0.333333333","0","0","0.02","0.013333333","1.5","1","0","1.315789474","66.66666667","0","0.444444444","33.33333333","33.77777778","0","0.666666667","50","50.66666667"
"","","UGP2014NAM-OT03","","","","","","","","","UGP2014NAM-OT03-04235","","","","3","2","2","2","7","3","5","2","0","2","0","0.06","2","9","1","1","8","9","0","0.06","2.06","2","","0.03","0.03","1","0.666666667","0","0","0.03","0.02","1","0.666666667","0","2.912621359","66.66666667","0","0.666666667","22.22222222","22.88888889","0","1","33.33333333","34.33333333"
"","","UGP2014NAM-OT03","","","","","","","","","UGP2014NAM-OT03-04236","","","","3","3","2","2","6","1","2","2","0","0","0","0","4","","","","","","","0","4","0","","","","0","0","0","0","0","0","2","1.333333333","","0","66.66666667","0","0","44.44444444","44.44444444","0","0","66.66666667","66.66666667"
"","","UGP2014NAM-OT03","","","","","","","","","UGP2014NAM-OT03-04237","","","","3","1","2","4","8","2","3","1","0","0","0","0","4.3","","","","","","","0","4.3","0","","","","0","0","0","0","0","0","4.3","1.433333333","","0","33.33333333","0","0","47.77777778","47.77777778","0","0","143.3333333","143.3333333"
"","","UGP2014NAM-OT03","","","","","","","","","UGP2014NAM-OT03-04238","","","","3","2","2","2","8","3","6","1","3","0","0.6","0","1.6","9","1","1","5","3","0.12","0.6","2.2","3","0.2","","0.2","3","1","3","1","0.6","0.2","1.6","0.533333333","100","27.27272727","33.33333333","6.666666667","6.666666667","17.77777778","24.44444444","20","20","53.33333333","73.33333333"
"","","UGP2014NAM-OT03","","","","","","","","","UGP2014NAM-OT03-04239","","","","3","0","","","","","","0","0","0","0","0","0","","","","","","","0","0","0","","","","","0","","0","","0","","0","","","0","0","0","0","0","","","",""
"","","UGP2014NAM-OT03","","","","","","","","","UGP2014NAM-OT03-04240","","","","3","3","2","3","6","1","3","1","0","0","0","0","1","","","","","","","0","1","0","","","","0","0","0","0","0","0","1","0.333333333","","0","33.33333333","0","0","11.11111111","11.11111111","0","0","33.33333333","33.33333333"
"","","UGP2014NAM-OT03","","","","","","","","","UGP2014NAM-OT03-04241","","","","3","0","","","","","","0","0","0","0","0","0","","","","","","","0","0","0","","","","","0","","0","","0","","0","","","0","0","0","0","0","","","",""
"","","UGP2014NAM-OT03","","","","","","","","","UGP2014NAM-OT03-04242","","","","3","1","2","6","7","3","4","1","1","1","0.1","0.04","2","2","1","1","3","7","0.02","0.14","2.14","2","0.1","0.04","0.07","2","0.666666667","1","0.333333333","0.14","0.046666667","2","0.666666667","50","6.542056075","33.33333333","1.111111111","1.555555556","22.22222222","23.77777778","3.333333333","4.666666667","66.66666667","71.33333333"
"","","UGP2014NAM-OT03","","","","","","","","","UGP2014NAM-OT03-04243","","","","3","0","","","","","","0","0","0","0","0","0","","","","","","","0","0","0","","","","","0","","0","","0","","0","","","0","0","0","0","0","","","",""
"","","UGP2014NAM-OT03","","","","","","","","","UGP2014NAM-OT03-04244","","","","3","1","2","2","7","1","2","1","1","0","0.4","0","3.5","2","1","1","5","3","0.02","0.4","3.9","1","0.4","","0.4","1","0.333333333","1","0.333333333","0.4","0.133333333","3.5","1.166666667","100","10.25641026","33.33333333","4.444444444","4.444444444","38.88888889","43.33333333","13.33333333","13.33333333","116.6666667","130"
"","","UGP2014NAM-OT03","","","","","","","","","UGP2014NAM-OT03-04245","","","","3","3","2","2","7","2","4","2","0","0","0","0","4","","","","","","","0","4","0","","","","0","0","0","0","0","0","2","1.333333333","","0","66.66666667","0","0","44.44444444","44.44444444","0","0","66.66666667","66.66666667"
"","","UGP2014NAM-OT03","","","","","","","","","UGP2014NAM-OT03-04246","","","","3","2","2","2","6","1","2","2","4","2","0.4","0.04","0.5","2","1","1","5","3","11.03","0.44","0.94","6","0.1","0.02","0.073333333","3","2","2","1.333333333","0.22","0.146666667","0.25","0.166666667","66.66666667","46.80851064","66.66666667","4.444444444","4.888888889","5.555555556","10.44444444","6.666666667","7.333333333","8.333333333","15.66666667"
"","","UGP2014NAM-OT03","","","","","","","","","UGP2014NAM-OT03-04247","","","","3","0","","","","","","0","0","0","0","0","0","","","","","","","0","0","0","","","","","0","","0","","0","","0","","","0","0","0","0","0","","","",""
"","","UGP2014NAM-OT03","","","","","","","","","UGP2014NAM-OT03-04248","","","","3","2","2","2","6","2","4","2","0","0","0","0","1.5","","","","","","","0","1.5","0","","","","0","0","0","0","0","0","0.75","0.5","","0","66.66666667","0","0","16.66666667","16.66666667","0","0","25","25"
"","","UGP2014NAM-OT03","","","","","","","","","UGP2014NAM-OT03-04249","","","","3","2","2","3","8","1","2","2","6","1","0.24","0.08","2","8","1","1","3","7","1.5","0.32","2.32","7","0.04","0.08","0.045714286","3.5","2.333333333","3","2","0.16","0.106666667","1","0.666666667","85.71428571","13.79310345","66.66666667","2.666666667","3.555555556","22.22222222","25.77777778","4","5.333333333","33.33333333","38.66666667"
"","","UGP2014NAM-OT03","","","","","","","","","UGP2014NAM-OT03-04250","","","","3","1","2","2","7","1","2","1","0","0","0","0","1","","","","","","","0","1","0","","","","0","0","0","0","0","0","1","0.333333333","","0","33.33333333","0","0","11.11111111","11.11111111","0","0","33.33333333","33.33333333"
"","","UGP2014NAM-OT03","","","","","","","","","UGP2014NAM-OT03-04251","","","","3","2","2","3","8","1","2","2","12","2","3","0.02","2","9","2","2","5","3","0","3.02","5.02","14","0.25","0.01","0.215714286","7","4.666666667","6","4","1.51","1.006666667","1","0.666666667","85.71428571","60.15936255","66.66666667","33.33333333","33.55555556","22.22222222","55.77777778","50","50.33333333","33.33333333","83.66666667"
"","","UGP2014NAM-OT03","","","","","","","","","UGP2014NAM-OT03-04252","","","","3","0","","","","","","0","0","0","0","0","0","","","","","","","0","0","0","","","","","0","","0","","0","","0","","","0","0","0","0","0","","","",""
"","","UGP2014NAM-OT03","","","","","","","","","UGP2014NAM-OT03-04253","","","","3","3","2","4","7","2","4","2","2","0","0.1","0","3","6","1","1","4","3","1.65","0.1","3.1","2","0.05","","0.05","1","0.666666667","1","0.666666667","0.05","0.033333333","1.5","1","100","3.225806452","66.66666667","1.111111111","1.111111111","33.33333333","34.44444444","1.666666667","1.666666667","50","51.66666667"
"","","UGP2014NAM-OT03","","","","","","","","","UGP2014NAM-OT03-04254","","","","3","1","2","6","7","1","2","1","3","4","0.18","0.06","1.6","6","1","1","2","9","4.61","0.24","1.84","7","0.06","0.015","0.034285714","7","2.333333333","3","1","0.24","0.08","1.6","0.533333333","42.85714286","13.04347826","33.33333333","2","2.666666667","17.77777778","20.44444444","6","8","53.33333333","61.33333333"
"","","UGP2014NAM-OT03","","","","","","","","","UGP2014NAM-OT03-04255","","","","3","3","2","2","7","1","2","3","0","0","0","0","1.2","","","","","","","0","1.2","0","","","","0","0","0","0","0","0","0.4","0.4","","0","100","0","0","13.33333333","13.33333333","0","0","13.33333333","13.33333333"
"","","UGP2014NAM-OT03","","","","","","","","","UGP2014NAM-OT03-04256","","","","3","2","2","2","6","1","3","1","0","0","0","0","1","","","","","","","0","1","0","","","","0","0","0","0","0","0","1","0.333333333","","0","33.33333333","0","0","11.11111111","11.11111111","0","0","33.33333333","33.33333333"
"","","UGP2014NAM-OT03","","","","","","","","","UGP2014NAM-OT03-04257","","","","3","0","","","","","","0","0","0","0","0","0","","","","","","","0","0","0","","","","","0","","0","","0","","0","","","0","0","0","0","0","","","",""
"","","UGP2014NAM-OT03","","","","","","","","","UGP2014NAM-OT03-04259","","","","3","0","","","","","","0","0","0","0","0","0","","","","","","","0","0","0","","","","","0","","0","","0","","0","","","0","0","0","0","0","","","",""
"","","UGP2014NAM-OT03","","","","","","","","","UGP2014NAM-OT03-04260","","","","3","2","3","2","7","1","3","2","1","0","0.1","0","2.5","2","1","1","3","7","3.96","0.1","2.6","1","0.1","","0.1","0.5","0.333333333","0.5","0.333333333","0.05","0.033333333","1.25","0.833333333","100","3.846153846","66.66666667","1.111111111","1.111111111","27.77777778","28.88888889","1.666666667","1.666666667","41.66666667","43.33333333"
"","","UGP2014NAM-OT03","","","","","","","","","UGP2014NAM-OT03-04261","","","","3","1","3","6","7","1","2","1","2","0","0.4","0","1.5","9","1","1","2","3","0.12","0.4","1.9","2","0.2","","0.2","2","0.666666667","2","0.666666667","0.4","0.133333333","1.5","0.5","100","21.05263158","33.33333333","4.444444444","4.444444444","16.66666667","21.11111111","13.33333333","13.33333333","50","63.33333333"
"","","UGP2014NAM-OT03","","","","","","","","","UGP2014NAM-OT03-04262","","","","3","2","2","6","7","3","5","2","5","0","0.5","0","1","9","1","1","3","5","0","0.5","1.5","5","0.1","","0.1","2.5","1.666666667","2.5","1.666666667","0.25","0.166666667","0.5","0.333333333","100","33.33333333","66.66666667","5.555555556","5.555555556","11.11111111","16.66666667","8.333333333","8.333333333","16.66666667","25"
"","","UGP2014NAM-OT03","","","","","","","","","UGP2014NAM-OT03-04263","","","","3","0","","","","","","0","0","0","0","0","0","","","","","","","0","0","0","","","","","0","","0","","0","","0","","","0","0","0","0","0","","","",""
"","","UGP2014NAM-OT03","","","","","","","","","UGP2014NAM-OT03-04264","","","","3","1","1","2","6","1","2","1","0","0","0","0","1.5","","","","","","","0","1.5","0","","","","0","0","0","0","0","0","1.5","0.5","","0","33.33333333","0","0","16.66666667","16.66666667","0","0","50","50"
"","","UGP2014NAM-OT03","","","","","","","","","UGP2014NAM-OT03-04265","","","","3","2","1","2","7","2","4","2","0","0","0","0","5","","","","","","","0","5","0","","","","0","0","0","0","0","0","2.5","1.666666667","","0","66.66666667","0","0","55.55555556","55.55555556","0","0","83.33333333","83.33333333"
"","","UGP2014NAM-OT03","","","","","","","","","UGP2014NAM-OT03-04266","","","","3","1","2","","6","1","2","1","0","2","0","0.12","1.5","9","1","1","3","9","0","0.12","1.62","2","","0.06","0.06","2","0.666666667","0","0","0.12","0.04","1.5","0.5","0","7.407407407","33.33333333","0","1.333333333","16.66666667","18","0","4","50","54"
"","","UGP2014NAM-OT03","","","","","","","","","UGP2014NAM-OT03-04267","","","","3","0","","","","","","0","0","0","0","0","0","","","","","","","0","0","0","","","","","0","","0","","0","","0","","","0","0","0","0","0","","","",""
"","","UGP2014NAM-OT03","","","","","","","","","UGP2014NAM-OT03-04268","","","","3","3","1","2","7","1","2","1","10","3","1.28","0.05","3","2","1","1","6","3","0","1.33","4.33","13","0.128","0.016666667","0.102307692","13","4.333333333","10","3.333333333","1.33","0.443333333","3","1","76.92307692","30.71593533","33.33333333","14.22222222","14.77777778","33.33333333","48.11111111","42.66666667","44.33333333","100","144.3333333"
"","","UGP2014NAM-OT03","","","","","","","","","UGP2014NAM-OT03-04269","","","","3","1","1","2","8","1","3","1","0","8","0","0.1","1.5","9","1","1","9","9","0.02","0.1","1.6","8","","0.0125","0.0125","8","2.666666667","0","0","0.1","0.033333333","1.5","0.5","0","6.25","33.33333333","0","1.111111111","16.66666667","17.77777778","0","3.333333333","50","53.33333333"
"","","UGP2014NAM-OT03","","","","","","","","","UGP2014NAM-OT03-04270","","","","3","2","1","2","8","3","5","1","3","0","0.6","0","0.6","6","1","1","5","3","0","0.6","1.2","3","0.2","","0.2","3","1","3","1","0.6","0.2","0.6","0.2","100","50","33.33333333","6.666666667","6.666666667","6.666666667","13.33333333","20","20","20","40"
"","","UGP2014NAM-OT03","","","","","","","","","UGP2014NAM-OT03-04271","","","","3","1","1","2","7","1","3","1","5","0","0.5","0","0.09","9","1","1","2","3","0","0.5","0.59","5","0.1","","0.1","5","1.666666667","5","1.666666667","0.5","0.166666667","0.09","0.03","100","84.74576271","33.33333333","5.555555556","5.555555556","1","6.555555556","16.66666667","16.66666667","3","19.66666667"
"","","UGP2014NAM-OT03","","","","","","","","","UGP2014NAM-OT03-04272","","","","3","1","1","6","4","4","7","1","0","0","0","0","1","","","","","","","0","1","0","","","","0","0","0","0","0","0","1","0.333333333","","0","33.33333333","0","0","11.11111111","11.11111111","0","0","33.33333333","33.33333333"
"","","UGP2014NAM-OT03","","","","","","","","","UGP2014NAM-OT03-04273","","","","3","2","1","2","6","2","4","2","1","0","0.2","0","15","6","1","2","1","1","0","0.2","15.2","1","0.2","","0.2","0.5","0.333333333","0.5","0.333333333","0.1","0.066666667","7.5","5","100","1.315789474","66.66666667","2.222222222","2.222222222","166.6666667","168.8888889","3.333333333","3.333333333","250","253.3333333"
"","","UGP2014NAM-OT03","","","","","","","","","UGP2014NAM-OT03-04274","","","","3","2","1","3","7","1","3","2","0","0","0","0","1.6","","","","","","","0","1.6","0","","","","0","0","0","0","0","0","0.8","0.533333333","","0","66.66666667","0","0","17.77777778","17.77777778","0","0","26.66666667","26.66666667"
"","","UGP2014NAM-OT03","","","","","","","","","UGP2014NAM-OT03-04275","","","","3","1","2","2","7","2","4","1","1","0","0.08","0","4.7","9","1","1","9","9","0","0.08","4.78","1","0.08","","0.08","1","0.333333333","1","0.333333333","0.08","0.026666667","4.7","1.566666667","100","1.673640167","33.33333333","0.888888889","0.888888889","52.22222222","53.11111111","2.666666667","2.666666667","156.6666667","159.3333333"
"","","UGP2014NAM-OT03","","","","","","","","","UGP2014NAM-OT03-04276","","","","3","1","2","3","8","1","3","1","6","4","0.3","0.08","1.5","2","1","1","5","7","0","0.38","1.88","10","0.05","0.02","0.038","10","3.333333333","6","2","0.38","0.126666667","1.5","0.5","60","20.21276596","33.33333333","3.333333333","4.222222222","16.66666667","20.88888889","10","12.66666667","50","62.66666667"
"","","UGP2014NAM-OT03","","","","","","","","","UGP2014NAM-OT03-04277","","","","3","2","2","3","7","1","3","2","7","12","0.3","0.1","6","6","1","1","3","5","10.5","0.4","6.4","19","0.042857143","0.008333333","0.021052632","9.5","6.333333333","3.5","2.333333333","0.2","0.133333333","3","2","36.84210526","6.25","66.66666667","3.333333333","4.444444444","66.66666667","71.11111111","5","6.666666667","100","106.6666667"
"","","UGP2014NAM-OT03","","","","","","","","","UGP2014NAM-OT03-04278","","","","3","2","1","2","8","3","5","2","2","0","0.1","0","1","9","1","1","3","7","0","0.1","1.1","2","0.05","","0.05","1","0.666666667","1","0.666666667","0.05","0.033333333","0.5","0.333333333","100","9.090909091","66.66666667","1.111111111","1.111111111","11.11111111","12.22222222","1.666666667","1.666666667","16.66666667","18.33333333"
"","","UGP2014NAM-OT03","","","","","","","","","UGP2014NAM-OT03-04279","","","","3","1","1","2","6","4","7","1","0","3","0","0.08","2","9","1","1","9","9","0","0.08","2.08","3","","0.026666667","0.026666667","3","1","0","0","0.08","0.026666667","2","0.666666667","0","3.846153846","33.33333333","0","0.888888889","22.22222222","23.11111111","0","2.666666667","66.66666667","69.33333333"
"","","UGP2014NAM-OT03","","","","","","","","","UGP2014NAM-OT03-04280","","","","3","3","1","6","6","5","8","2","0","0","0","0","0.06","","","","","","","0","0.06","0","","","","0","0","0","0","0","0","0.03","0.02","","0","66.66666667","0","0","0.666666667","0.666666667","0","0","1","1"
"","","UGP2014NAM-OT03","","","","","","","","","UGP2014NAM-OT03-04281","","","","3","2","1","2","7","2","4","1","7","3","0.42","0.09","4.5","9","1","1","5","5","0.12","0.51","5.01","10","0.06","0.03","0.051","10","3.333333333","7","2.333333333","0.51","0.17","4.5","1.5","70","10.17964072","33.33333333","4.666666667","5.666666667","50","55.66666667","14","17","150","167"
"","","UGP2014NAM-OT03","","","","","","","","","UGP2014NAM-OT03-04282","","","","3","2","1","2","9","1","2","2","0","0","0","0","7","","","","","","","0","7","0","","","","0","0","0","0","0","0","3.5","2.333333333","","0","66.66666667","0","0","77.77777778","77.77777778","0","0","116.6666667","116.6666667"
"","","UGP2014NAM-OT03","","","","","","","","","UGP2014NAM-OT03-04283","","","","3","3","1","2","9","1","3","3","3","2","0.5","0.04","3","9","1","1","5","3","0.15","0.54","3.54","5","0.166666667","0.02","0.108","1.666666667","1.666666667","1","1","0.18","0.18","1","1","60","15.25423729","100","5.555555556","6","33.33333333","39.33333333","5.555555556","6","33.33333333","39.33333333"
"","","UGP2014NAM-OT03","","","","","","","","","UGP2014NAM-OT03-04284","","","","3","2","1","3","8","1","3","2","7","4","0.2","0.05","5","2","1","1","3","7","0","0.25","5.25","11","0.028571429","0.0125","0.022727273","5.5","3.666666667","3.5","2.333333333","0.125","0.083333333","2.5","1.666666667","63.63636364","4.761904762","66.66666667","2.222222222","2.777777778","55.55555556","58.33333333","3.333333333","4.166666667","83.33333333","87.5"
"","","UGP2014NAM-OT03","","","","","","","","","UGP2014NAM-OT03-04285","","","","3","2","1","3","7","3","5","2","3","0","0.2","0","1","2","1","1","3","7","3.03","0.2","1.2","3","0.066666667","","0.066666667","1.5","1","1.5","1","0.1","0.066666667","0.5","0.333333333","100","16.66666667","66.66666667","2.222222222","2.222222222","11.11111111","13.33333333","3.333333333","3.333333333","16.66666667","20"
"","","UGP2014NAM-OT03","","","","","","","","","UGP2014NAM-OT03-04286","","","","3","2","1","6","6","3","6","2","6","10","0.4","0.12","4.5","2","2","1","8","5","0","0.52","5.02","16","0.066666667","0.012","0.0325","8","5.333333333","3","2","0.26","0.173333333","2.25","1.5","37.5","10.35856574","66.66666667","4.444444444","5.777777778","50","55.77777778","6.666666667","8.666666667","75","83.66666667"
"","","UGP2014NAM-OT03","","","","","","","","","UGP2014NAM-OT03-04287","","","","3","3","1","4","8","1","3","3","0","0","0","0","2.2","","","","","","","0","2.2","0","","","","0","0","0","0","0","0","0.733333333","0.733333333","","0","100","0","0","24.44444444","24.44444444","0","0","24.44444444","24.44444444"
"","","UGP2014NAM-OT03","","","","","","","","","UGP2014NAM-OT03-04288","","","","3","2","1","2","8","1","3","2","1","0","0.98","0","1.3","9","1","1","5","3","0","0.98","2.28","1","0.98","","0.98","0.5","0.333333333","0.5","0.333333333","0.49","0.326666667","0.65","0.433333333","100","42.98245614","66.66666667","10.88888889","10.88888889","14.44444444","25.33333333","16.33333333","16.33333333","21.66666667","38"
"","","UGP2014NAM-OT03","","","","","","","","","UGP2014NAM-OT03-04289","","","","3","3","1","","7","2","4","0","0","0","0","0","0","","","","","","","0","0","0","","","","","0","","0","","0","","0","","","0","0","0","0","0","","","",""
"","","UGP2014NAM-OT03","","","","","","","","","UGP2014NAM-OT03-04290","","","","3","0","","","","","","0","0","0","0","0","0","","","","","","","0","0","0","","","","","0","","0","","0","","0","","","0","0","0","0","0","","","",""
"","","UGP2014NAM-OT03","","","","","","","","","UGP2014NAM-OT03-04291","","","","3","3","2","","7","1","2","1","1","3","0.16","0.04","1.1","9","1","1","1","5","3.03","0.2","1.3","4","0.16","0.013333333","0.05","4","1.333333333","1","0.333333333","0.2","0.066666667","1.1","0.366666667","25","15.38461538","33.33333333","1.777777778","2.222222222","12.22222222","14.44444444","5.333333333","6.666666667","36.66666667","43.33333333"
"","","UGP2014NAM-OT03","","","","","","","","","UGP2014NAM-OT03-04292","","","","3","0","","","","","","0","0","0","0","0","0","","","","","","","0","0","0","","","","","0","","0","","0","","0","","","0","0","0","0","0","","","",""
"","","UGP2014NAM-OT03","","","","","","","","","UGP2014NAM-OT03-04293","","","","3","1","1","2","6","1","2","1","3","1","0.28","0.04","9.5","9","1","1","5","5","0.12","0.32","9.82","4","0.093333333","0.04","0.08","4","1.333333333","3","1","0.32","0.106666667","9.5","3.166666667","75","3.258655804","33.33333333","3.111111111","3.555555556","105.5555556","109.1111111","9.333333333","10.66666667","316.6666667","327.3333333"
"","","UGP2014NAM-OT03","","","","","","","","","UGP2014NAM-OT03-04294","","","","3","3","2","3","8","1","2","1","0","0","0","0","9","","","","","","","0","9","0","","","","0","0","0","0","0","0","9","3","","0","33.33333333","0","0","100","100","0","0","300","300"
"","","UGP2014NAM-OT03","","","","","","","","","UGP2014NAM-OT03-04295","","","","3","2","1","6","6","1","2","1","0","0","0","0","6","","","","","","","0","6","0","","","","0","0","0","0","0","0","6","2","","0","33.33333333","0","0","66.66666667","66.66666667","0","0","200","200"
"","","UGP2014NAM-OT03","","","","","","","","","UGP2014NAM-OT03-04296","","","","3","2","2","2","7","1","3","2","5","0","0.72","0","2","2","3","2","1","1","0.02","0.72","2.72","5","0.144","","0.144","2.5","1.666666667","2.5","1.666666667","0.36","0.24","1","0.666666667","100","26.47058824","66.66666667","8","8","22.22222222","30.22222222","12","12","33.33333333","45.33333333"
"","","UGP2014NAM-OT03","","","","","","","","","UGP2014NAM-OT03-04297","","","","3","1","1","2","9","1","2","1","2","0","1.08","0","7","9","1","1","4","1","0","1.08","8.08","2","0.54","","0.54","2","0.666666667","2","0.666666667","1.08","0.36","7","2.333333333","100","13.36633663","33.33333333","12","12","77.77777778","89.77777778","36","36","233.3333333","269.3333333"
"","","UGP2014NAM-OT03","","","","","","","","","UGP2014NAM-OT03-04298","","","","3","2","2","2","5","1","2","2","1","1","0.18","0.01","0.08","2","1","1","5","5","0","0.19","0.27","2","0.18","0.01","0.095","1","0.666666667","0.5","0.333333333","0.095","0.063333333","0.04","0.026666667","50","70.37037037","66.66666667","2","2.111111111","0.888888889","3","3","3.166666667","1.333333333","4.5"
"","","UGP2014NAM-OT03","","","","","","","","","UGP2014NAM-OT03-04299","","","","3","1","1","2","8","2","3","1","4","0","1.08","0","3.5","2","1","1","9","1","0","1.08","4.58","4","0.27","","0.27","4","1.333333333","4","1.333333333","1.08","0.36","3.5","1.166666667","100","23.58078603","33.33333333","12","12","38.88888889","50.88888889","36","36","116.6666667","152.6666667"
"","","UGP2014NAM-OT03","","","","","","","","","UGP2014NAM-OT03-04300","","","","3","1","2","4","6","3","5","1","0","0","0","0","0.26","","","","","","","0","0.26","0","","","","0","0","0","0","0","0","0.26","0.086666667","","0","33.33333333","0","0","2.888888889","2.888888889","0","0","8.666666667","8.666666667"
"","","UGP2014NAM-OT03","","","","","","","","","UGP2014NAM-OT03-04301","","","","3","1","1","3","7","1","2","1","0","0","0","0","2","","","","","","","0","2","0","","","","0","0","0","0","0","0","2","0.666666667","","0","33.33333333","0","0","22.22222222","22.22222222","0","0","66.66666667","66.66666667"
"","","UGP2014NAM-OT03","","","","","","","","","UGP2014NAM-OT03-04302","","","","3","0","","","","","","0","0","0","0","0","0","","","","","","","0","0","0","","","","","0","","0","","0","","0","","","0","0","0","0","0","","","",""
"","","UGP2014NAM-OT03","","","","","","","","","UGP2014NAM-OT03-04303","","","","3","0","","","","","","0","0","0","0","0","0","","","","","","","0","0","0","","","","","0","","0","","0","","0","","","0","0","0","0","0","","","",""
"","","UGP2014NAM-OT03","","","","","","","","","UGP2014NAM-OT03-04304","","","","3","2","2","","","1","2","1","1","0","0.16","0","1.5","2","1","1","2","5","0","0.16","1.66","1","0.16","","0.16","1","0.333333333","1","0.333333333","0.16","0.053333333","1.5","0.5","100","9.638554217","33.33333333","1.777777778","1.777777778","16.66666667","18.44444444","5.333333333","5.333333333","50","55.33333333"
"","","UGP2014NAM-OT03","","","","","","","","","UGP2014NAM-OT03-04305","","","","3","0","","","","","","0","0","0","0","0","0","","","","","","","0","0","0","","","","","0","","0","","0","","0","","","0","0","0","0","0","","","",""
"","","UGP2014NAM-OT03","","","","","","","","","UGP2014NAM-OT03-04306","","","","3","0","","","","","","0","0","0","0","0","0","","","","","","","0","0","0","","","","","0","","0","","0","","0","","","0","0","0","0","0","","","",""
"","","UGP2014NAM-OT03","","","","","","","","","UGP2014NAM-OT03-04307","","","","3","2","1","2","","2","5","2","0","0","0","0","2","","","","","","","0","2","0","","","","0","0","0","0","0","0","1","0.666666667","","0","66.66666667","0","0","22.22222222","22.22222222","0","0","33.33333333","33.33333333"
"","","UGP2014NAM-OT03","","","","","","","","","UGP2014NAM-OT03-04308","","","","3","1","1","2","6","2","4","1","0","0","0","0","0.5","","","","","","","0","0.5","0","","","","0","0","0","0","0","0","0.5","0.166666667","","0","33.33333333","0","0","5.555555556","5.555555556","0","0","16.66666667","16.66666667"
"","","UGP2014NAM-OT03","","","","","","","","","UGP2014NAM-OT03-04309","","","","3","3","1","2","5","2","4","1","0","0","0","0","2.6","","","","","","","0","2.6","0","","","","0","0","0","0","0","0","2.6","0.866666667","","0","33.33333333","0","0","28.88888889","28.88888889","0","0","86.66666667","86.66666667"
"","","UGP2014NAM-OT03","","","","","","","","","UGP2014NAM-OT03-04310","","","","3","3","1","2","5","4","7","1","0","0","0","0","0.3","","","","","","","0","0.3","0","","","","0","0","0","0","0","0","0.3","0.1","","0","33.33333333","0","0","3.333333333","3.333333333","0","0","10","10"
"","","UGP2014NAM-OT03","","","","","","","","","UGP2014NAM-OT03-04311","","","","3","1","1","2","5","3","6","1","2","0","0.12","0","2.5","9","1","1","5","7","0.02","0.12","2.62","2","0.06","","0.06","2","0.666666667","2","0.666666667","0.12","0.04","2.5","0.833333333","100","4.580152672","33.33333333","1.333333333","1.333333333","27.77777778","29.11111111","4","4","83.33333333","87.33333333"
"","","UGP2014NAM-OT03","","","","","","","","","UGP2014NAM-OT03-04312","","","","3","3","2","2","7","2","4","2","2","0","0.14","0","1.5","6","1","1","4","7","0","0.14","1.64","2","0.07","","0.07","1","0.666666667","1","0.666666667","0.07","0.046666667","0.75","0.5","100","8.536585366","66.66666667","1.555555556","1.555555556","16.66666667","18.22222222","2.333333333","2.333333333","25","27.33333333"
"","","UGP2014NAM-OT03","","","","","","","","","UGP2014NAM-OT03-04313","","","","3","2","1","3","5","2","4","1","0","0","0","0","0.13","","","","","","","0","0.13","0","","","","0","0","0","0","0","0","0.13","0.043333333","","0","33.33333333","0","0","1.444444444","1.444444444","0","0","4.333333333","4.333333333"
"","","UGP2014NAM-OT03","","","","","","","","","UGP2014NAM-OT03-04314","","","","3","1","1","2","6","2","4","1","0","0","0","0","2.5","","","","","","","0","2.5","0","","","","0","0","0","0","0","0","2.5","0.833333333","","0","33.33333333","0","0","27.77777778","27.77777778","0","0","83.33333333","83.33333333"
"","","UGP2014NAM-OT03","","","","","","","","","UGP2014NAM-OT03-04315","","","","3","3","1","2","6","2","4","2","0","0","0","0","1.5","","","","","","","0","1.5","0","","","","0","0","0","0","0","0","0.75","0.5","","0","66.66666667","0","0","16.66666667","16.66666667","0","0","25","25"
"","","UGP2014NAM-OT03","","","","","","","","","UGP2014NAM-OT03-04316","","","","3","1","2","3","6","2","4","1","0","0","0","0","2.5","","","","","","","0","2.5","0","","","","0","0","0","0","0","0","2.5","0.833333333","","0","33.33333333","0","0","27.77777778","27.77777778","0","0","83.33333333","83.33333333"
"","","UGP2014NAM-OT03","","","","","","","","","UGP2014NAM-OT03-04317","","","","3","3","1","","6","1","2","3","4","1","0.4","0.04","7","2","1","1","3","5","0","0.44","7.44","5","0.1","0.04","0.088","1.666666667","1.666666667","1.333333333","1.333333333","0.146666667","0.146666667","2.333333333","2.333333333","80","5.913978495","100","4.444444444","4.888888889","77.77777778","82.66666667","4.444444444","4.888888889","77.77777778","82.66666667"
"","","UGP2014NAM-OT03","","","","","","","","","UGP2014NAM-OT03-04318","","","","3","0","","","","","","0","0","0","0","0","0","","","","","","","0","0","0","","","","","0","","0","","0","","0","","","0","0","0","0","0","","","",""
"","","UGP2014NAM-OT03","","","","","","","","","UGP2014NAM-OT03-04319","","","","3","2","1","6","6","4","7","2","0","0","0","0","4","","","","","","","0","4","0","","","","0","0","0","0","0","0","2","1.333333333","","0","66.66666667","0","0","44.44444444","44.44444444","0","0","66.66666667","66.66666667"
"","","UGP2014NAM-OT03","","","","","","","","","UGP2014NAM-OT03-04320","","","","3","1","1","2","8","1","3","1","0","0","0","0","3","","","","","","","0","3","0","","","","0","0","0","0","0","0","3","1","","0","33.33333333","0","0","33.33333333","33.33333333","0","0","100","100"
"","","UGP2014NAM-OT03","","","","","","","","","UGP2014NAM-OT03-04321","","","","3","2","1","2","6","1","3","1","3","0","0.84","0","0.5","2","1","1","1","3","0.02","0.84","1.34","3","0.28","","0.28","3","1","3","1","0.84","0.28","0.5","0.166666667","100","62.68656716","33.33333333","9.333333333","9.333333333","5.555555556","14.88888889","28","28","16.66666667","44.66666667"
"","","UGP2014NAM-OT03","","","","","","","","","UGP2014NAM-OT03-04322","","","","3","3","1","2","7","3","6","1","2","0","0.12","0","5","9","1","1","3","9","0.12","0.12","5.12","2","0.06","","0.06","2","0.666666667","2","0.666666667","0.12","0.04","5","1.666666667","100","2.34375","33.33333333","1.333333333","1.333333333","55.55555556","56.88888889","4","4","166.6666667","170.6666667"
"","","UGP2014NAM-OT03","","","","","","","","","UGP2014NAM-OT03-04323","","","","3","3","1","3","8","","2","1","0","0","0","0","5.5","","","","","","","0","5.5","0","","","","0","0","0","0","0","0","5.5","1.833333333","","0","33.33333333","0","0","61.11111111","61.11111111","0","0","183.3333333","183.3333333"
"","","UGP2014NAM-OT03","","","","","","","","","UGP2014NAM-OT03-04324","","","","3","1","2","3","8","2","4","1","0","0","0","0","4.5","","","","","","","0","4.5","0","","","","0","0","0","0","0","0","4.5","1.5","","0","33.33333333","0","0","50","50","0","0","150","150"
"","","UGP2014NAM-OT03","","","","","","","","","UGP2014NAM-OT03-04325","","","","3","1","2","","6","2","4","1","2","3","0.16","0.04","1.6","9","1","1","5","5","1.17","0.2","1.8","5","0.08","0.013333333","0.04","5","1.666666667","2","0.666666667","0.2","0.066666667","1.6","0.533333333","40","11.11111111","33.33333333","1.777777778","2.222222222","17.77777778","20","5.333333333","6.666666667","53.33333333","60"
"","","UGP2014NAM-OT03","","","","","","","","","UGP2014NAM-OT03-04326","","","","3","0","","","","","","0","0","0","0","0","0","","","","","","","0","0","0","","","","","0","","0","","0","","0","","","0","0","0","0","0","","","",""
"","","UGP2014NAM-OT03","","","","","","","","","UGP2014NAM-OT03-04327","","","","3","0","","","","","","0","0","0","0","0","0","","","","","","","0","0","0","","","","","0","","0","","0","","0","","","0","0","0","0","0","","","",""
"","","UGP2014NAM-OT03","","","","","","","","","UGP2014NAM-OT03-04328","","","","3","2","2","2","6","1","2","2","0","0","0","0","10","","","","","","","0","10","0","","","","0","0","0","0","0","0","5","3.333333333","","0","66.66666667","0","0","111.1111111","111.1111111","0","0","166.6666667","166.6666667"
"","","UGP2014NAM-OT03","","","","","","","","","UGP2014NAM-OT03-04329","","","","3","2","2","2","5","1","3","2","0","0","0","0","1.5","","","","","","","0","1.5","0","","","","0","0","0","0","0","0","0.75","0.5","","0","66.66666667","0","0","16.66666667","16.66666667","0","0","25","25"
"","","UGP2014NAM-OT03","","","","","","","","","UGP2014NAM-OT03-04330","","","","3","2","1","","6","2","4","2","0","0","0","0","3.5","","","","","","","0","3.5","0","","","","0","0","0","0","0","0","1.75","1.166666667","","0","66.66666667","0","0","38.88888889","38.88888889","0","0","58.33333333","58.33333333"
"","","UGP2014NAM-OT03","","","","","","","","","UGP2014NAM-OT03-04331","","","","3","0","","","","","","0","0","0","0","0","0","","","","","","","0","0","0","","","","","0","","0","","0","","0","","","0","0","0","0","0","","","",""
"","","UGP2014NAM-OT03","","","","","","","","","UGP2014NAM-OT03-04332","","","","3","1","1","4","6","3","6","1","2","0","0.3","0","1","9","1","1","5","3","4.61","0.3","1.3","2","0.15","","0.15","2","0.666666667","2","0.666666667","0.3","0.1","1","0.333333333","100","23.07692308","33.33333333","3.333333333","3.333333333","11.11111111","14.44444444","10","10","33.33333333","43.33333333"
"","","UGP2014NAM-OT03","","","","","","","","","UGP2014NAM-OT03-04333","","","","3","2","1","6","5","1","3","2","1","2","0.06","0.04","0.24","9","1","1","3","7","0","0.1","0.34","3","0.06","0.02","0.033333333","1.5","1","0.5","0.333333333","0.05","0.033333333","0.12","0.08","33.33333333","29.41176471","66.66666667","0.666666667","1.111111111","2.666666667","3.777777778","1","1.666666667","4","5.666666667"
"","","UGP2014NAM-OT03","","","","","","","","","UGP2014NAM-OT03-04334","","","","3","1","1","","5","3","5","1","1","5","0.06","0.05","0.44","9","1","1","3","9","11.03","0.11","0.55","6","0.06","0.01","0.018333333","6","2","1","0.333333333","0.11","0.036666667","0.44","0.146666667","16.66666667","20","33.33333333","0.666666667","1.222222222","4.888888889","6.111111111","2","3.666666667","14.66666667","18.33333333"
"","","UGP2014NAM-OT03","","","","","","","","","UGP2014NAM-OT03-04335","","","","3","0","","","","","","0","0","0","0","0","0","","","","","","","0","0","0","","","","","0","","0","","0","","0","","","0","0","0","0","0","","","",""
"","","UGP2014NAM-OT03","","","","","","","","","UGP2014NAM-OT03-04336","","","","3","2","1","","8","1","3","2","0","0","0","0","9","","","","","","","0","9","0","","","","0","0","0","0","0","0","4.5","3","","0","66.66666667","0","0","100","100","0","0","150","150"
"","","UGP2014NAM-OT03","","","","","","","","","UGP2014NAM-OT03-04337","","","","3","0","","","","","","0","0","0","0","0","0","","","","","","","0","0","0","","","","","0","","0","","0","","0","","","0","0","0","0","0","","","",""
"","","UGP2014NAM-OT03","","","","","","","","","UGP2014NAM-OT03-04338","","","","3","0","","","","","","0","0","0","0","0","0","","","","","","","0","0","0","","","","","0","","0","","0","","0","","","0","0","0","0","0","","","",""
"","","UGP2014NAM-OT03","","","","","","","","","UGP2014NAM-OT03-04339","","","","3","0","","","","","","0","0","0","0","0","0","","","","","","","0","0","0","","","","","0","","0","","0","","0","","","0","0","0","0","0","","","",""
"","","UGP2014NAM-OT03","","","","","","","","","UGP2014NAM-OT03-04340","","","","3","3","2","2","5","4","6","1","0","0","0","0","2.5","","","","","","","0","2.5","0","","","","0","0","0","0","0","0","2.5","0.833333333","","0","33.33333333","0","0","27.77777778","27.77777778","0","0","83.33333333","83.33333333"
"","","UGP2014NAM-OT03","","","","","","","","","UGP2014NAM-OT03-04341","","","","3","3","1","2","7","1","2","1","0","0","0","0","0.16","","","","","","","0","0.16","0","","","","0","0","0","0","0","0","0.16","0.053333333","","0","33.33333333","0","0","1.777777778","1.777777778","0","0","5.333333333","5.333333333"
"","","UGP2014NAM-OT03","","","","","","","","","UGP2014NAM-OT03-04342","","","","3","1","2","","6","2","4","1","0","0","0","0","2","","","","","","","0","2","0","","","","0","0","0","0","0","0","2","0.666666667","","0","33.33333333","0","0","22.22222222","22.22222222","0","0","66.66666667","66.66666667"
"","","UGP2014NAM-OT03","","","","","","","","","UGP2014NAM-OT03-04343","","","","3","0","","","","","","0","0","0","0","0","0","","","","","","","0","0","0","","","","","0","","0","","0","","0","","","0","0","0","0","0","","","",""
"","","UGP2014NAM-OT03","","","","","","","","","UGP2014NAM-OT03-04344","","","","3","0","","","","","","0","0","0","0","0","0","","","","","","","0","0","0","","","","","0","","0","","0","","0","","","0","0","0","0","0","","","",""
"","","UGP2014NAM-OT03","","","","","","","","","UGP2014NAM-OT03-04345","","","","3","1","2","","7","3","5","1","6","3","0.5","0.08","2","9","1","1","3","3","0.12","0.58","2.58","9","0.083333333","0.026666667","0.064444444","9","3","6","2","0.58","0.193333333","2","0.666666667","66.66666667","22.48062016","33.33333333","5.555555556","6.444444444","22.22222222","28.66666667","16.66666667","19.33333333","66.66666667","86"
"","","UGP2014NAM-OT03","","","","","","","","","UGP2014NAM-OT03-04346","","","","3","0","","","","","","0","0","0","0","0","0","","","","","","","0","0","0","","","","","0","","0","","0","","0","","","0","0","0","0","0","","","",""
"","","UGP2014NAM-OT03","","","","","","","","","UGP2014NAM-OT03-04347","","","","3","1","1","3","7","4","6","1","0","0","0","0","4","","","","","","","0","4","0","","","","0","0","0","0","0","0","4","1.333333333","","0","33.33333333","0","0","44.44444444","44.44444444","0","0","133.3333333","133.3333333"
"","","UGP2014NAM-OT03","","","","","","","","","UGP2014NAM-OT03-04348","","","","3","3","1","2","7","3","5","1","0","0","0","0","6.2","","","","","","","0","6.2","0","","","","0","0","0","0","0","0","6.2","2.066666667","","0","33.33333333","0","0","68.88888889","68.88888889","0","0","206.6666667","206.6666667"
"","","UGP2014NAM-OT03","","","","","","","","","UGP2014NAM-OT03-04349","","","","3","0","","","","","","0","0","0","0","0","0","","","","","","","0","0","0","","","","","0","","0","","0","","0","","","0","0","0","0","0","","","",""
"","","UGP2014NAM-OT03","","","","","","","","","UGP2014NAM-OT03-04350","","","","3","1","1","","4","1","2","1","0","0","0","0","0.2","","","","","","","0","0.2","0","","","","0","0","0","0","0","0","0.2","0.066666667","","0","33.33333333","0","0","2.222222222","2.222222222","0","0","6.666666667","6.666666667"
"","","UGP2014NAM-OT03","","","","","","","","","UGP2014NAM-OT03-04351","","","","3","0","","","","","","0","0","0","0","0","0","","","","","","","0","0","0","","","","","0","","0","","0","","0","","","0","0","0","0","0","","","",""
"","","UGP2014NAM-OT03","","","","","","","","","UGP2014NAM-OT03-04352","","","","3","0","","","","","","0","0","0","0","0","0","","","","","","","0","0","0","","","","","0","","0","","0","","0","","","0","0","0","0","0","","","",""
"","","UGP2014NAM-OT03","","","","","","","","","UGP2014NAM-OT03-04353","","","","3","2","2","","8","1","3","2","7","4","0.4","0.08","3","9","1","1","2","5","1.5","0.48","3.48","11","0.057142857","0.02","0.043636364","5.5","3.666666667","3.5","2.333333333","0.24","0.16","1.5","1","63.63636364","13.79310345","66.66666667","4.444444444","5.333333333","33.33333333","38.66666667","6.666666667","8","50","58"
"","","UGP2014NAM-OT03","","","","","","","","","UGP2014NAM-OT03-04354","","","","3","3","2","2","6","1","3","1","7","0","2.5","0","2.8","2","1","1","4","3","0","2.5","5.3","7","0.357142857","","0.357142857","7","2.333333333","7","2.333333333","2.5","0.833333333","2.8","0.933333333","100","47.16981132","33.33333333","27.77777778","27.77777778","31.11111111","58.88888889","83.33333333","83.33333333","93.33333333","176.6666667"
"","","UGP2014NAM-OT03","","","","","","","","","UGP2014NAM-OT03-04355","","","","3","2","2","2","7","1","3","2","0","0","0","0","1.5","","","","","","","0","1.5","0","","","","0","0","0","0","0","0","0.75","0.5","","0","66.66666667","0","0","16.66666667","16.66666667","0","0","25","25"
"","","UGP2014NAM-OT03","","","","","","","","","UGP2014NAM-OT03-04356","","","","3","2","1","6","6","2","4","2","1","0","0.08","0","0.5","2","1","1","4","7","0.12","0.08","0.58","1","0.08","","0.08","0.5","0.333333333","0.5","0.333333333","0.04","0.026666667","0.25","0.166666667","100","13.79310345","66.66666667","0.888888889","0.888888889","5.555555556","6.444444444","1.333333333","1.333333333","8.333333333","9.666666667"
"","","UGP2014NAM-OT03","","","","","","","","","UGP2014NAM-OT03-04357","","","","3","2","1","2","7","1","3","2","0","0","0","0","3","","","","","","","0","3","0","","","","0","0","0","0","0","0","1.5","1","","0","66.66666667","0","0","33.33333333","33.33333333","0","0","50","50"
"","","UGP2014NAM-OT03","","","","","","","","","UGP2014NAM-OT03-04358","","","","3","1","1","2","8","1","3","1","0","0","0","0","6.15","","","","","","","0","6.15","0","","","","0","0","0","0","0","0","6.15","2.05","","0","33.33333333","0","0","68.33333333","68.33333333","0","0","205","205"
"","","UGP2014NAM-OT03","","","","","","","","","UGP2014NAM-OT03-04359","","","","3","1","1","2","8","1","2","1","0","0","0","0","6","","","","","","","0","6","0","","","","0","0","0","0","0","0","6","2","","0","33.33333333","0","0","66.66666667","66.66666667","0","0","200","200"
"","","UGP2014NAM-OT03","","","","","","","","","UGP2014NAM-OT03-04360","","","","3","0","","","","","","0","0","0","0","0","0","","","","","","","0","0","0","","","","","0","","0","","0","","0","","","0","0","0","0","0","","","",""
"","","UGP2014NAM-OT03","","","","","","","","","UGP2014NAM-OT03-04361","","","","3","0","","","","","","0","0","0","0","0","0","","","","","","","0","0","0","","","","","0","","0","","0","","0","","","0","0","0","0","0","","","",""
"","","UGP2014NAM-OT03","","","","","","","","","UGP2014NAM-OT03-04362","","","","3","1","1","4","8","1","3","1","10","6","0.56","0.14","1.8","2","1","1","6","5","0","0.7","2.5","16","0.056","0.023333333","0.04375","16","5.333333333","10","3.333333333","0.7","0.233333333","1.8","0.6","62.5","28","33.33333333","6.222222222","7.777777778","20","27.77777778","18.66666667","23.33333333","60","83.33333333"
"","","UGP2014NAM-OT03","","","","","","","","","UGP2014NAM-OT03-04363","","","","3","1","2","2","5","3","5","1","1","0","0.14","0","0.24","2","1","1","7","7","0.12","0.14","0.38","1","0.14","","0.14","1","0.333333333","1","0.333333333","0.14","0.046666667","0.24","0.08","100","36.84210526","33.33333333","1.555555556","1.555555556","2.666666667","4.222222222","4.666666667","4.666666667","8","12.66666667"
"","","UGP2014NAM-OT03","","","","","","","","","UGP2014NAM-OT03-04364","","","","3","2","1","3","8","1","3","2","5","0","3","0","3.8","9","1","1","5","1","1.5","3","6.8","5","0.6","","0.6","2.5","1.666666667","2.5","1.666666667","1.5","1","1.9","1.266666667","100","44.11764706","66.66666667","33.33333333","33.33333333","42.22222222","75.55555556","50","50","63.33333333","113.3333333"
"","","UGP2014NAM-OT03","","","","","","","","","UGP2014NAM-OT03-04365","","","","3","2","1","2","9","1","3","2","2","0","0.1","0","4","9","1","1","3","7","0","0.1","4.1","2","0.05","","0.05","1","0.666666667","1","0.666666667","0.05","0.033333333","2","1.333333333","100","2.43902439","66.66666667","1.111111111","1.111111111","44.44444444","45.55555556","1.666666667","1.666666667","66.66666667","68.33333333"
"","","UGP2014NAM-OT03","","","","","","","","","UGP2014NAM-OT03-04366","","","","3","0","","","","","","0","0","0","0","0","0","","","","","","","0","0","0","","","","","0","","0","","0","","0","","","0","0","0","0","0","","","",""
"","","UGP2014NAM-OT03","","","","","","","","","UGP2014NAM-OT03-04367","","","","3","3","1","2","7","3","5","3","7","1","1","0.04","1.5","2","1","1","3","3","1.5","1.04","2.54","8","0.142857143","0.04","0.13","2.666666667","2.666666667","2.333333333","2.333333333","0.346666667","0.346666667","0.5","0.5","87.5","40.94488189","100","11.11111111","11.55555556","16.66666667","28.22222222","11.11111111","11.55555556","16.66666667","28.22222222"
"","","UGP2014NAM-OT03","","","","","","","","","UGP2014NAM-OT03-04368","","","","3","0","","","","","","0","0","0","0","0","0","","","","","","","0","0","0","","","","","0","","0","","0","","0","","","0","0","0","0","0","","","",""
"","","UGP2014NAM-OT03","","","","","","","","","UGP2014NAM-OT03-04369","","","","3","3","1","3","9","2","4","3","28","13","4.5","0.3","1.5","9","2","1","9","5","0","4.8","6.3","41","0.160714286","0.023076923","0.117073171","13.66666667","13.66666667","9.333333333","9.333333333","1.6","1.6","0.5","0.5","68.29268293","76.19047619","100","50","53.33333333","16.66666667","70","50","53.33333333","16.66666667","70"
"","","UGP2014NAM-OT03","","","","","","","","","UGP2014NAM-OT03-04370","","","","3","0","","","","","","0","0","0","0","0","0","","","","","","","0","0","0","","","","","0","","0","","0","","0","","","0","0","0","0","0","","","",""
"","","UGP2014NAM-OT03","","","","","","","","","UGP2014NAM-OT03-04371","","","","3","2","1","1","6","3","5","0","0","0","0","0","0","","","","","","","0","0","0","","","","","0","","0","","0","","0","","","0","0","0","0","0","","","",""
"","","UGP2014NAM-OT03","","","","","","","","","UGP2014NAM-OT03-04372","","","","3","3","1","2","6","2","4","2","4","0","0.3","0","2.3","9","2","1","7","3","0","0.3","2.6","4","0.075","","0.075","2","1.333333333","2","1.333333333","0.15","0.1","1.15","0.766666667","100","11.53846154","66.66666667","3.333333333","3.333333333","25.55555556","28.88888889","5","5","38.33333333","43.33333333"
"","","UGP2014NAM-OT03","","","","","","","","","UGP2014NAM-OT03-04373","","","","3","1","1","3","7","3","5","1","0","0","0","0","0.3","","","","","","","0","0.3","0","","","","0","0","0","0","0","0","0.3","0.1","","0","33.33333333","0","0","3.333333333","3.333333333","0","0","10","10"
"","","UGP2014NAM-OT03","","","","","","","","","UGP2014NAM-OT03-04374","","","","3","2","1","2","6","4","7","2","18","23","0.64","0.04","1.2","6","1","1","2","5","3.03","0.68","1.88","41","0.035555556","0.00173913","0.016585366","20.5","13.66666667","9","6","0.34","0.226666667","0.6","0.4","43.90243902","36.17021277","66.66666667","7.111111111","7.555555556","13.33333333","20.88888889","10.66666667","11.33333333","20","31.33333333"
"","","UGP2014NAM-OT03","","","","","","","","","UGP2014NAM-OT03-04375","","","","3","0","","","","","","0","0","0","0","0","0","","","","","","","0","0","0","","","","","0","","0","","0","","0","","","0","0","0","0","0","","","",""
"","","UGP2014NAM-OT03","","","","","","","","","UGP2014NAM-OT03-04376","","","","3","0","","","","","","0","0","0","0","0","0","","","","","","","0","0","0","","","","","0","","0","","0","","0","","","0","0","0","0","0","","","",""
"","","UGP2014NAM-OT03","","","","","","","","","UGP2014NAM-OT03-04377","","","","3","2","1","2","6","1","3","2","1","1","0.1","0.04","0.4","2","1","1","3","7","0.12","0.14","0.54","2","0.1","0.04","0.07","1","0.666666667","0.5","0.333333333","0.07","0.046666667","0.2","0.133333333","50","25.92592593","66.66666667","1.111111111","1.555555556","4.444444444","6","1.666666667","2.333333333","6.666666667","9"
"","","UGP2014NAM-OT03","","","","","","","","","UGP2014NAM-OT03-04378","","","","3","2","2","2","6","1","3","2","5","2","1.4","0.06","3.5","9","2","1","6","1","0","1.46","4.96","7","0.28","0.03","0.208571429","3.5","2.333333333","2.5","1.666666667","0.73","0.486666667","1.75","1.166666667","71.42857143","29.43548387","66.66666667","15.55555556","16.22222222","38.88888889","55.11111111","23.33333333","24.33333333","58.33333333","82.66666667"
"","","UGP2014NAM-OT03","","","","","","","","","UGP2014NAM-OT03-04379","","","","3","0","","","","","","0","0","0","0","0","0","","","","","","","0","0","0","","","","","0","","0","","0","","0","","","0","0","0","0","0","","","",""
"","","UGP2014NAM-OT03","","","","","","","","","UGP2014NAM-OT03-04380","","","","3","3","2","2","8","1","2","3","0","0","0","0","7","","","","","","","0","7","0","","","","0","0","0","0","0","0","2.333333333","2.333333333","","0","100","0","0","77.77777778","77.77777778","0","0","77.77777778","77.77777778"
"","","UGP2014NAM-OT03","","","","","","","","","UGP2014NAM-OT03-04381","","","","3","0","","","","","","0","0","0","0","0","0","","","","","","","0","0","0","","","","","0","","0","","0","","0","","","0","0","0","0","0","","","",""
"","","UGP2014NAM-OT03","","","","","","","","","UGP2014NAM-OT03-04382","","","","3","0","","","","","","0","0","0","0","0","0","","","","","","","0","0","0","","","","","0","","0","","0","","0","","","0","0","0","0","0","","","",""
"","","UGP2014NAM-OT03","","","","","","","","","UGP2014NAM-OT03-04383","","","","3","3","1","3","9","1","2","3","0","0","0","0","4.5","","","","","","","0","4.5","0","","","","0","0","0","0","0","0","1.5","1.5","","0","100","0","0","50","50","0","0","50","50"
"","","UGP2014NAM-OT03","","","","","","","","","UGP2014NAM-OT03-04384","","","","3","0","","","","","","0","0","0","0","0","0","","","","","","","0","0","0","","","","","0","","0","","0","","0","","","0","0","0","0","0","","","",""
"","","UGP2014NAM-OT03","","","","","","","","","UGP2014NAM-OT03-04397","","","","3","0","","","","","","0","0","0","0","0","0","","","","","","","0","0","0","","","","","0","","0","","0","","0","","","0","0","0","0","0","","","",""
"","","UGP2014NAM-OT03","","","","","","","","","UGP2014NAM-OT03-04398","","","","3","2","2","2","7","1","2","1","3","2","0.4","0.05","1","2","1","1","4","3","0.12","0.45","1.45","5","0.133333333","0.025","0.09","5","1.666666667","3","1","0.45","0.15","1","0.333333333","60","31.03448276","33.33333333","4.444444444","5","11.11111111","16.11111111","13.33333333","15","33.33333333","48.33333333"
"","","UGP2014NAM-OT03","","","","","","","","","UGP2014NAM-OT03-04399","","","","3","2","2","2","8","1","3","2","3","3","0.4","0.08","7","9","1","1","9","3","1.5","0.48","7.48","6","0.133333333","0.026666667","0.08","3","2","1.5","1","0.24","0.16","3.5","2.333333333","50","6.417112299","66.66666667","4.444444444","5.333333333","77.77777778","83.11111111","6.666666667","8","116.6666667","124.6666667"
"","","UGP2014NAM-OT03","","","","","","","","","UGP2014NAM-OT03-04400","","","","3","3","1","2","7","2","4","1","1","0","0.14","0","1.2","2","1","1","5","5","0","0.14","1.34","1","0.14","","0.14","1","0.333333333","1","0.333333333","0.14","0.046666667","1.2","0.4","100","10.44776119","33.33333333","1.555555556","1.555555556","13.33333333","14.88888889","4.666666667","4.666666667","40","44.66666667"
"","","UGP2014NAM-OT03","","","","","","","","","UGP2014NAM-OT03-04401","","","","3","3","2","2","7","4","6","2","0","0","0","0","4.7","","","","","","","0","4.7","0","","","","0","0","0","0","0","0","2.35","1.566666667","","0","66.66666667","0","0","52.22222222","52.22222222","0","0","78.33333333","78.33333333"
"","","UGP2014NAM-OT03","","","","","","","","","UGP2014NAM-OT03-04402","","","","3","1","2","3","6","2","4","1","0","0","0","0","1.5","","","","","","","0","1.5","0","","","","0","0","0","0","0","0","1.5","0.5","","0","33.33333333","0","0","16.66666667","16.66666667","0","0","50","50"
"","","UGP2014NAM-OT03","","","","","","","","","UGP2014NAM-OT03-04403","","","","3","2","1","3","7","3","5","2","1","10","0.08","0.12","2","6","1","1","9","7","0.02","0.2","2.2","11","0.08","0.012","0.018181818","5.5","3.666666667","0.5","0.333333333","0.1","0.066666667","1","0.666666667","9.090909091","9.090909091","66.66666667","0.888888889","2.222222222","22.22222222","24.44444444","1.333333333","3.333333333","33.33333333","36.66666667"
"","","UGP2014NAM-OT03","","","","","","","","","UGP2014NAM-OT03-04404","","","","3","0","","","","","","0","0","0","0","0","0","","","","","","","0","0","0","","","","","0","","0","","0","","0","","","0","0","0","0","0","","","",""
"","","UGP2014NAM-OT03","","","","","","","","","UGP2014NAM-OT03-04405","","","","3","0","","","","","","0","0","0","0","0","0","","","","","","","0","0","0","","","","","0","","0","","0","","0","","","0","0","0","0","0","","","",""
"","","UGP2014NAM-OT03","","","","","","","","","UGP2014NAM-OT03-04406","","","","3","0","","","","","","0","0","0","0","0","0","","","","","","","0","0","0","","","","","0","","0","","0","","0","","","0","0","0","0","0","","","",""
"","","UGP2014NAM-OT03","","","","","","","","","UGP2014NAM-OT03-04407","","","","3","3","2","4","7","1","3","2","0","0","0","0","4.6","","","","","","","0","4.6","0","","","","0","0","0","0","0","0","2.3","1.533333333","","0","66.66666667","0","0","51.11111111","51.11111111","0","0","76.66666667","76.66666667"
"","","UGP2014NAM-OT03","","","","","","","","","UGP2014NAM-OT03-04408","","","","3","0","","","","","","0","0","0","0","0","0","","","","","","","0","0","0","","","","","0","","0","","0","","0","","","0","0","0","0","0","","","",""
"","","UGP2014NAM-OT03","","","","","","","","","UGP2014NAM-OT03-04409","","","","3","0","","","","","","0","0","0","0","0","0","","","","","","","0","0","0","","","","","0","","0","","0","","0","","","0","0","0","0","0","","","",""
"","","UGP2014NAM-OT03","","","","","","","","","UGP2014NAM-OT03-04410","","","","3","0","","","","","","0","0","0","0","0","0","","","","","","","0","0","0","","","","","0","","0","","0","","0","","","0","0","0","0","0","","","",""
"","","UGP2014NAM-OT03","","","","","","","","","UGP2014NAM-OT03-04411","","","","3","0","","","","","","0","0","0","0","0","0","","","","","","","0","0","0","","","","","0","","0","","0","","0","","","0","0","0","0","0","","","",""
"","","UGP2014NAM-OT03","","","","","","","","","UGP2014NAM-OT03-04412","","","","3","3","1","2","7","2","3","1","2","0","0.1","0","6","2","1","1","9","9","0","0.1","6.1","2","0.05","","0.05","2","0.666666667","2","0.666666667","0.1","0.033333333","6","2","100","1.639344262","33.33333333","1.111111111","1.111111111","66.66666667","67.77777778","3.333333333","3.333333333","200","203.3333333"
"","","UGP2014NAM-OT03","","","","","","","","","UGP2014NAM-OT03-04413","","","","3","","1","3","7","3","6","2","0","0","0","0","4","","","","","","","0","4","0","","","","0","0","0","0","0","0","2","1.333333333","","0","66.66666667","0","0","44.44444444","44.44444444","0","0","66.66666667","66.66666667"
"","","UGP2014NAM-OT03","","","","","","","","","UGP2014NAM-OT03-04415","","","","3","0","","","","","","0","0","0","0","0","0","","","","","","","0","0","0","","","","","0","","0","","0","","0","","","0","0","0","0","0","","","",""
"","","UGP2014NAM-OT03","","","","","","","","","UGP2014NAM-OT03-04416","","","","3","2","2","4","7","1","2","2","5","0","0.5","0","2.2","9","1","1","3","5","0","0.5","2.7","5","0.1","","0.1","2.5","1.666666667","2.5","1.666666667","0.25","0.166666667","1.1","0.733333333","100","18.51851852","66.66666667","5.555555556","5.555555556","24.44444444","30","8.333333333","8.333333333","36.66666667","45"
"","","UGP2014NAM-OT03","","","","","","","","","UGP2014NAM-OT03-04417","","","","3","0","","","","","","0","0","0","0","0","0","","","","","","","0","0","0","","","","","0","","0","","0","","0","","","0","0","0","0","0","","","",""
"","","UGP2014NAM-OT03","","","","","","","","","UGP2014NAM-OT03-04418","","","","3","2","2","2","5","1","2","1","0","0","0","0","0.1","","","","","","","0","0.1","0","","","","0","0","0","0","0","0","0.1","0.033333333","","0","33.33333333","0","0","1.111111111","1.111111111","0","0","3.333333333","3.333333333"
"","","UGP2014NAM-OT03","","","","","","","","","UGP2014NAM-OT03-04419","","","","3","1","1","6","7","2","4","1","0","0","0","0","0.9","","","","","","","0","0.9","0","","","","0","0","0","0","0","0","0.9","0.3","","0","33.33333333","0","0","10","10","0","0","30","30"
"","","UGP2014NAM-OT03","","","","","","","","","UGP2014NAM-OT03-04420","","","","3","3","1","2","8","1","3","2","3","0","0.4","0","19.2","2","1","1","3","3","0.12","0.4","19.6","3","0.133333333","","0.133333333","1.5","1","1.5","1","0.2","0.133333333","9.6","6.4","100","2.040816327","66.66666667","4.444444444","4.444444444","213.3333333","217.7777778","6.666666667","6.666666667","320","326.6666667"
"","","UGP2014NAM-OT03","","","","","","","","","UGP2014NAM-OT03-04421","","","","3","3","1","2","7","1","3","2","6","1","0.72","0.01","3","8","3","2","4","3","0","0.73","3.73","7","0.12","0.01","0.104285714","3.5","2.333333333","3","2","0.365","0.243333333","1.5","1","85.71428571","19.57104558","66.66666667","8","8.111111111","33.33333333","41.44444444","12","12.16666667","50","62.16666667"
"","","UGP2014NAM-OT03","","","","","","","","","UGP2014NAM-OT03-04422","","","","3","2","1","3","6","1","2","2","2","0","0.26","0","1","2","1","1","4","5","3.96","0.26","1.26","2","0.13","","0.13","1","0.666666667","1","0.666666667","0.13","0.086666667","0.5","0.333333333","100","20.63492063","66.66666667","2.888888889","2.888888889","11.11111111","14","4.333333333","4.333333333","16.66666667","21"
"","","UGP2014NAM-OT03","","","","","","","","","UGP2014NAM-OT03-04423","","","","3","1","1","2","7","1","3","1","2","3","0.24","0.04","3.5","6","1","1","5","5","1.5","0.28","3.78","5","0.12","0.013333333","0.056","5","1.666666667","2","0.666666667","0.28","0.093333333","3.5","1.166666667","40","7.407407407","33.33333333","2.666666667","3.111111111","38.88888889","42","8","9.333333333","116.6666667","126"
"","","UGP2014NAM-OT03","","","","","","","","","UGP2014NAM-OT03-04424","","","","3","3","1","3","9","2","3","3","0","2","0","0.05","9","2","1","1","3","9","0.12","0.05","9.05","2","","0.025","0.025","0.666666667","0.666666667","0","0","0.016666667","0.016666667","3","3","0","0.552486188","100","0","0.555555556","100","100.5555556","0","0.555555556","100","100.5555556"
"","","UGP2014NAM-OT03","","","","","","","","","UGP2014NAM-OT03-04425","","","","3","1","2","2","6","1","3","1","4","0","0.08","0","2.6","8","1","1","3","7","4.41","0.08","2.68","4","0.02","","0.02","4","1.333333333","4","1.333333333","0.08","0.026666667","2.6","0.866666667","100","2.985074627","33.33333333","0.888888889","0.888888889","28.88888889","29.77777778","2.666666667","2.666666667","86.66666667","89.33333333"
"","","UGP2014NAM-OT03","","","","","","","","","UGP2014NAM-OT03-04426","","","","3","3","1","4","7","1","2","3","6","0","0.56","0","13","8","1","1","4","3","0.12","0.56","13.56","6","0.093333333","","0.093333333","2","2","2","2","0.186666667","0.186666667","4.333333333","4.333333333","100","4.12979351","100","6.222222222","6.222222222","144.4444444","150.6666667","6.222222222","6.222222222","144.4444444","150.6666667"
"","","UGP2014NAM-OT03","","","","","","","","","UGP2014NAM-OT03-04427","","","","3","3","1","2","8","1","2","3","0","0","0","0","12","","","","","","","0","12","0","","","","0","0","0","0","0","0","4","4","","0","100","0","0","133.3333333","133.3333333","0","0","133.3333333","133.3333333"
"","","UGP2014NAM-OT03","","","","","","","","","UGP2014NAM-OT03-04428","","","","3","0","","","","","","0","0","0","0","0","0","","","","","","","0","0","0","","","","","0","","0","","0","","0","","","0","0","0","0","0","","","",""
"","","UGP2014NAM-OT03","","","","","","","","","UGP2014NAM-OT03-04429","","","","3","2","1","6","6","2","3","2","0","0","0","0","2.5","","","","","","","0","2.5","0","","","","0","0","0","0","0","0","1.25","0.833333333","","0","66.66666667","0","0","27.77777778","27.77777778","0","0","41.66666667","41.66666667"
"","","UGP2014NAM-OT03","","","","","","","","","UGP2014NAM-OT03-04430","","","","3","3","2","2","7","1","3","1","9","0","2","0","4.5","8","2","1","3","3","3.96","2","6.5","9","0.222222222","","0.222222222","9","3","9","3","2","0.666666667","4.5","1.5","100","30.76923077","33.33333333","22.22222222","22.22222222","50","72.22222222","66.66666667","66.66666667","150","216.6666667"
"","","UGP2014NAM-OT03","","","","","","","","","UGP2014NAM-OT03-04431","","","","3","3","2","3","6","1","2","2","0","0","0","0","2.5","","","","","","","0","2.5","0","","","","0","0","0","0","0","0","1.25","0.833333333","","0","66.66666667","0","0","27.77777778","27.77777778","0","0","41.66666667","41.66666667"
"","","UGP2014NAM-OT03","","","","","","","","","UGP2014NAM-OT03-04432","","","","3","3","1","3","9","1","2","3","0","0","0","0","13","","","","","","","0","13","0","","","","0","0","0","0","0","0","4.333333333","4.333333333","","0","100","0","0","144.4444444","144.4444444","0","0","144.4444444","144.4444444"
"","","UGP2014NAM-OT03","","","","","","","","","UGP2014NAM-OT03-04433","","","","3","2","1","2","6","2","4","2","2","0","0.36","0","4","2","1","1","4","3","0.12","0.36","4.36","2","0.18","","0.18","1","0.666666667","1","0.666666667","0.18","0.12","2","1.333333333","100","8.256880734","66.66666667","4","4","44.44444444","48.44444444","6","6","66.66666667","72.66666667"
"","","UGP2014NAM-OT03","","","","","","","","","UGP2014NAM-OT03-04434","","","","3","3","1","2","8","1","2","2","8","0","1","0","6","8","1","1","5","3","4.41","1","7","8","0.125","","0.125","4","2.666666667","4","2.666666667","0.5","0.333333333","3","2","100","14.28571429","66.66666667","11.11111111","11.11111111","66.66666667","77.77777778","16.66666667","16.66666667","100","116.6666667"
"","","UGP2014NAM-OT03","","","","","","","","","UGP2014NAM-OT03-04435","","","","3","3","1","2","6","1","3","2","0","0","0","0","3.5","","","","","","","0","3.5","0","","","","0","0","0","0","0","0","1.75","1.166666667","","0","66.66666667","0","0","38.88888889","38.88888889","0","0","58.33333333","58.33333333"
"","","UGP2014NAM-OT03","","","","","","","","","UGP2014NAM-OT03-04436","","","","3","1","2","6","7","1","2","1","0","0","0","0","1.5","","","","","","","0","1.5","0","","","","0","0","0","0","0","0","1.5","0.5","","0","33.33333333","0","0","16.66666667","16.66666667","0","0","50","50"
"","","UGP2014NAM-OT03","","","","","","","","","UGP2014NAM-OT03-04437","","","","3","0","","","","","","0","0","0","0","0","0","","","","","","","0","0","0","","","","","0","","0","","0","","0","","","0","0","0","0","0","","","",""
"","","UGP2014NAM-OT03","","","","","","","","","UGP2014NAM-OT03-04438","","","","3","3","2","2","8","2","3","3","4","0","0.2","0","2","2","1","1","3","7","4.61","0.2","2.2","4","0.05","","0.05","1.333333333","1.333333333","1.333333333","1.333333333","0.066666667","0.066666667","0.666666667","0.666666667","100","9.090909091","100","2.222222222","2.222222222","22.22222222","24.44444444","2.222222222","2.222222222","22.22222222","24.44444444"
"","","UGP2014NAM-OT03","","","","","","","","","UGP2014NAM-OT03-04439","","","","3","3","2","2","8","2","5","3","0","0","0","0","11.2","","","","","","","0","11.2","0","","","","0","0","0","0","0","0","3.733333333","3.733333333","","0","100","0","0","124.4444444","124.4444444","0","0","124.4444444","124.4444444"
"","","UGP2014NAM-OT03","","","","","","","","","UGP2014NAM-OT03-04440","","","","3","2","1","2","7","1","3","2","0","0","0","0","4","","","","","","","0","4","0","","","","0","0","0","0","0","0","2","1.333333333","","0","66.66666667","0","0","44.44444444","44.44444444","0","0","66.66666667","66.66666667"
"","","UGP2014NAM-OT03","","","","","","","","","UGP2014NAM-OT03-04441","","","","3","3","2","2","9","1","2","3","0","0","0","0","13","","","","","","","0","13","0","","","","0","0","0","0","0","0","4.333333333","4.333333333","","0","100","0","0","144.4444444","144.4444444","0","0","144.4444444","144.4444444"
"","","UGP2014NAM-OT03","","","","","","","","","UGP2014NAM-OT03-04442","","","","3","2","2","4","6","1","2","2","0","0","0","0","0.2","","","","","","","0","0.2","0","","","","0","0","0","0","0","0","0.1","0.066666667","","0","66.66666667","0","0","2.222222222","2.222222222","0","0","3.333333333","3.333333333"
"","","UGP2014NAM-OT03","","","","","","","","","UGP2014NAM-OT03-04443","","","","3","2","1","2","7","1","2","2","3","0","0.2","0","1.5","8","1","1","2","5","0","0.2","1.7","3","0.066666667","","0.066666667","1.5","1","1.5","1","0.1","0.066666667","0.75","0.5","100","11.76470588","66.66666667","2.222222222","2.222222222","16.66666667","18.88888889","3.333333333","3.333333333","25","28.33333333"
"","","UGP2014NAM-OT03","","","","","","","","","UGP2014NAM-OT03-04444","","","","3","0","","","","","","0","0","0","0","0","0","","","","","","","0","0","0","","","","","0","","0","","0","","0","","","0","0","0","0","0","","","",""
"","","UGP2014NAM-OT03","","","","","","","","","UGP2014NAM-OT03-04445","","","","3","2","1","2","8","1","2","2","0","0","0","0","8.3","","","","","","","0","8.3","0","","","","0","0","0","0","0","0","4.15","2.766666667","","0","66.66666667","0","0","92.22222222","92.22222222","0","0","138.3333333","138.3333333"
"","","UGP2014NAM-OT03","","","","","","","","","UGP2014NAM-OT03-04446","","","","3","0","","","","","","0","0","0","0","0","0","","","","","","","0","0","0","","","","","0","","0","","0","","0","","","0","0","0","0","0","","","",""
"","","UGP2014NAM-OT03","","","","","","","","","UGP2014NAM-OT03-04447","","","","3","3","1","2","8","1","3","3","0","0","0","0","17","","","","","","","0","17","0","","","","0","0","0","0","0","0","5.666666667","5.666666667","","0","100","0","0","188.8888889","188.8888889","0","0","188.8888889","188.8888889"
"","","UGP2014NAM-OT03","","","","","","","","","UGP2014NAM-OT03-04448","","","","3","3","1","2","7","1","2","3","0","0","0","0","4.8","","","","","","","0","4.8","0","","","","0","0","0","0","0","0","1.6","1.6","","0","100","0","0","53.33333333","53.33333333","0","0","53.33333333","53.33333333"
"","","UGP2014NAM-OT03","","","","","","","","","UGP2014NAM-OT03-04449","","","","3","3","2","2","7","1","2","3","3","0","0.4","0","5","8","1","1","4","3","3.96","0.4","5.4","3","0.133333333","","0.133333333","1","1","1","1","0.133333333","0.133333333","1.666666667","1.666666667","100","7.407407407","100","4.444444444","4.444444444","55.55555556","60","4.444444444","4.444444444","55.55555556","60"
"","","UGP2014NAM-OT03","","","","","","","","","UGP2014NAM-OT03-04450","","","","3","3","2","4","7","1","3","3","7","4","2.5","0.08","1.8","9","2","3","4","3","0.12","2.58","4.38","11","0.357142857","0.02","0.234545455","3.666666667","3.666666667","2.333333333","2.333333333","0.86","0.86","0.6","0.6","63.63636364","58.90410959","100","27.77777778","28.66666667","20","48.66666667","27.77777778","28.66666667","20","48.66666667"
"","","UGP2014NAM-OT03","","","","","","","","","UGP2014NAM-OT03-04451","","","","3","3","2","2","9","1","2","2","7","0","3","0","8","8","2","3","1","1","0.12","3","11","7","0.428571429","","0.428571429","3.5","2.333333333","3.5","2.333333333","1.5","1","4","2.666666667","100","27.27272727","66.66666667","33.33333333","33.33333333","88.88888889","122.2222222","50","50","133.3333333","183.3333333"
"","","UGP2014NAM-OT03","","","","","","","","","UGP2014NAM-OT03-04452","","","","3","2","1","4","7","2","3","2","2","0","0.1","0","1.5","6","1","1","4","7","11.03","0.1","1.6","2","0.05","","0.05","1","0.666666667","1","0.666666667","0.05","0.033333333","0.75","0.5","100","6.25","66.66666667","1.111111111","1.111111111","16.66666667","17.77777778","1.666666667","1.666666667","25","26.66666667"
"","","UGP2014NAM-OT03","","","","","","","","","UGP2014NAM-OT03-04453","","","","3","3","1","3","7","3","6","3","1","0","0.12","0","4.3","2","1","1","7","7","0.12","0.12","4.42","1","0.12","","0.12","0.333333333","0.333333333","0.333333333","0.333333333","0.04","0.04","1.433333333","1.433333333","100","2.714932127","100","1.333333333","1.333333333","47.77777778","49.11111111","1.333333333","1.333333333","47.77777778","49.11111111"
"","","UGP2014NAM-OT03","","","","","","","","","UGP2014NAM-OT03-04454","","","","3","3","1","3","8","2","4","3","0","0","0","0","7","","","","","","","0","7","0","","","","0","0","0","0","0","0","2.333333333","2.333333333","","0","100","0","0","77.77777778","77.77777778","0","0","77.77777778","77.77777778"
"","","UGP2014NAM-OT03","","","","","","","","","UGP2014NAM-OT03-04455","","","","3","3","1","2","6","1","3","3","5","0","1.5","0","1","8","1","1","5","1","3.96","1.5","2.5","5","0.3","","0.3","1.666666667","1.666666667","1.666666667","1.666666667","0.5","0.5","0.333333333","0.333333333","100","60","100","16.66666667","16.66666667","11.11111111","27.77777778","16.66666667","16.66666667","11.11111111","27.77777778"
"","","UGP2014NAM-OT03","","","","","","","","","UGP2014NAM-OT03-04456","","","","3","3","1","2","6","2","4","3","3","0","0.9","0","1","2","2","1","8","3","3.96","0.9","1.9","3","0.3","","0.3","1","1","1","1","0.3","0.3","0.333333333","0.333333333","100","47.36842105","100","10","10","11.11111111","21.11111111","10","10","11.11111111","21.11111111"
"","","UGP2014NAM-OT03","","","","","","","","","UGP2014NAM-OT03-04457","","","","3","0","","","","","","0","0","0","0","0","0","","","","","","","0","0","0","","","","","0","","0","","0","","0","","","0","0","0","0","0","","","",""
"","","UGP2014NAM-OT03","","","","","","","","","UGP2014NAM-OT03-04458","","","","3","3","1","2","8","1","3","3","2","0","0.18","0","4.5","2","1","1","4","7","0.12","0.18","4.68","2","0.09","","0.09","0.666666667","0.666666667","0.666666667","0.666666667","0.06","0.06","1.5","1.5","100","3.846153846","100","2","2","50","52","2","2","50","52"
"","","UGP2014NAM-OT03","","","","","","","","","UGP2014NAM-OT03-04459","","","","3","3","2","3","8","2","4","3","0","0","0","0","4","","","","","","","0","4","0","","","","0","0","0","0","0","0","1.333333333","1.333333333","","0","100","0","0","44.44444444","44.44444444","0","0","44.44444444","44.44444444"
"","","UGP2014NAM-OT03","","","","","","","","","UGP2014NAM-OT03-04460","","","","3","2","1","2","5","2","4","2","3","0","0.28","0","2.6","8","1","1","2","7","0.12","0.28","2.88","3","0.093333333","","0.093333333","1.5","1","1.5","1","0.14","0.093333333","1.3","0.866666667","100","9.722222222","66.66666667","3.111111111","3.111111111","28.88888889","32","4.666666667","4.666666667","43.33333333","48"
"","","UGP2014NAM-OT03","","","","","","","","","UGP2014NAM-OT03-04461","","","","3","2","1","2","8","1","3","2","0","0","0","0","6","","","","","","","0","6","0","","","","0","0","0","0","0","0","3","2","","0","66.66666667","0","0","66.66666667","66.66666667","0","0","100","100"
"","","UGP2014NAM-OT03","","","","","","","","","UGP2014NAM-OT03-04463","","","","3","2","1","2","9","1","2","2","0","0","0","0","10","","","","","","","0","10","0","","","","0","0","0","0","0","0","5","3.333333333","","0","66.66666667","0","0","111.1111111","111.1111111","0","0","166.6666667","166.6666667"
"","","UGP2014NAM-OT03","","","","","","","","","UGP2014NAM-OT03-04464","","","","3","2","1","2","7","2","4","2","0","0","0","0","4.3","","","","","","","0","4.3","0","","","","0","0","0","0","0","0","2.15","1.433333333","","0","66.66666667","0","0","47.77777778","47.77777778","0","0","71.66666667","71.66666667"
"","","UGP2014NAM-OT03","","","","","","","","","UGP2014NAM-OT03-04465","","","","3","2","1","3","7","1","3","2","0","0","0","0","15","","","","","","","0","15","0","","","","0","0","0","0","0","0","7.5","5","","0","66.66666667","0","0","166.6666667","166.6666667","0","0","250","250"
"","","UGP2014NAM-OT03","","","","","","","","","UGP2014NAM-OT03-04466","","","","3","3","1","4","","1","2","1","0","0","0","0","3.5","","","","","","","0","3.5","0","","","","0","0","0","0","0","0","3.5","1.166666667","","0","33.33333333","0","0","38.88888889","38.88888889","0","0","116.6666667","116.6666667"
"","","UGP2014NAM-OT03","","","","","","","","","UGP2014NAM-OT03-04467","","","","3","0","","","","","","0","0","0","0","0","0","","","","","","","0","0","0","","","","","0","","0","","0","","0","","","0","0","0","0","0","","","",""
"","","UGP2014NAM-OT03","","","","","","","","","UGP2014NAM-OT03-04468","","","","3","0","","","","","","0","0","0","0","0","0","","","","","","","0","0","0","","","","","0","","0","","0","","0","","","0","0","0","0","0","","","",""
"","","UGP2014NAM-OT03","","","","","","","","","UGP2014NAM-OT03-04469","","","","3","2","","2","6","2","4","2","0","0","0","0","3","","","","","","","0","3","0","","","","0","0","0","0","0","0","1.5","1","","0","66.66666667","0","0","33.33333333","33.33333333","0","0","50","50"
"","","UGP2014NAM-OT03","","","","","","","","","UGP2014NAM-OT03-04470","","","","3","2","1","2","5","1","3","2","0","0","0","0","0.8","","","","","","","0","0.8","0","","","","0","0","0","0","0","0","0.4","0.266666667","","0","66.66666667","0","0","8.888888889","8.888888889","0","0","13.33333333","13.33333333"
"","","UGP2014NAM-OT03","","","","","","","","","UGP2014NAM-OT03-04471","","","","3","2","1","2","6","1","2","2","2","0","0.14","0","1.5","2","1","1","3","7","0","0.14","1.64","2","0.07","","0.07","1","0.666666667","1","0.666666667","0.07","0.046666667","0.75","0.5","100","8.536585366","66.66666667","1.555555556","1.555555556","16.66666667","18.22222222","2.333333333","2.333333333","25","27.33333333"
"","","UGP2014NAM-OT03","","","","","","","","","UGP2014NAM-OT03-04472","","","","3","3","1","3","8","1","2","3","0","0","0","0","8","","","","","","","0","8","0","","","","0","0","0","0","0","0","2.666666667","2.666666667","","0","100","0","0","88.88888889","88.88888889","0","0","88.88888889","88.88888889"
"","","UGP2014NAM-OT03","","","","","","","","","UGP2014NAM-OT03-04473","","","","3","0","","","","","","0","0","0","0","0","0","","","","","","","0","0","0","","","","","0","","0","","0","","0","","","0","0","0","0","0","","","",""
"","","UGP2014NAM-OT03","","","","","","","","","UGP2014NAM-OT03-04474","","","","3","3","2","2","8","1","2","3","10","0","2.5","0","0.5","2","1","1","4","1","3.96","2.5","3","10","0.25","","0.25","3.333333333","3.333333333","3.333333333","3.333333333","0.833333333","0.833333333","0.166666667","0.166666667","100","83.33333333","100","27.77777778","27.77777778","5.555555556","33.33333333","27.77777778","27.77777778","5.555555556","33.33333333"
"","","UGP2014NAM-OT03","","","","","","","","","UGP2014NAM-OT03-04475","","","","3","2","2","3","8","1","2","2","7","1","1","0.04","4","8","1","1","4","3","3.96","1.04","5.04","8","0.142857143","0.04","0.13","4","2.666666667","3.5","2.333333333","0.52","0.346666667","2","1.333333333","87.5","20.63492063","66.66666667","11.11111111","11.55555556","44.44444444","56","16.66666667","17.33333333","66.66666667","84"
"","","UGP2014NAM-OT03","","","","","","","","","UGP2014NAM-OT03-04476","","","","3","2","1","3","8","1","3","2","3","2","0.18","0.05","4.5","6","1","1","2","7","11.03","0.23","4.73","5","0.06","0.025","0.046","2.5","1.666666667","1.5","1","0.115","0.076666667","2.25","1.5","60","4.862579281","66.66666667","2","2.555555556","50","52.55555556","3","3.833333333","75","78.83333333"
"","","UGP2014NAM-OT03","","","","","","","","","UGP2014NAM-OT03-04477","","","","3","2","1","2","6","1","3","2","0","0","0","0","4.2","","","","","","","0","4.2","0","","","","0","0","0","0","0","0","2.1","1.4","","0","66.66666667","0","0","46.66666667","46.66666667","0","0","70","70"
"","","UGP2014NAM-OT03","","","","","","","","","UGP2014NAM-OT03-04478","","","","3","1","3","4","7","2","3","1","4","0","0.24","0","6.5","2","1","1","8","7","0.12","0.24","6.74","4","0.06","","0.06","4","1.333333333","4","1.333333333","0.24","0.08","6.5","2.166666667","100","3.560830861","33.33333333","2.666666667","2.666666667","72.22222222","74.88888889","8","8","216.6666667","224.6666667"
"","","UGP2014NAM-OT03","","","","","","","","","UGP2014NAM-OT03-04479","","","","3","3","4","6","9","1","3","3","2","0","0.4","0","4","8","1","1","5","5","0","0.4","4.4","2","0.2","","0.2","0.666666667","0.666666667","0.666666667","0.666666667","0.133333333","0.133333333","1.333333333","1.333333333","100","9.090909091","100","4.444444444","4.444444444","44.44444444","48.88888889","4.444444444","4.444444444","44.44444444","48.88888889"
"","","UGP2014NAM-OT03","","","","","","","","","UGP2014NAM-OT03-04480","","","","3","2","1","2","8","1","3","2","2","0","0.38","0","4.8","8","1","1","3","3","","0.38","5.18","2","0.19","","0.19","1","0.666666667","1","0.666666667","0.19","0.126666667","2.4","1.6","100","7.335907336","66.66666667","4.222222222","4.222222222","53.33333333","57.55555556","6.333333333","6.333333333","80","86.33333333"
"","","UGP2014NAM-OT03","","","","","","","","","UGP2014NAM-OT03-04481","","","","3","3","3","4","5","2","3","2","0","0","0","0","8","","","","","","","0","8","0","","","","0","0","0","0","0","0","4","2.666666667","","0","66.66666667","0","0","88.88888889","88.88888889","0","0","133.3333333","133.3333333"
"","","UGP2014NAM-OT03","","","","","","","","","UGP2014NAM-OT03-04482","","","","3","2","1","2","6","2","4","2","0","0","0","0","3","","","","","","","0","3","0","","","","0","0","0","0","0","0","1.5","1","","0","66.66666667","0","0","33.33333333","33.33333333","0","0","50","50"
"","","UGP2014NAM-OT03","","","","","","","","","UGP2014NAM-OT03-04483","","","","3","3","2","2","9","1","2","2","0","0","0","0","6.5","","","","","","","0","6.5","0","","","","0","0","0","0","0","0","3.25","2.166666667","","0","66.66666667","0","0","72.22222222","72.22222222","0","0","108.3333333","108.3333333"
"","","UGP2014NAM-OT03","","","","","","","","","UGP2014NAM-OT03-04484","","","","3","0","","","","","","0","0","0","0","0","0","","","","","","","0","0","0","","","","","0","","0","","0","","0","","","0","0","0","0","0","","","",""
"","","UGP2014NAM-OT03","","","","","","","","","UGP2014NAM-OT03-04485","","","","3","2","1","2","8","1","2","2","0","0","0","0","2.5","","","","","","","0","2.5","0","","","","0","0","0","0","0","0","1.25","0.833333333","","0","66.66666667","0","0","27.77777778","27.77777778","0","0","41.66666667","41.66666667"
"","","UGP2014NAM-OT03","","","","","","","","","UGP2014NAM-OT03-04486","","","","3","2","1","3","7","1","3","2","7","0","0.7","0","1.5","8","1","1","5","3","","0.7","2.2","7","0.1","","0.1","3.5","2.333333333","3.5","2.333333333","0.35","0.233333333","0.75","0.5","100","31.81818182","66.66666667","7.777777778","7.777777778","16.66666667","24.44444444","11.66666667","11.66666667","25","36.66666667"
"","","UGP2014NAM-OT03","","","","","","","","","UGP2014NAM-OT03-04487","","","","3","2","3","6","7","1","2","2","5","5","0.2","0.05","2","6","1","1","4","7","","0.25","2.25","10","0.04","0.01","0.025","5","3.333333333","2.5","1.666666667","0.125","0.083333333","1","0.666666667","50","11.11111111","66.66666667","2.222222222","2.777777778","22.22222222","25","3.333333333","4.166666667","33.33333333","37.5"
"","","UGP2014NAM-OT03","","","","","","","","","UGP2014NAM-OT03-04488","","","","3","0","","","","","","0","0","0","0","0","0","","","","","","","0","0","0","","","","","0","","0","","0","","0","","","0","0","0","0","0","","","",""
"","","UGP2014NAM-OT03","","","","","","","","","UGP2014NAM-OT03-04489","","","","3","3","2","4","9","1","3","3","2","0","0.6","0","9.2","8","1","1","3","1","0.12","0.6","9.8","2","0.3","","0.3","0.666666667","0.666666667","0.666666667","0.666666667","0.2","0.2","3.066666667","3.066666667","100","6.12244898","100","6.666666667","6.666666667","102.2222222","108.8888889","6.666666667","6.666666667","102.2222222","108.8888889"
"","","UGP2014NAM-OT03","","","","","","","","","UGP2014NAM-OT03-04490","","","","3","1","1","2","6","1","2","1","4","2","0.38","0.04","1","8","1","1","4","5","","0.42","1.42","6","0.095","0.02","0.07","6","2","4","1.333333333","0.42","0.14","1","0.333333333","66.66666667","29.57746479","33.33333333","4.222222222","4.666666667","11.11111111","15.77777778","12.66666667","14","33.33333333","47.33333333"
"","","UGP2014NAM-OT03","","","","","","","","","UGP2014NAM-OT03-04491","","","","3","2","1","2","6","1","2","2","8","5","1.5","0.1","0.3","2","1","1","8","1","","1.6","1.9","13","0.1875","0.02","0.123076923","6.5","4.333333333","4","2.666666667","0.8","0.533333333","0.15","0.1","61.53846154","84.21052632","66.66666667","16.66666667","17.77777778","3.333333333","21.11111111","25","26.66666667","5","31.66666667"
"","","UGP2014NAM-OT03","","","","","","","","","UGP2014NAM-OT03-04492","","","","3","3","1","2","9","1","2","3","9","1","2.8","0.04","13","8","1","1","6","3","","2.84","15.84","10","0.311111111","0.04","0.284","3.333333333","3.333333333","3","3","0.946666667","0.946666667","4.333333333","4.333333333","90","17.92929293","100","31.11111111","31.55555556","144.4444444","176","31.11111111","31.55555556","144.4444444","176"
"","","UGP2014NAM-OT03","","","","","","","","","UGP2014NAM-OT03-04493","","","","3","2","1","2","7","1","2","2","4","0","0.6","0","11","2","1","1","4","3","0.12","0.6","11.6","4","0.15","","0.15","2","1.333333333","2","1.333333333","0.3","0.2","5.5","3.666666667","100","5.172413793","66.66666667","6.666666667","6.666666667","122.2222222","128.8888889","10","10","183.3333333","193.3333333"
"","","UGP2014NAM-OT03","","","","","","","","","UGP2014NAM-OT03-04494","","","","3","0","","","","","","0","0","0","0","0","0","","","","","","","0","0","0","","","","","0","","0","","0","","0","","","0","0","0","0","0","","","",""
"","","UGP2014NAM-OT03","","","","","","","","","UGP2014NAM-OT03-04495","","","","3","2","2","2","9","1","2","2","7","4","0.4","0.03","8","3","1","1","3","7","0.12","0.43","8.43","11","0.057142857","0.0075","0.039090909","5.5","3.666666667","3.5","2.333333333","0.215","0.143333333","4","2.666666667","63.63636364","5.100830368","66.66666667","4.444444444","4.777777778","88.88888889","93.66666667","6.666666667","7.166666667","133.3333333","140.5"
"","","UGP2014NAM-OT03","","","","","","","","","UGP2014NAM-OT03-04496","","","","3","3","2","2","8","2","3","2","0","0","0","0","2","","","","","","","0","2","0","","","","0","0","0","0","0","0","1","0.666666667","","0","66.66666667","0","0","22.22222222","22.22222222","0","0","33.33333333","33.33333333"
"","","UGP2014NAM-OT03","","","","","","","","","UGP2014NAM-OT03-04497","","","","3","0","","","","","","0","0","0","0","0","0","","","","","","","0","0","0","","","","","0","","0","","0","","0","","","0","0","0","0","0","","","",""
"","","UGP2014NAM-OT03","","","","","","","","","UGP2014NAM-OT03-04498","","","","3","2","2","4","5","1","3","2","0","0","0","0","3","","","","","","","0","3","0","","","","0","0","0","0","0","0","1.5","1","","0","66.66666667","0","0","33.33333333","33.33333333","0","0","50","50"
"","","UGP2014NAM-OT03","","","","","","","","","UGP2014NAM-OT03-04499","","","","3","3","1","3","8","1","2","3","0","0","0","0","2.3","","","","","","","0","2.3","0","","","","0","0","0","0","0","0","0.766666667","0.766666667","","0","100","0","0","25.55555556","25.55555556","0","0","25.55555556","25.55555556"
"","","UGP2014NAM-OT03","","","","","","","","","UGP2014NAM-OT03-04500","","","","3","3","2","2","7","2","4","3","0","0","0","0","8.5","","","","","","","0","8.5","0","","","","0","0","0","0","0","0","2.833333333","2.833333333","","0","100","0","0","94.44444444","94.44444444","0","0","94.44444444","94.44444444"
"","","UGP2014NAM-OT03","","","","","","","","","UGP2014NAM-OT03-04501","","","","3","3","1","2","6","1","3","3","3","0","0.3","0","0.14","2","1","1","5","5","","0.3","0.44","3","0.1","","0.1","1","1","1","1","0.1","0.1","0.046666667","0.046666667","100","68.18181818","100","3.333333333","3.333333333","1.555555556","4.888888889","3.333333333","3.333333333","1.555555556","4.888888889"
"","","UGP2014NAM-OT03","","","","","","","","","UGP2014NAM-OT03-04502","","","","3","2","1","2","7","1","3","2","2","0","1.3","0","1","2","1","1","2","3","0.12","1.3","2.3","2","0.65","","0.65","1","0.666666667","1","0.666666667","0.65","0.433333333","0.5","0.333333333","100","56.52173913","66.66666667","14.44444444","14.44444444","11.11111111","25.55555556","21.66666667","21.66666667","16.66666667","38.33333333"
"","","UGP2014NAM-OT03","","","","","","","","","UGP2014NAM-OT03-04503","","","","3","2","1","2","8","1","2","2","0","0","0","0","3","","","","","","","0","3","0","","","","0","0","0","0","0","0","1.5","1","","0","66.66666667","0","0","33.33333333","33.33333333","0","0","50","50"
"","","UGP2014NAM-OT03","","","","","","","","","UGP2014NAM-OT03-04504","","","","3","2","1","2","9","1","2","2","0","0","0","0","5","","","","","","","0","5","0","","","","0","0","0","0","0","0","2.5","1.666666667","","0","66.66666667","0","0","55.55555556","55.55555556","0","0","83.33333333","83.33333333"
"","","UGP2014NAM-OT03","","","","","","","","","UGP2014NAM-OT03-04505","","","","3","2","1","2","8","2","3","2","0","0","0","0","3","","","","","","","0","3","0","","","","0","0","0","0","0","0","1.5","1","","0","66.66666667","0","0","33.33333333","33.33333333","0","0","50","50"
"","","UGP2014NAM-OT03","","","","","","","","","UGP2014NAM-OT03-04506","","","","3","3","1","2","9","1","2","3","0","0","0","0","4.3","","","","","","","0","4.3","0","","","","0","0","0","0","0","0","1.433333333","1.433333333","","0","100","0","0","47.77777778","47.77777778","0","0","47.77777778","47.77777778"
"","","UGP2014NAM-OT03","","","","","","","","","UGP2014NAM-OT03-04507","","","","3","3","1","3","9","1","2","3","0","0","0","0","6.5","","","","","","","0","6.5","0","","","","0","0","0","0","0","0","2.166666667","2.166666667","","0","100","0","0","72.22222222","72.22222222","0","0","72.22222222","72.22222222"
"","","UGP2014NAM-OT03","","","","","","","","","UGP2014NAM-OT03-04508","","","","3","1","1","6","5","1","2","1","0","0","0","0","0.08","","","","","","","0","0.08","0","","","","0","0","0","0","0","0","0.08","0.026666667","","0","33.33333333","0","0","0.888888889","0.888888889","0","0","2.666666667","2.666666667"
"","","UGP2014NAM-OT03","","","","","","","","","UGP2014NAM-OT03-04509","","","","3","2","2","4","9","1","2","2","0","0","0","0","7","","","","","","","0","7","0","","","","0","0","0","0","0","0","3.5","2.333333333","","0","66.66666667","0","0","77.77777778","77.77777778","0","0","116.6666667","116.6666667"
"","","UGP2014NAM-OT03","","","","","","","","","UGP2014NAM-OT03-04510","","","","3","0","","","","","","0","0","0","0","0","0","","","","","","","0","0","0","","","","","0","","0","","0","","0","","","0","0","0","0","0","","","",""
"","","UGP2014NAM-OT03","","","","","","","","","UGP2014NAM-OT03-04511","","","","3","3","1","3","7","1","2","3","0","0","0","0","8","","","","","","","0","8","0","","","","0","0","0","0","0","0","2.666666667","2.666666667","","0","100","0","0","88.88888889","88.88888889","0","0","88.88888889","88.88888889"
"","","UGP2014NAM-OT03","","","","","","","","","UGP2014NAM-OT03-04512","","","","3","3","1","2","7","2","3","2","7","3","0.88","0.08","4.3","8","2","1","3","3","","0.96","5.26","10","0.125714286","0.026666667","0.096","5","3.333333333","3.5","2.333333333","0.48","0.32","2.15","1.433333333","70","18.25095057","66.66666667","9.777777778","10.66666667","47.77777778","58.44444444","14.66666667","16","71.66666667","87.66666667"
"","","UGP2014NAM-OT03","","","","","","","","","UGP2014NAM-OT03-04513","","","","3","2","2","2","9","1","2","2","0","0","0","0","4.6","","","","","","","0","4.6","0","","","","0","0","0","0","0","0","2.3","1.533333333","","0","66.66666667","0","0","51.11111111","51.11111111","0","0","76.66666667","76.66666667"
"","","UGP2014NAM-OT03","","","","","","","","","UGP2014NAM-OT03-04514","","","","3","0","","","","","","0","0","0","0","0","0","","","","","","","0","0","0","","","","","0","","0","","0","","0","","","0","0","0","0","0","","","",""
"","","UGP2014NAM-OT03","","","","","","","","","UGP2014NAM-OT03-04515","","","","3","2","1","3","6","1","3","2","0","0","0","0","3.5","","","","","","","0","3.5","0","","","","0","0","0","0","0","0","1.75","1.166666667","","0","66.66666667","0","0","38.88888889","38.88888889","0","0","58.33333333","58.33333333"
"","","UGP2014NAM-OT03","","","","","","","","","UGP2014NAM-OT03-04516","","","","3","3","1","6","8","1","3","3","8","0","3.2","0","2.8","8","4","4","3","1","7.76","3.2","6","8","0.4","","0.4","2.666666667","2.666666667","2.666666667","2.666666667","1.066666667","1.066666667","0.933333333","0.933333333","100","53.33333333","100","35.55555556","35.55555556","31.11111111","66.66666667","35.55555556","35.55555556","31.11111111","66.66666667"
"","","UGP2014NAM-OT03","","","","","","","","","UGP2014NAM-OT03-04517","","","","3","2","1","2","7","1","3","2","2","0","0.3","0","0.28","2","1","1","4","3","","0.3","0.58","2","0.15","","0.15","1","0.666666667","1","0.666666667","0.15","0.1","0.14","0.093333333","100","51.72413793","66.66666667","3.333333333","3.333333333","3.111111111","6.444444444","5","5","4.666666667","9.666666667"
"","","UGP2014NAM-OT03","","","","","","","","","UGP2014NAM-OT03-04518","","","","3","0","","","","","","0","0","0","0","0","0","","","","","","","0","0","0","","","","","0","","0","","0","","0","","","0","0","0","0","0","","","",""
"","","UGP2014NAM-OT03","","","","","","","","","UGP2014NAM-OT03-04519","","","","3","2","1","6","8","2","3","2","0","0","0","0","2","","","","","","","0","2","0","","","","0","0","0","0","0","0","1","0.666666667","","0","66.66666667","0","0","22.22222222","22.22222222","0","0","33.33333333","33.33333333"
"","","UGP2014NAM-OT03","","","","","","","","","UGP2014NAM-OT03-04520","","","","3","3","2","3","7","2","4","3","4","0","0.7","0","2.5","8","1","1","2","3","","0.7","3.2","4","0.175","","0.175","1.333333333","1.333333333","1.333333333","1.333333333","0.233333333","0.233333333","0.833333333","0.833333333","100","21.875","100","7.777777778","7.777777778","27.77777778","35.55555556","7.777777778","7.777777778","27.77777778","35.55555556"
"","","UGP2014NAM-OT03","","","","","","","","","UGP2014NAM-OT03-04521","","","","3","2","2","3","6","1","3","2","0","0","0","0","0.16","","","","","","","0","0.16","0","","","","0","0","0","0","0","0","0.08","0.053333333","","0","66.66666667","0","0","1.777777778","1.777777778","0","0","2.666666667","2.666666667"
"","","UGP2014NAM-OT03","","","","","","","","","UGP2014NAM-OT03-04522","","","","3","0","","","","","","0","0","0","0","0","0","","","","","","","0","0","0","","","","","0","","0","","0","","0","","","0","0","0","0","0","","","",""
"","","UGP2014NAM-OT03","","","","","","","","","UGP2014NAM-OT03-04523","","","","3","3","1","4","5","1","3","2","0","0","0","0","1.5","","","","","","","0","1.5","0","","","","0","0","0","0","0","0","0.75","0.5","","0","66.66666667","0","0","16.66666667","16.66666667","0","0","25","25"
"","","UGP2014NAM-OT03","","","","","","","","","UGP2014NAM-OT03-04524","","","","3","3","1","2","7","1","3","3","7","6","1","0.04","2.6","8","1","1","5","3","3.96","1.04","3.64","13","0.142857143","0.006666667","0.08","4.333333333","4.333333333","2.333333333","2.333333333","0.346666667","0.346666667","0.866666667","0.866666667","53.84615385","28.57142857","100","11.11111111","11.55555556","28.88888889","40.44444444","11.11111111","11.55555556","28.88888889","40.44444444"
"","","UGP2014NAM-OT03","","","","","","","","","UGP2014NAM-OT03-04525","","","","3","2","1","2","8","1","3","2","0","0","0","0","6.5","","","","","","","0","6.5","0","","","","0","0","0","0","0","0","3.25","2.166666667","","0","66.66666667","0","0","72.22222222","72.22222222","0","0","108.3333333","108.3333333"
"","","UGP2014NAM-OT03","","","","","","","","","UGP2014NAM-OT03-04526","","","","3","0","","","","","","0","0","0","0","0","0","","","","","","","0","0","0","","","","","0","","0","","0","","0","","","0","0","0","0","0","","","",""
"","","UGP2014NAM-OT03","","","","","","","","","UGP2014NAM-OT03-04527","","","","3","2","1","2","8","2","4","2","0","0","0","0","5","","","","","","","0","5","0","","","","0","0","0","0","0","0","2.5","1.666666667","","0","66.66666667","0","0","55.55555556","55.55555556","0","0","83.33333333","83.33333333"
"","","UGP2014NAM-OT03","","","","","","","","","UGP2014NAM-OT03-04528","","","","3","3","1","3","9","1","2","3","3","1","0.7","0.04","7.5","8","1","1","5","3","0.12","0.74","8.24","4","0.233333333","0.04","0.185","1.333333333","1.333333333","1","1","0.246666667","0.246666667","2.5","2.5","75","8.980582524","100","7.777777778","8.222222222","83.33333333","91.55555556","7.777777778","8.222222222","83.33333333","91.55555556"
"","","UGP2014NAM-OT03","","","","","","","","","UGP2014NAM-OT03-04529","","","","3","1","2","6","7","1","3","1","3","1","0.3","0.04","2.7","8","1","1","5","7","4.41","0.34","3.04","4","0.1","0.04","0.085","4","1.333333333","3","1","0.34","0.113333333","2.7","0.9","75","11.18421053","33.33333333","3.333333333","3.777777778","30","33.77777778","10","11.33333333","90","101.3333333"
"","","UGP2014NAM-OT03","","","","","","","","","UGP2014NAM-OT03-04530","","","","3","2","1","2","9","1","2","2","0","0","0","0","11.7","","","","","","","0","11.7","0","","","","0","0","0","0","0","0","5.85","3.9","","0","66.66666667","0","0","130","130","0","0","195","195"
"","","UGP2014NAM-OT03","","","","","","","","","UGP2014NAM-OT03-04531","","","","3","1","1","4","7","1","2","1","3","7","0.12","0.08","1.5","6","1","1","2","9","7.76","0.2","1.7","10","0.04","0.011428571","0.02","10","3.333333333","3","1","0.2","0.066666667","1.5","0.5","30","11.76470588","33.33333333","1.333333333","2.222222222","16.66666667","18.88888889","4","6.666666667","50","56.66666667"
"","","UGP2014NAM-OT03","","","","","","","","","UGP2014NAM-OT03-04532","","","","3","3","2","3","7","1","2","3","19","7","3.7","0.2","3.4","2","1","1","5","1","7.23","3.9","7.3","26","0.194736842","0.028571429","0.15","8.666666667","8.666666667","6.333333333","6.333333333","1.3","1.3","1.133333333","1.133333333","73.07692308","53.42465753","100","41.11111111","43.33333333","37.77777778","81.11111111","41.11111111","43.33333333","37.77777778","81.11111111"
"","","UGP2014NAM-OT03","","","","","","","","","UGP2014NAM-OT03-04533","","","","3","3","2","2","7","1","2","3","6","0","0.3","0","2.5","8","1","3","4","3","0.12","0.3","2.8","6","0.05","","0.05","2","2","2","2","0.1","0.1","0.833333333","0.833333333","100","10.71428571","100","3.333333333","3.333333333","27.77777778","31.11111111","3.333333333","3.333333333","27.77777778","31.11111111"
"","","UGP2014NAM-OT03","","","","","","","","","UGP2014NAM-OT03-04534","","","","3","2","2","2","7","1","2","2","4","0","","0","6","2","1","1","4","1","0.12","","","4","","","","2","1.333333333","2","1.333333333","","","3","2","100","","66.66666667","","","66.66666667","","","","100",""
"","","UGP2014NAM-OT03","","","","","","","","","UGP2014NAM-OT03-04535","","","","3","3","1","2","9","1","3","3","0","0","0","0","21","","","","","","","0","21","0","","","","0","0","0","0","0","0","7","7","","0","100","0","0","233.3333333","233.3333333","0","0","233.3333333","233.3333333"
"","","UGP2014NAM-OT03","","","","","","","","","UGP2014NAM-OT03-04536","","","","3","2","1","2","5","2","3","2","2","0","0.3","0","3","8","1","1","2","7","4.61","0.3","3.3","2","0.15","","0.15","1","0.666666667","1","0.666666667","0.15","0.1","1.5","1","100","9.090909091","66.66666667","3.333333333","3.333333333","33.33333333","36.66666667","5","5","50","55"
"","","UGP2014NAM-OT03","","","","","","","","","UGP2014NAM-OT03-04537","","","","3","3","1","2","6","2","4","3","0","0","0","0","11","","","","","","","0","11","0","","","","0","0","0","0","0","0","3.666666667","3.666666667","","0","100","0","0","122.2222222","122.2222222","0","0","122.2222222","122.2222222"
"","","UGP2014NAM-OT03","","","","","","","","","UGP2014NAM-OT03-04538","","","","3","0","","","","","","0","0","0","0","0","0","","","","","","","0","0","0","","","","","0","","0","","0","","0","","","0","0","0","0","0","","","",""
"","","UGP2014NAM-OT03","","","","","","","","","UGP2014NAM-OT03-04539","","","","3","3","2","3","9","1","2","3","9","1","4","0.04","13","6","","3","1","1","0.12","4.04","17.04","10","0.444444444","0.04","0.404","3.333333333","3.333333333","3","3","1.346666667","1.346666667","4.333333333","4.333333333","90","23.70892019","100","44.44444444","44.88888889","144.4444444","189.3333333","44.44444444","44.88888889","144.4444444","189.3333333"
"","","UGP2014NAM-OT03","","","","","","","","","UGP2014NAM-OT03-04540","","","","3","2","1","2","7","1","3","2","2","1","0.8","0.02","6","2","1","1","4","1","0.12","0.82","6.82","3","0.4","0.02","0.273333333","1.5","1","1","0.666666667","0.41","0.273333333","3","2","66.66666667","12.02346041","66.66666667","8.888888889","9.111111111","66.66666667","75.77777778","13.33333333","13.66666667","100","113.6666667"
"","","UGP2014NAM-OT03","","","","","","","","","UGP2014NAM-OT03-04541","","","","3","0","","","","","","0","0","0","0","0","0","","","","","","","0","0","0","","","","","0","","0","","0","","0","","","0","0","0","0","0","","","",""
"","","UGP2014NAM-OT03","","","","","","","","","UGP2014NAM-OT03-04542","","","","3","3","1","2","7","1","3","3","6","0","2.8","0","1","6","1","1","4","1","7.23","2.8","3.8","6","0.466666667","","0.466666667","2","2","2","2","0.933333333","0.933333333","0.333333333","0.333333333","100","73.68421053","100","31.11111111","31.11111111","11.11111111","42.22222222","31.11111111","31.11111111","11.11111111","42.22222222"
"","","UGP2014NAM-OT03","","","","","","","","","UGP2014NAM-OT03-04543","","","","3","3","1","2","9","2","4","3","7","6","4","0.12","5.4","8","1","1","4","1","","4.12","9.52","13","0.571428571","0.02","0.316923077","4.333333333","4.333333333","2.333333333","2.333333333","1.373333333","1.373333333","1.8","1.8","53.84615385","43.27731092","100","44.44444444","45.77777778","60","105.7777778","44.44444444","45.77777778","60","105.7777778"
"","","UGP2014NAM-OT03","","","","","","","","","UGP2014NAM-OT03-04544","","","","3","2","1","2","9","1","2","2","0","0","0","0","9","","","","","","","0","9","0","","","","0","0","0","0","0","0","4.5","3","","0","66.66666667","0","0","100","100","0","0","150","150"
"","","UGP2014NAM-OT03","","","","","","","","","UGP2014NAM-OT03-04545","","","","3","3","1","3","8","1","3","3","6","2","1.2","0.02","8","8","1","1","3","3","0","1.22","9.22","8","0.2","0.01","0.1525","2.666666667","2.666666667","2","2","0.406666667","0.406666667","2.666666667","2.666666667","75","13.23210412","100","13.33333333","13.55555556","88.88888889","102.4444444","13.33333333","13.55555556","88.88888889","102.4444444"
"","","UGP2014NAM-OT03","","","","","","","","","UGP2014NAM-OT03-04546","","","","3","3","2","4","6","1","3","3","0","0","0","0","2","","","","","","","0","2","0","","","","0","0","0","0","0","0","0.666666667","0.666666667","","0","100","0","0","22.22222222","22.22222222","0","0","22.22222222","22.22222222"
"","","UGP2014NAM-OT03","","","","","","","","","UGP2014NAM-OT03-04547","","","","3","2","2","3","8","1","2","2","2","1","0.44","0.04","6","2","1","1","3","3","","0.48","6.48","3","0.22","0.04","0.16","1.5","1","1","0.666666667","0.24","0.16","3","2","66.66666667","7.407407407","66.66666667","4.888888889","5.333333333","66.66666667","72","7.333333333","8","100","108"
"","","UGP2014NAM-OT03","","","","","","","","","UGP2014NAM-OT03-04548","","","","3","3","1","2","9","2","4","3","0","0","0","0","11","","","","","","","0","11","0","","","","0","0","0","0","0","0","3.666666667","3.666666667","","0","100","0","0","122.2222222","122.2222222","0","0","122.2222222","122.2222222"
"","","UGP2014NAM-OT03","","","","","","","","","UGP2014NAM-OT03-04549","","","","3","3","1","2","8","1","2","3","6","1","2.2","0.01","4.5","8","1","1","5","3","","2.21","6.71","7","0.366666667","0.01","0.315714286","2.333333333","2.333333333","2","2","0.736666667","0.736666667","1.5","1.5","85.71428571","32.93591654","100","24.44444444","24.55555556","50","74.55555556","24.44444444","24.55555556","50","74.55555556"
"","","UGP2014NAM-OT03","","","","","","","","","UGP2014NAM-OT03-04550","","","","3","0","","","","","","0","0","0","0","0","0","","","","","","","0","0","0","","","","","0","","0","","0","","0","","","0","0","0","0","0","","","",""
"","","UGP2014NAM-OT03","","","","","","","","","UGP2014NAM-OT03-04551","","","","3","0","","","","","","0","0","0","0","0","0","","","","","","","0","0","0","","","","","0","","0","","0","","0","","","0","0","0","0","0","","","",""
"","","UGP2014NAM-OT03","","","","","","","","","UGP2014NAM-OT03-04552","","","","3","3","1","2","8","2","3","3","9","2","3.7","0.04","5.6","8","2","1","6","1","","3.74","9.34","11","0.411111111","0.02","0.34","3.666666667","3.666666667","3","3","1.246666667","1.246666667","1.866666667","1.866666667","81.81818182","40.04282655","100","41.11111111","41.55555556","62.22222222","103.7777778","41.11111111","41.55555556","62.22222222","103.7777778"
"","","UGP2014NAM-OT03","","","","","","","","","UGP2014NAM-OT03-04553","","","","3","3","2","3","9","1","3","3","2","0","0.2","0","9.2","2","1","1","6","5","0.12","0.2","9.4","2","0.1","","0.1","0.666666667","0.666666667","0.666666667","0.666666667","0.066666667","0.066666667","3.066666667","3.066666667","100","2.127659574","100","2.222222222","2.222222222","102.2222222","104.4444444","2.222222222","2.222222222","102.2222222","104.4444444"
"","","UGP2014NAM-OT03","","","","","","","","","UGP2014NAM-OT03-04554","","","","3","2","3","6","7","1","3","2","0","0","0","0","3","","","","","","","0","3","0","","","","0","0","0","0","0","0","1.5","1","","0","66.66666667","0","0","33.33333333","33.33333333","0","0","50","50"
"","","UGP2014NAM-OT03","","","","","","","","","UGP2014NAM-OT03-04556","","","","3","2","1","2","9","1","2","2","0","0","0","0","22","","","","","","","0","22","0","","","","0","0","0","0","0","0","11","7.333333333","","0","66.66666667","0","0","244.4444444","244.4444444","0","0","366.6666667","366.6666667"
"","","UGP2014NAM-OT03","","","","","","","","","UGP2014NAM-OT03-04557","","","","3","1","1","6","8","2","4","1","0","0","0","0","3.6","","","","","","","0","3.6","0","","","","0","0","0","0","0","0","3.6","1.2","","0","33.33333333","0","0","40","40","0","0","120","120"
"","","UGP2014NAM-OT03","","","","","","","","","UGP2014NAM-OT03-04558","","","","3","3","2","6","6","1","2","3","1","0","0.2","0","3.9","2","1","1","4","3","0.12","0.2","4.1","1","0.2","","0.2","0.333333333","0.333333333","0.333333333","0.333333333","0.066666667","0.066666667","1.3","1.3","100","4.87804878","100","2.222222222","2.222222222","43.33333333","45.55555556","2.222222222","2.222222222","43.33333333","45.55555556"
"","","UGP2014NAM-OT03","","","","","","","","","UGP2014NAM-OT03-04559","","","","3","3","1","2","8","3","6","3","0","0","0","0","6","","","","","","","0","6","0","","","","0","0","0","0","0","0","2","2","","0","100","0","0","66.66666667","66.66666667","0","0","66.66666667","66.66666667"
"","","UGP2014NAM-OT03","","","","","","","","","UGP2014NAM-OT03-04560","","","","3","0","","","","","","0","0","0","0","0","0","","","","","","","0","0","0","","","","","0","","0","","0","","0","","","0","0","0","0","0","","","",""
"","","UGP2014NAM-OT03","","","","","","","","","UGP2014NAM-OT03-04561","","","","3","3","3","6","8","2","4","3","0","0","0","0","6.5","","","","","","","0","6.5","0","","","","0","0","0","0","0","0","2.166666667","2.166666667","","0","100","0","0","72.22222222","72.22222222","0","0","72.22222222","72.22222222"
"","","UGP2014NAM-OT03","","","","","","","","","UGP2014NAM-OT03-04562","","","","3","0","","","","","","0","0","0","0","0","0","","","","","","","0","0","0","","","","","0","","0","","0","","0","","","0","0","0","0","0","","","",""
"","","UGP2014NAM-OT03","","","","","","","","","UGP2014NAM-OT03-04563","","","","3","3","1","3","9","1","3","3","4","0","0.7","0","23","8","1","1","5","1","0.12","0.7","23.7","4","0.175","","0.175","1.333333333","1.333333333","1.333333333","1.333333333","0.233333333","0.233333333","7.666666667","7.666666667","100","2.953586498","100","7.777777778","7.777777778","255.5555556","263.3333333","7.777777778","7.777777778","255.5555556","263.3333333"
"","","UGP2014NAM-OT03","","","","","","","","","UGP2014NAM-OT03-04564","","","","3","","1","3","6","1","2","1","1","5","0.12","0.12","3","2","1","1","9","7","3.03","0.24","3.24","6","0.12","0.024","0.04","6","2","1","0.333333333","0.24","0.08","3","1","16.66666667","7.407407407","33.33333333","1.333333333","2.666666667","33.33333333","36","4","8","100","108"
"","","UGP2014NAM-OT03","","","","","","","","","UGP2014NAM-OT03-04565","","","","3","0","","","","","","0","0","0","0","0","0","","","","","","","0","0","0","","","","","0","","0","","0","","0","","","0","0","0","0","0","","","",""
"","","UGP2014NAM-OT03","","","","","","","","","UGP2014NAM-OT03-04566","","","","3","0","","","","","","0","0","0","0","0","0","","","","","","","0","0","0","","","","","0","","0","","0","","0","","","0","0","0","0","0","","","",""
"","","UGP2014NAM-OT03","","","","","","","","","UGP2014NAM-OT03-04567","","","","3","0","","","","","","0","0","0","0","0","0","","","","","","","0","0","0","","","","","0","","0","","0","","0","","","0","0","0","0","0","","","",""
"","","UGP2014NAM-OT03","","","","","","","","","UGP2014NAM-OT03-04569","","","","3","0","","","","","","0","0","0","0","0","0","","","","","","","0","0","0","","","","","0","","0","","0","","0","","","0","0","0","0","0","","","",""
"","","UGP2014NAM-OT03","","","","","","","","","UGP2014NAM-OT03-04570","","","","3","0","","","","","","0","0","0","0","0","0","","","","","","","0","0","0","","","","","0","","0","","0","","0","","","0","0","0","0","0","","","",""
